100

    58 73 99 46 25 20 42 7 6 86 88 76 72 19 36 98 78 17 93 67 37 81 22 1 57 60 27 14 100 80 3 71 35 40 23 87 65 97 79 15 33 85 64 51 21 30 82 45 75 92 32 47 52 39 11 29 5 2 61 84 31 94 91 63 18 9 50 53 48 83 96 59 77 38 13 74 49 95 16 55 90 10 43 41 54 26 4 28 12 34 66 68 70 89 44 69 56 8 62 24
    13 7 62 32 30 77 51 71 60 82 85 92 88 72 94 42 66 43 78 5 93 9 56 84 61 70 6 52 16 17 46 49 69 40 29 91 20 100 73 89 54 35 23 21 59 15 11 4 25 68 3 76 57 10 14 45 53 31 67 55 12 24 1 95 19 34 38 2 98 75 39 18 87 97 81 58 50 37 22 44 99 26 90 33 28 96 48 64 41 47 86 65 63 80 27 79 74 36 83 8
    2 39 58 3 14 83 44 51 89 32 23 35 99 67 63 70 77 27 75 98 38 82 26 49 95 64 37 42 5 8 1 21 43 92 9 85 72 18 34 7 69 45 76 53 66 16 96 33 71 47 80 56 79 11 61 94 68 60 87 50 88 100 52 91 93 6 30 73 90 36 25 31 57 41 12 62 55 59 10 4 40 15 17 81 24 19 22 65 20 28 13 86 84 74 48 29 54 78 46 97
    35 30 84 26 8 91 78 44 36 3 41 17 18 28 1 90 49 38 73 48 34 5 16 31 97 27 46 94 99 98 68 40 23 53 50 21 52 96 87 51 83 74 65 88 81 63 55 10 39 61 76 54 29 7 80 62 42 12 6 32 22 37 56 45 82 58 19 20 86 13 60 69 24 75 14 15 89 85 67 71 64 11 92 57 47 25 2 72 100 33 59 66 79 43 70 4 9 77 93 95
    72 58 37 86 33 62 88 38 59 77 2 99 3 50 15 43 100 55 21 9 85 17 60 13 47 41 27 94 80 49 23 96 75 92 66 91 31 97 14 87 7 53 22 39 67 26 8 54 56 18 45 74 65 93 40 24 36 95 12 42 68 20 51 34 63 16 10 69 76 30 81 73 71 90 61 89 5 79 35 57 64 82 98 32 1 84 48 11 19 70 4 78 83 28 44 6 46 25 52 29
    17 48 47 13 43 4 98 46 50 63 54 15 41 78 93 69 89 1 81 32 24 56 86 82 100 21 2 36 79 64 5 49 92 8 87 83 60 67 33 65 70 85 26 45 42 44 73 66 76 68 35 3 16 88 59 53 61 55 77 58 57 18 94 99 7 51 14 25 91 28 31 39 71 84 19 40 37 75 10 9 27 97 34 38 90 72 80 22 23 11 62 96 30 29 20 12 6 52 74 95
    94 12 98 13 99 39 76 8 87 34 63 40 52 21 22 90 75 100 86 95 65 5 91 29 71 37 53 67 4 3 55 35 88 7 74 42 84 73 59 50 44 78 79 15 24 61 16 51 49 19 85 14 62 31 70 32 80 6 92 83 17 58 36 48 68 20 64 46 69 10 96 77 38 41 97 93 57 47 28 2 60 27 82 89 72 66 23 54 56 81 43 26 9 11 33 25 45 1 18 30
    63 98 96 14 40 26 84 100 74 71 78 66 90 89 91 22 94 42 46 65 1 99 44 77 67 64 41 24 36 25 79 34 52 6 58 38 37 28 50 82 27 29 81 15 57 35 11 73 45 9 72 5 2 33 47 68 97 21 87 85 80 20 32 60 10 69 56 31 86 61 55 49 43 70 18 4 88 83 23 39 19 17 53 30 75 92 76 8 59 16 93 51 13 7 48 62 3 12 54 95
    69 77 24 4 28 52 44 12 98 55 16 66 89 56 68 88 46 95 15 92 35 7 26 9 6 58 84 93 51 31 63 99 65 57 27 75 38 17 61 53 43 60 30 21 37 3 32 29 49 36 40 67 2 59 48 83 70 82 10 97 87 85 62 1 5 80 42 20 14 74 81 25 71 76 94 73 86 22 90 19 91 96 39 13 79 11 78 23 64 18 54 45 72 33 34 47 8 50 41 100
    51 53 4 48 6 58 1 69 50 28 29 81 63 79 57 13 98 74 100 27 91 71 68 80 17 23 59 87 14 67 86 73 9 54 38 49 90 16 94 41 32 12 24 85 47 60 83 78 95 99 89 40 11 34 46 55 72 39 75 45 7 97 52 31 88 19 21 66 36 35 93 92 42 70 15 61 76 77 64 82 44 62 56 26 20 8 84 2 18 65 5 30 43 33 10 25 37 22 3 96
    24 31 41 29 10 74 99 14 45 21 57 39 35 38 100 87 8 25 63 92 98 36 64 15 56 61 62 30 65 3 26 1 83 16 69 53 9 97 58 86 93 22 52 7 55 27 47 49 72 13 89 77 88 23 43 33 78 81 6 96 95 66 90 85 28 50 17 46 51 91 20 5 80 2 12 70 40 73 75 60 37 48 34 71 82 42 76 94 79 67 68 11 44 18 54 32 59 84 4 19
    29 14 7 51 91 26 100 32 22 77 2 3 78 66 8 16 61 58 94 30 47 64 88 82 57 81 25 54 69 34 42 92 62 80 70 19 68 79 76 20 98 4 27 39 55 28 89 49 15 40 50 71 72 67 35 1 97 90 96 87 65 38 41 10 46 75 52 31 23 83 56 48 99 73 43 21 93 5 59 9 11 95 13 36 33 18 86 44 37 45 60 6 84 63 17 85 24 53 12 74
    15 20 25 94 46 62 51 85 12 92 41 3 36 50 72 98 81 61 40 73 35 23 100 38 9 84 2 71 66 89 95 60 48 80 39 28 76 79 34 63 31 22 86 4 59 83 64 68 7 24 96 56 88 75 6 10 77 55 21 53 18 57 43 16 91 65 54 52 82 33 5 1 99 49 87 29 27 90 44 14 58 26 11 70 74 67 45 42 13 32 78 17 47 69 37 93 8 19 97 30
    77 70 39 90 43 15 3 38 64 13 76 44 19 85 9 55 87 40 63 72 56 2 53 49 6 32 21 50 4 1 99 20 47 35 46 54 68 95 96 73 12 37 89 11 41 98 78 100 97 79 31 51 88 60 25 28 93 33 16 67 52 42 14 48 26 65 22 82 83 86 61 80 30 59 91 29 74 71 5 84 7 62 75 57 24 18 36 23 66 45 27 94 81 8 34 58 69 10 17 92
    27 74 42 86 9 28 52 81 45 38 34 2 67 73 23 33 46 50 80 51 97 30 83 16 62 12 32 92 1 24 75 49 99 21 57 82 43 48 56 88 85 10 8 90 7 14 63 84 40 59 87 26 65 89 60 3 94 64 95 47 11 61 78 68 17 25 39 18 98 6 96 100 66 70 31 91 37 53 35 29 58 22 41 93 71 54 19 13 69 36 20 44 72 76 79 77 15 55 5 4
    96 19 53 33 8 71 55 27 11 62 40 66 63 7 72 99 50 30 75 90 39 100 56 64 52 32 76 31 28 18 37 12 5 25 91 95 77 65 49 26 23 36 14 38 3 22 59 42 2 10 79 84 88 94 98 41 81 78 6 48 67 93 87 70 97 57 45 74 83 85 34 44 86 9 58 61 89 80 15 13 43 92 54 46 82 4 47 21 24 51 35 1 60 16 29 17 68 20 69 73
    97 90 53 33 63 26 75 3 58 14 34 61 4 32 80 36 68 37 50 67 35 96 56 71 92 83 91 64 6 7 76 79 44 39 49 46 66 31 93 69 41 16 9 38 13 72 2 21 98 89 12 82 99 78 42 85 84 25 20 23 55 27 22 15 30 88 47 18 70 57 62 65 1 43 11 73 8 86 5 94 28 59 29 77 40 51 95 19 45 52 48 10 24 54 74 17 100 81 87 60
    70 20 66 37 54 39 23 57 7 22 99 44 86 15 82 91 46 32 34 8 61 12 98 19 77 76 60 4 64 80 73 59 93 36 81 40 10 6 96 13 29 5 25 62 3 27 55 74 89 30 53 94 41 78 45 87 56 97 49 11 83 24 72 1 21 42 18 38 65 68 2 48 28 63 100 75 85 84 71 14 67 88 79 95 17 92 52 26 51 47 58 35 9 50 90 33 69 16 43 31
    78 5 29 31 85 97 93 57 61 98 49 95 81 38 58 46 54 52 10 44 62 6 33 88 15 75 45 32 24 16 4 53 20 55 73 30 37 34 28 84 26 67 1 56 18 11 35 79 3 91 66 14 13 72 8 92 51 42 77 12 9 47 7 27 74 39 2 59 43 70 50 65 71 86 83 23 41 82 17 60 80 22 68 25 94 100 40 63 96 99 89 90 36 48 19 64 87 76 21 69
    21 43 32 5 78 54 80 58 30 16 33 90 93 20 61 62 59 25 86 10 56 68 23 12 42 92 22 91 53 31 3 47 49 71 98 100 9 73 37 74 35 17 7 4 45 76 77 60 44 94 95 15 38 50 99 88 2 85 52 13 89 34 69 39 84 63 81 70 57 96 40 11 41 26 75 1 87 48 51 66 64 82 65 14 27 24 28 46 83 8 97 67 72 19 29 36 79 18 6 55
    30 95 39 97 65 90 13 55 72 25 27 24 17 87 22 10 86 7 77 78 46 75 37 19 73 60 74 57 42 41 56 40 92 6 66 21 59 70 4 54 12 23 68 26 52 33 89 51 34 69 63 50 2 64 35 88 85 28 76 48 96 29 44 32 94 81 9 98 36 20 11 61 84 79 18 16 71 99 83 82 100 53 31 14 49 91 38 62 8 80 93 5 45 15 3 67 1 43 58 47
    77 66 17 72 14 62 9 58 47 94 32 90 16 51 25 22 71 37 95 98 92 1 20 84 70 54 6 50 24 55 76 73 83 69 49 43 81 46 38 68 29 91 85 88 5 86 2 33 64 3 96 97 39 87 45 63 28 56 13 15 53 4 11 44 79 42 35 27 80 21 26 36 8 75 12 59 61 18 93 40 99 23 34 52 10 65 19 7 89 57 67 48 78 41 60 74 30 31 100 82
    10 25 23 16 87 69 82 65 33 73 21 1 79 24 57 98 7 4 40 70 56 27 90 97 76 85 15 54 9 18 63 14 31 55 52 36 45 59 67 50 84 61 92 19 6 3 77 91 42 71 58 64 29 22 95 99 34 51 41 62 39 17 2 11 13 72 5 66 37 44 100 46 78 68 89 30 94 32 47 43 88 93 48 12 80 53 60 49 20 38 81 28 83 74 96 8 35 75 26 86
    59 75 97 26 81 14 49 10 51 61 32 69 70 9 68 22 12 28 40 53 39 13 98 85 64 77 92 46 50 90 91 93 71 57 30 73 19 41 15 17 88 89 78 24 52 6 11 29 72 44 27 35 58 5 2 1 100 16 34 94 21 96 56 54 65 37 66 95 87 76 48 3 4 38 25 33 43 20 36 23 80 83 18 45 82 42 86 67 62 31 47 74 84 99 55 79 60 8 7 63
    37 10 81 4 22 93 2 25 64 69 20 62 88 100 31 40 95 30 33 70 9 98 65 91 99 51 83 5 59 58 97 36 39 53 28 12 72 68 21 61 3 18 63 34 19 96 80 79 45 55 41 8 92 60 57 17 84 67 48 86 23 94 71 27 11 42 47 6 66 1 13 73 26 24 87 90 49 43 75 54 85 44 29 16 82 89 78 76 46 74 14 32 56 35 38 77 50 7 15 52
    16 63 14 85 41 61 68 10 20 78 49 11 50 15 94 88 31 59 28 3 91 46 75 71 87 81 58 33 55 62 1 45 36 76 51 24 79 19 67 26 17 74 42 100 92 8 27 32 7 83 34 64 40 96 80 82 18 69 54 21 25 65 9 39 29 97 72 99 57 56 73 89 12 4 52 53 84 2 37 98 47 48 90 60 35 5 38 77 66 13 43 44 95 6 93 86 23 22 30 70
    35 29 33 37 5 93 6 68 17 76 19 90 71 80 52 26 27 4 39 7 59 8 91 1 75 44 96 77 94 3 62 47 81 38 9 34 56 69 10 49 63 46 25 18 98 99 83 12 13 97 78 61 16 57 45 41 48 55 89 31 32 72 53 22 74 84 50 15 28 88 30 54 24 87 82 2 23 85 43 92 86 64 66 11 100 65 36 58 51 73 14 42 40 60 95 79 70 21 20 67
    65 80 90 23 22 36 35 89 51 57 79 92 42 98 10 37 25 41 48 59 85 9 28 93 88 62 87 33 67 12 8 31 68 73 84 11 2 86 100 71 39 6 5 30 13 29 46 60 82 40 14 20 19 77 43 63 32 50 83 64 1 96 24 69 74 45 18 27 21 53 54 72 7 16 75 4 61 78 94 76 38 17 58 47 81 44 55 91 3 95 66 49 52 97 70 15 56 26 34 99
    77 1 7 6 64 18 79 88 15 20 3 11 93 54 21 37 89 49 2 51 28 22 48 26 65 47 25 27 99 19 42 53 5 13 76 78 31 23 8 24 84 56 59 82 85 50 100 98 32 40 95 45 87 94 80 90 12 35 30 44 43 29 70 55 63 71 36 61 39 62 92 97 4 46 16 69 14 74 67 41 86 75 52 68 91 73 17 9 58 10 60 66 96 72 81 34 33 57 83 38
    24 82 16 48 49 47 66 62 6 61 55 72 67 10 56 80 12 90 38 57 41 31 69 40 59 74 54 7 18 97 4 50 5 28 26 44 63 88 42 2 91 99 65 89 23 71 77 46 68 8 53 94 20 15 36 45 21 29 78 81 22 100 14 96 32 75 64 13 25 76 95 70 3 60 98 37 93 30 34 33 92 27 73 39 79 83 1 51 9 84 17 11 86 85 58 35 52 19 87 43
    27 6 89 82 99 41 75 94 49 56 91 15 65 70 54 37 93 22 77 20 63 69 12 61 67 83 26 81 72 21 84 86 97 19 4 23 53 2 73 87 25 38 90 55 17 1 88 59 71 30 24 85 68 76 40 64 52 46 80 36 10 5 96 60 74 31 45 48 28 50 33 51 44 98 43 100 16 58 39 34 9 47 62 29 11 42 79 3 95 57 8 18 78 66 92 13 14 35 32 7
    24 78 30 84 56 73 51 2 62 53 49 42 89 41 34 26 29 57 25 83 65 96 32 76 48 17 87 97 92 15 21 100 6 35 90 61 44 60 95 85 18 74 77 70 45 37 13 66 71 58 80 63 43 3 52 5 28 75 68 93 10 72 54 99 16 33 8 7 59 94 14 22 55 79 47 64 1 81 19 9 88 39 86 36 20 67 91 46 12 23 50 69 82 11 38 40 31 27 4 98
    22 23 69 83 56 75 45 36 62 80 43 93 24 54 84 41 53 29 47 61 67 58 2 64 8 57 70 27 39 85 71 37 48 95 73 4 86 50 15 90 32 5 51 33 18 11 65 66 99 3 78 59 25 72 30 94 89 12 76 1 21 46 14 31 16 6 68 10 9 91 88 79 92 52 19 60 20 34 40 100 74 77 97 17 35 28 63 26 44 81 7 13 55 38 87 96 49 82 98 42
    15 97 67 83 29 61 36 86 63 95 72 54 22 47 77 62 21 79 51 50 33 84 55 75 100 99 32 52 14 87 68 69 18 71 23 43 39 91 25 64 53 59 42 11 98 8 35 66 76 41 4 1 78 5 6 19 13 70 3 48 7 80 73 56 65 74 96 38 26 82 40 46 9 10 16 17 57 20 28 89 30 58 44 94 12 90 31 27 49 92 45 60 88 2 24 37 93 81 85 34
    32 40 83 37 73 22 5 17 66 53 16 54 30 19 43 90 75 20 62 21 72 27 52 76 93 99 79 14 46 48 74 9 47 80 61 41 59 2 85 25 49 68 34 92 29 18 12 91 69 7 33 58 1 60 94 100 71 95 15 31 23 10 77 45 28 56 89 55 4 57 87 88 13 70 36 3 97 65 50 86 51 63 44 67 35 98 24 26 82 6 78 8 11 39 81 84 42 96 64 38
    17 7 16 66 12 88 44 54 100 23 62 90 48 89 25 57 92 81 75 78 9 35 2 37 22 33 91 5 1 67 47 32 86 65 53 34 19 36 82 38 70 51 18 29 52 28 97 56 79 74 41 4 69 64 11 15 99 73 93 83 20 49 24 87 98 30 31 76 94 71 46 60 55 14 21 40 10 96 50 26 68 43 63 13 6 84 58 77 61 8 95 85 42 27 72 3 45 39 80 59
    66 52 18 3 67 47 55 58 7 63 19 30 100 76 46 48 38 69 81 8 88 56 54 65 79 20 24 36 60 25 23 45 53 44 9 13 12 80 43 78 39 73 26 1 40 32 37 22 17 72 11 29 94 33 71 10 75 70 35 91 64 68 82 89 87 97 98 85 5 77 96 6 41 16 27 28 42 90 50 99 92 86 51 84 31 57 34 93 83 59 49 21 62 61 14 15 4 2 74 95
    100 27 98 76 26 24 66 18 29 3 15 17 5 10 7 53 70 44 19 62 28 55 4 96 57 72 31 61 67 91 58 89 48 74 23 14 12 20 41 2 9 22 92 45 25 83 32 34 73 42 94 49 99 21 39 75 47 50 65 13 87 54 8 30 33 16 46 1 71 51 80 37 95 97 40 86 69 77 82 93 64 59 52 56 43 11 38 81 79 63 36 90 68 85 60 88 84 6 78 35
    64 25 45 56 77 29 19 65 67 92 49 81 57 75 60 99 14 30 50 54 24 71 98 90 3 4 80 63 93 86 38 43 6 26 23 44 97 83 40 5 31 34 42 16 33 13 32 59 95 7 76 48 61 89 84 79 22 18 66 94 9 36 52 68 70 27 46 28 47 10 12 78 82 8 74 17 73 35 41 72 55 53 37 100 96 1 58 15 2 11 87 39 91 51 20 21 85 62 88 69
    82 72 79 38 37 47 61 12 9 64 48 20 2 85 96 33 76 45 54 87 28 60 80 95 99 52 4 40 18 32 58 41 11 50 91 36 62 94 22 90 92 29 66 97 100 30 8 44 6 35 51 55 31 77 49 16 46 13 65 23 69 75 24 14 19 27 88 1 15 93 98 86 53 57 56 5 21 74 89 59 10 78 3 34 42 70 67 26 7 43 39 71 83 84 17 68 73 63 81 25
    33 80 85 91 14 73 82 59 65 72 93 35 27 18 60 47 36 23 38 31 42 89 25 92 50 84 61 95 40 83 78 49 1 13 2 62 6 63 88 19 94 12 11 70 26 97 64 81 76 16 69 45 21 100 96 28 4 56 54 48 34 79 98 41 68 99 74 75 43 87 51 10 67 55 29 15 46 58 9 39 71 52 22 5 8 20 37 53 57 7 3 77 17 90 32 44 30 24 86 66
    2 77 91 54 34 35 49 3 59 47 32 30 14 20 41 4 5 19 1 90 82 25 58 55 66 16 87 15 63 86 40 71 79 62 11 83 81 94 51 8 95 22 75 21 89 9 39 53 76 44 60 43 26 24 84 67 65 10 27 50 28 68 69 52 61 64 37 48 56 80 70 85 93 78 45 100 57 29 13 46 17 42 7 33 73 72 97 38 6 74 99 92 88 98 12 18 96 23 36 31
    78 52 40 14 90 23 98 33 88 93 54 60 5 1 81 20 76 64 15 36 72 8 34 77 82 48 79 25 73 21 94 16 91 69 56 71 46 32 45 63 17 84 22 59 68 42 39 12 43 86 62 2 9 6 74 26 95 49 7 47 24 3 99 30 41 55 61 38 37 51 53 97 75 83 31 28 65 18 85 89 57 11 50 100 4 66 67 13 96 35 70 80 10 27 58 87 19 44 92 29
    27 50 47 87 29 11 35 53 37 22 59 5 24 91 98 8 44 85 74 21 66 43 68 49 55 99 72 45 71 28 92 96 89 75 76 83 1 79 95 46 78 18 67 84 3 30 57 6 100 12 97 42 20 32 88 41 52 58 26 70 69 34 14 65 23 36 39 7 40 48 61 81 56 38 73 51 15 77 64 82 4 90 94 54 62 63 86 9 10 16 13 80 25 2 31 17 60 93 19 33
    100 53 33 8 32 83 94 69 86 7 63 4 62 3 90 10 17 40 52 12 25 45 70 65 72 61 30 39 59 76 26 54 47 31 35 93 73 78 82 87 68 60 13 27 51 50 9 89 42 34 64 67 55 23 98 81 5 21 15 96 84 66 22 79 48 6 97 24 56 11 95 20 38 19 74 88 85 77 57 2 16 44 75 43 58 49 91 14 18 46 71 36 80 29 41 28 37 1 92 99
    31 6 88 93 99 59 85 11 27 91 58 62 18 96 49 13 83 52 44 50 46 3 33 25 84 69 55 97 87 57 16 60 75 89 30 61 7 34 92 39 64 94 77 22 26 23 95 37 86 32 79 4 72 70 24 63 14 48 29 51 82 78 20 41 90 45 66 12 1 9 74 17 100 10 71 28 19 47 73 54 2 21 5 68 81 40 53 42 65 8 67 38 80 36 98 43 76 15 56 35
    19 68 50 11 12 56 33 60 86 54 48 98 55 52 20 61 93 37 17 21 59 78 9 99 13 2 35 10 31 38 4 51 30 53 81 63 82 22 5 95 16 24 67 66 15 25 88 83 47 89 84 42 7 76 70 62 34 69 1 23 27 90 64 26 92 18 36 75 73 80 40 65 72 32 45 58 97 91 85 39 87 100 74 44 28 8 49 43 79 77 29 14 6 96 46 41 94 71 57 3
    88 14 78 65 21 98 49 19 10 7 42 57 91 89 58 83 25 34 80 1 31 37 4 22 27 63 69 12 6 74 51 47 71 15 73 41 70 8 79 46 17 43 62 29 48 39 56 96 52 75 81 13 5 93 32 53 64 66 11 36 50 35 60 97 76 33 100 54 90 20 61 18 68 30 26 87 92 86 95 72 28 67 59 94 9 16 82 3 24 99 84 85 45 55 40 44 38 2 77 23
    20 79 44 85 78 40 12 69 32 93 11 77 41 29 75 14 91 56 99 28 9 74 46 81 68 22 60 54 65 49 26 87 82 73 39 25 42 58 98 13 71 24 64 30 23 76 59 50 33 53 97 21 34 10 95 37 47 18 8 3 94 35 70 5 4 96 51 84 80 48 67 62 38 63 83 36 100 16 86 92 45 57 17 55 66 6 2 43 7 31 19 72 89 90 1 61 15 88 52 27
    26 49 79 83 34 10 46 86 42 1 16 78 74 80 57 48 59 99 55 15 5 6 70 24 60 9 25 53 41 85 66 89 37 81 87 65 67 100 12 64 76 51 92 18 13 43 62 28 2 39 33 7 19 23 17 29 88 31 52 11 36 3 91 90 97 94 45 22 72 30 84 40 93 4 95 82 38 44 98 20 75 77 61 35 47 8 69 56 54 68 50 14 71 73 96 21 63 32 27 58
    77 7 74 73 21 89 24 5 58 15 20 84 28 52 81 45 69 13 19 2 16 33 65 10 75 32 48 85 62 26 94 40 27 11 97 37 60 59 4 51 25 87 68 56 31 72 99 66 38 90 83 49 14 98 95 29 30 39 36 53 18 55 67 9 78 80 96 91 50 86 70 23 43 82 47 22 61 44 57 12 3 93 92 100 6 63 88 41 46 71 35 17 42 54 76 64 8 34 79 1
    61 79 15 64 76 27 45 23 87 47 85 32 84 92 75 51 95 21 54 89 43 25 70 41 48 65 31 7 1 6 39 97 78 63 2 71 14 8 20 46 22 30 93 53 52 60 94 35 96 74 18 69 86 68 40 9 80 44 100 59 82 58 55 28 3 62 4 12 67 17 99 90 34 24 49 10 73 11 33 36 13 50 88 19 72 42 26 37 16 56 38 98 66 57 77 29 91 5 83 81
    27 45 33 18 66 82 65 61 32 78 85 55 88 17 54 28 64 6 74 2 99 51 5 56 92 100 68 47 15 62 22 89 53 70 11 35 29 8 86 77 3 71 76 67 4 50 96 94 75 12 49 7 48 42 31 40 95 73 39 24 84 16 97 23 58 9 25 38 10 59 87 44 72 30 19 52 81 79 43 13 80 20 1 14 21 57 37 63 90 34 36 69 93 46 98 41 91 26 83 60
    8 97 2 60 43 22 37 70 35 63 25 67 26 56 93 34 6 11 23 15 41 94 99 91 80 24 75 59 42 81 62 18 17 53 54 47 58 5 19 50 92 30 77 96 90 46 20 82 21 83 14 84 51 98 79 52 27 66 85 13 10 32 89 73 72 57 69 95 31 29 7 55 65 68 100 1 33 38 44 12 87 16 88 78 76 40 49 45 74 9 4 36 28 39 48 86 61 3 71 64
    63 49 35 11 7 70 51 80 27 84 69 83 19 85 17 26 71 46 28 40 39 99 34 5 94 78 97 67 53 30 74 82 1 98 31 62 65 38 43 37 50 92 89 23 15 56 45 3 68 60 87 36 42 66 52 10 48 25 55 32 41 86 64 2 21 76 6 75 8 47 29 93 88 44 77 95 13 14 22 72 33 16 12 79 73 18 24 59 4 58 57 61 100 96 20 81 91 54 90 9
    97 64 54 44 13 99 85 35 59 50 1 24 98 58 3 12 63 66 9 56 47 95 77 30 20 53 36 37 71 31 51 79 100 67 26 4 90 55 80 10 21 78 89 8 92 70 18 49 6 62 16 61 28 42 60 88 87 23 34 2 11 68 39 45 84 29 75 19 73 14 43 40 46 7 17 57 38 5 48 52 74 93 72 33 96 41 83 25 82 76 27 32 65 22 69 94 15 91 81 86
    1 46 55 32 6 79 58 45 65 64 25 36 90 38 12 96 11 5 70 37 67 41 7 87 15 20 92 48 71 24 53 22 4 59 99 47 89 63 95 13 23 10 68 9 18 3 69 97 14 54 50 75 98 26 56 83 16 44 2 35 28 82 31 33 88 21 80 74 84 85 78 91 66 77 17 8 81 52 76 27 40 43 73 29 57 19 30 42 34 51 86 61 39 49 62 93 60 72 100 94
    44 81 80 97 55 49 60 79 59 82 33 95 28 27 35 99 71 68 75 54 93 38 9 73 47 5 66 87 88 94 83 51 69 53 85 19 65 26 57 64 21 90 29 31 42 91 7 56 84 23 76 40 77 89 36 16 14 17 11 74 92 3 22 52 13 32 43 50 37 70 18 12 6 4 96 45 58 62 48 86 24 30 100 2 25 46 63 34 61 72 39 1 67 8 15 10 20 41 98 78
    66 50 89 51 10 34 88 35 75 16 95 68 11 25 37 61 9 38 17 85 54 49 2 86 94 48 83 18 60 80 21 23 97 96 31 5 45 53 6 4 92 73 56 70 78 20 47 74 82 28 14 30 39 3 44 15 24 8 71 67 12 36 77 72 46 19 58 57 69 98 40 52 84 43 90 32 91 81 13 41 62 55 99 42 1 29 26 63 22 87 100 27 76 64 7 79 65 33 93 59
    60 25 41 81 52 38 95 73 6 22 68 77 88 96 8 21 87 35 37 7 79 19 43 26 99 49 98 76 1 100 85 56 17 9 12 11 40 51 75 86 57 16 5 50 90 20 53 80 92 28 30 94 93 44 78 59 63 48 64 74 3 24 42 69 67 83 70 31 54 45 32 13 36 97 10 84 39 18 82 14 55 66 23 27 71 89 91 62 46 33 61 72 4 2 34 47 29 15 65 58
    81 42 25 37 68 24 29 77 74 51 79 100 94 95 16 23 75 13 83 11 32 2 1 70 98 71 48 17 21 45 43 7 78 35 93 34 39 5 56 3 9 90 38 73 59 84 52 87 89 66 30 65 97 82 46 8 18 60 26 44 85 62 40 12 31 58 15 67 91 76 55 54 28 64 99 49 53 22 80 69 47 57 92 33 88 19 27 10 4 63 36 6 41 50 86 96 20 72 61 14
    80 65 72 47 82 59 37 85 7 29 13 18 50 70 81 28 21 41 36 89 53 33 46 88 45 15 9 60 30 42 68 4 58 44 14 55 51 3 49 43 95 67 79 94 97 99 93 83 84 25 91 19 73 54 78 61 6 71 52 8 96 27 40 56 34 5 74 38 69 66 62 57 39 100 63 23 20 92 77 35 11 32 24 75 26 48 12 31 10 2 90 98 17 1 16 86 76 22 87 64
    97 1 10 98 88 47 27 69 70 21 84 78 76 96 8 6 2 29 52 11 81 20 35 99 24 46 50 19 56 82 34 18 77 80 66 58 92 30 87 44 43 59 63 86 60 9 74 26 71 32 31 54 22 37 83 73 91 7 12 75 89 51 55 38 95 57 36 16 65 72 42 85 100 90 17 15 33 23 94 62 67 53 64 14 4 5 61 93 41 40 39 49 45 48 28 68 13 3 79 25
    89 75 51 20 5 40 41 28 33 66 15 79 2 34 85 52 69 91 59 30 57 6 64 92 32 13 46 47 8 21 95 71 14 62 50 56 4 87 100 58 81 83 72 24 68 84 1 70 65 9 17 90 60 80 11 54 3 82 77 42 93 88 96 44 78 23 94 99 22 18 29 67 43 86 35 73 98 25 39 7 37 61 55 49 38 63 12 19 76 97 48 26 53 27 16 74 31 36 45 10
    78 44 29 86 75 67 21 88 57 43 49 50 91 79 82 55 68 30 24 72 45 62 87 40 53 100 66 27 19 97 84 76 20 1 52 90 18 70 60 9 34 98 51 38 64 16 39 48 12 71 37 10 69 7 15 46 73 81 58 63 85 99 17 36 13 93 59 74 22 96 33 54 32 65 14 11 56 3 25 42 8 95 26 83 47 2 41 5 23 94 31 77 4 89 28 61 35 92 80 6
    76 94 95 82 66 11 6 32 37 84 10 87 16 97 5 61 89 85 91 18 62 56 79 58 8 64 44 22 21 40 99 48 69 92 38 68 27 39 15 30 65 70 36 46 20 72 57 47 42 93 43 23 96 98 88 2 25 41 77 17 49 81 45 13 78 83 34 60 54 74 67 55 80 35 59 7 52 28 24 53 90 29 71 73 33 31 86 4 75 51 26 14 50 100 19 12 3 9 63 1
    23 74 47 40 63 86 88 59 84 51 16 60 21 15 9 35 48 62 73 44 93 2 18 33 55 66 80 5 97 42 38 100 27 10 4 79 64 65 82 46 24 37 99 1 28 81 41 67 77 89 78 96 26 76 75 54 70 7 29 50 22 95 94 56 68 92 98 52 69 43 32 6 58 83 57 20 85 61 39 53 12 13 87 8 11 90 19 3 36 45 25 49 17 72 34 31 91 14 30 71
    67 51 57 4 12 83 53 88 58 32 75 70 68 45 86 61 35 98 71 47 9 99 19 89 43 28 60 74 18 15 40 94 41 20 30 87 33 3 2 14 77 55 27 10 17 62 11 23 82 69 97 96 42 73 46 93 25 1 84 49 63 54 29 59 39 95 72 52 85 21 56 44 37 13 34 100 6 79 31 92 22 7 91 80 65 81 8 78 66 48 64 5 50 24 16 26 76 38 90 36
    50 37 90 89 99 9 62 58 63 71 38 65 72 6 98 35 86 45 53 55 67 51 52 21 66 8 54 41 7 36 1 33 100 80 31 74 23 32 5 88 78 49 13 87 64 42 96 4 82 2 59 60 10 28 18 22 15 57 39 79 83 48 14 77 24 91 11 27 16 43 56 69 46 40 29 93 92 19 26 94 76 84 73 97 75 85 30 17 47 61 95 25 70 20 68 12 81 44 34 3
    61 69 77 7 2 70 78 93 41 35 36 47 48 82 38 56 67 81 68 91 100 57 95 32 62 6 15 51 25 34 53 11 96 40 72 18 1 9 87 30 33 49 39 58 98 23 97 66 14 74 10 12 43 75 79 21 76 4 22 24 94 45 90 52 17 80 55 19 28 3 83 37 88 27 8 16 89 13 54 84 20 99 73 42 5 85 64 71 29 86 59 92 60 44 26 65 31 63 50 46
    79 65 26 91 8 42 44 64 78 47 71 15 9 16 82 96 7 68 76 12 20 85 84 17 97 23 2 33 58 99 36 24 86 95 43 30 77 25 29 92 98 49 48 57 31 51 69 13 87 19 28 54 93 62 45 39 73 11 34 50 60 59 74 61 56 41 88 6 22 90 75 89 94 40 72 35 46 27 32 3 1 100 37 55 21 38 81 66 5 18 83 52 67 63 70 4 14 53 80 10
    15 26 84 46 35 86 77 42 24 54 12 22 36 8 4 82 90 14 95 66 85 74 80 1 55 39 59 52 47 69 88 70 32 11 89 38 17 91 34 63 50 75 64 92 9 2 62 51 93 81 87 20 94 40 96 57 73 76 5 31 10 30 44 33 71 60 100 53 58 41 65 7 23 45 6 16 29 48 21 72 83 3 98 13 68 28 43 99 67 97 19 56 79 25 61 18 27 37 49 78
    17 50 9 35 43 62 64 73 24 31 39 6 100 38 15 95 61 13 12 88 68 8 54 49 26 75 23 37 72 97 60 44 96 11 87 42 70 91 74 99 29 7 4 2 92 21 59 58 47 27 80 45 28 10 82 79 93 98 5 67 32 22 30 65 1 66 77 16 14 53 20 19 34 76 81 46 94 51 89 41 71 48 63 86 56 3 25 55 84 18 40 78 69 57 85 52 36 83 33 90
    55 88 97 37 70 23 5 2 87 71 64 46 76 41 48 49 56 22 62 77 59 65 4 73 13 50 83 29 82 45 1 10 93 94 86 36 47 80 34 85 67 21 42 33 25 31 58 3 90 91 75 19 40 69 60 84 52 72 14 95 24 38 44 32 99 89 8 7 17 98 12 11 54 28 53 74 51 96 6 92 66 63 30 100 61 16 68 20 15 39 35 78 43 81 27 9 57 18 79 26
    75 18 87 79 88 44 51 76 26 92 27 8 98 55 17 20 33 74 5 80 10 54 38 35 4 71 60 63 77 36 99 70 28 19 83 13 2 91 25 16 67 97 24 62 39 12 7 82 96 45 57 69 47 49 46 66 34 73 86 81 37 11 29 41 78 21 84 100 53 90 52 48 68 3 59 42 15 14 95 58 43 50 93 64 65 9 30 32 23 40 72 1 22 61 89 94 85 6 31 56
    17 41 72 69 67 82 37 51 16 36 97 18 34 25 52 47 4 83 71 55 65 45 64 15 66 93 35 57 32 19 100 6 10 94 26 5 76 63 38 68 24 89 56 39 28 3 42 20 48 44 77 40 73 30 59 31 84 92 27 85 53 99 87 8 75 50 74 58 91 88 78 96 49 14 80 81 2 22 43 11 70 7 54 13 23 29 90 60 98 21 61 79 62 95 1 12 33 46 9 86
    90 17 51 3 77 41 26 37 59 75 88 43 65 47 9 84 76 68 83 19 38 58 79 82 70 11 66 89 25 14 87 96 86 71 48 100 49 4 5 52 91 63 18 2 44 81 15 45 12 53 98 67 10 24 13 92 30 8 62 22 99 28 20 35 94 69 54 27 55 95 72 61 16 31 56 93 34 6 97 7 50 78 36 60 40 33 21 73 64 42 74 32 57 80 29 1 23 39 46 85
    6 10 47 29 90 72 52 32 88 23 57 92 63 53 36 27 46 3 69 93 58 79 30 84 26 13 68 78 18 45 33 31 2 85 97 50 96 17 22 16 54 95 91 11 76 44 15 61 66 99 60 62 100 19 82 55 71 83 89 49 7 94 41 75 34 51 43 48 77 64 37 56 70 38 20 35 80 5 25 12 8 1 21 67 74 59 9 42 86 24 98 4 14 40 39 81 28 73 65 87
    91 74 88 52 27 25 17 72 66 96 60 92 10 83 59 29 65 5 73 57 14 37 9 18 80 43 89 26 54 90 55 85 82 39 44 95 68 78 23 70 11 99 15 67 3 36 77 40 53 28 31 61 42 56 12 98 75 81 21 2 34 97 48 100 50 79 19 71 58 13 93 22 84 47 41 87 49 16 94 45 8 35 64 24 38 86 51 33 30 76 6 1 32 46 4 7 63 20 69 62
    97 45 14 96 68 3 52 88 77 64 28 63 47 40 43 87 93 62 75 60 58 82 19 98 85 49 12 26 56 90 79 1 84 92 99 89 95 83 55 80 22 37 34 7 41 6 9 66 100 5 78 30 31 15 39 21 36 10 72 13 24 20 57 35 42 51 18 48 81 38 32 94 61 53 23 11 8 50 67 65 29 73 46 74 17 70 4 27 2 76 44 86 71 33 25 16 59 91 54 69
    94 34 13 68 83 76 26 38 59 14 46 74 17 22 33 100 93 85 96 10 99 49 18 21 27 1 37 32 79 90 77 44 50 5 56 70 52 20 88 31 53 55 2 41 3 84 66 24 87 16 36 89 4 65 57 28 71 86 9 15 6 67 8 97 91 43 98 72 30 60 69 73 80 54 12 75 82 45 25 19 42 23 35 7 58 62 11 29 61 81 39 48 92 78 40 47 95 51 64 63
    39 58 83 100 74 40 11 85 84 70 24 13 4 7 29 28 67 31 52 14 22 23 9 94 88 79 8 55 54 59 38 44 81 47 71 90 51 35 21 62 77 72 76 64 89 2 34 32 36 56 16 78 46 30 87 97 53 18 86 41 6 98 43 49 17 42 61 20 66 27 75 57 92 68 65 63 69 60 1 82 12 96 99 93 26 48 33 19 10 80 3 5 25 45 73 50 15 91 37 95
    92 87 12 38 22 71 43 8 64 80 77 79 72 34 16 85 74 21 35 81 47 10 51 20 6 88 7 29 75 4 28 42 1 55 67 93 15 59 48 63 62 66 96 40 46 83 3 30 2 68 9 89 69 5 36 65 91 41 94 25 37 90 58 23 33 31 45 11 82 97 54 50 57 73 44 24 53 99 18 78 95 14 39 70 98 52 32 27 61 86 76 60 26 100 84 19 56 13 17 49
    95 18 32 33 27 51 68 19 62 93 31 37 42 39 16 85 91 74 1 26 100 11 57 4 43 41 96 12 25 71 50 82 46 56 36 52 79 10 69 99 88 48 15 21 24 72 97 90 66 28 29 58 76 87 22 86 3 98 60 35 84 20 92 6 63 61 83 78 59 65 53 49 34 67 89 13 40 75 45 55 23 80 9 38 64 2 73 30 17 70 94 54 8 81 7 44 77 47 14 5
    76 38 5 24 88 55 43 62 58 80 20 82 77 25 90 92 50 60 59 86 47 81 53 12 61 97 45 91 100 2 27 34 67 83 41 4 6 95 54 79 71 70 51 98 49 7 19 3 40 84 42 48 23 96 8 22 66 15 10 13 17 75 73 57 52 69 39 1 68 94 11 85 18 56 21 32 72 89 99 78 29 30 14 9 64 74 36 44 37 16 28 93 87 46 26 33 31 35 63 65
    19 22 67 85 99 38 2 49 73 96 61 53 83 34 68 42 98 15 14 52 3 59 5 82 8 92 31 27 79 20 60 7 55 87 4 17 23 78 32 69 80 97 81 11 94 48 26 66 93 12 95 45 70 30 41 74 37 39 35 64 36 18 33 9 57 100 43 77 58 72 1 54 86 24 29 71 16 25 40 91 84 63 13 51 44 6 62 46 56 28 76 88 10 89 65 21 75 90 47 50
    82 42 37 32 97 20 36 73 22 66 44 68 31 88 51 89 1 92 78 67 14 43 69 24 96 10 52 23 71 9 26 12 40 56 70 84 86 35 63 93 77 16 79 80 59 27 13 6 99 54 29 55 8 5 30 15 50 81 34 47 62 91 61 2 60 33 39 4 28 46 3 94 41 53 85 83 49 100 11 72 87 64 19 90 95 7 38 75 74 25 65 58 76 18 48 45 98 17 21 57
    85 10 1 86 44 57 66 82 2 28 51 37 30 90 65 50 99 45 96 94 100 54 70 68 38 87 39 42 73 67 7 92 58 9 63 40 34 24 83 13 72 5 76 71 62 11 64 88 91 95 3 84 74 29 20 14 31 41 80 53 52 48 97 17 43 27 16 36 60 26 69 19 32 23 21 33 81 35 93 79 22 78 56 15 55 75 59 6 49 8 77 89 4 12 46 47 98 18 25 61
    54 83 29 94 5 63 24 40 70 46 33 95 59 96 82 22 74 55 91 90 80 50 8 4 72 73 26 6 60 48 93 84 47 64 77 14 7 53 44 62 65 88 18 16 89 92 57 98 32 39 30 52 38 35 81 75 76 19 15 34 61 31 68 1 17 69 42 37 71 67 10 28 45 41 56 3 11 86 13 2 23 85 43 36 25 79 87 78 21 58 51 9 66 20 97 27 12 100 49 99
    46 4 40 78 56 70 29 5 79 25 87 90 61 83 82 38 92 75 63 31 11 39 21 99 95 18 44 17 23 13 98 74 64 30 73 20 35 52 34 10 3 97 100 77 16 59 58 60 26 96 80 62 6 37 85 76 68 32 36 84 2 86 41 51 42 49 94 27 24 7 1 69 48 89 88 8 65 28 91 50 57 47 53 14 12 22 66 33 93 15 43 72 67 45 9 54 71 55 81 19
    57 63 95 16 96 74 3 48 34 30 18 25 83 19 50 94 77 98 42 22 84 21 87 31 46 60 44 38 45 52 49 91 64 59 90 39 5 43 71 1 37 99 76 86 8 20 75 41 65 56 7 11 12 97 28 35 29 53 85 26 89 92 13 70 62 82 93 33 4 14 40 69 68 88 36 32 47 73 80 9 61 78 10 55 15 58 2 54 79 51 27 67 23 72 24 17 81 6 100 66
    81 48 91 33 18 45 65 30 82 74 68 50 37 28 87 10 72 94 36 54 79 25 29 26 55 97 84 69 31 66 46 51 14 85 89 35 15 39 16 93 71 60 58 7 2 6 13 41 23 27 67 56 83 12 40 70 17 77 98 64 88 86 43 32 95 19 76 78 100 3 80 1 96 62 49 92 63 53 73 38 11 44 90 59 5 57 61 52 8 24 21 75 42 9 22 34 4 99 20 47
    92 89 17 3 4 41 26 77 67 54 56 31 16 58 53 1 93 87 57 15 76 22 32 70 8 44 99 18 24 27 37 65 36 62 40 78 14 19 9 79 2 7 33 43 84 38 6 75 90 52 12 60 21 29 69 82 66 46 61 10 74 83 25 72 97 51 71 49 64 88 34 81 11 59 96 63 91 50 23 94 86 30 13 47 5 98 73 45 95 85 48 28 100 55 35 39 68 42 80 20
    75 12 92 54 83 17 43 95 98 53 78 100 47 32 5 57 23 22 7 31 73 49 93 3 91 87 68 89 80 8 30 66 74 2 24 77 36 48 46 38 9 50 69 67 81 42 18 16 90 40 45 21 79 29 59 25 11 88 94 72 19 10 65 44 41 6 84 71 33 39 13 35 28 60 96 99 70 52 82 76 97 58 62 86 37 55 1 51 56 26 20 85 64 61 14 63 27 4 15 34
    38 84 4 59 39 83 64 71 30 36 70 37 58 22 20 81 61 93 57 27 80 92 5 56 40 69 13 86 45 16 50 53 95 9 97 18 94 47 55 17 65 31 74 85 7 26 25 82 77 34 52 41 24 23 62 21 67 54 89 78 90 29 98 66 72 12 48 42 32 87 99 60 43 8 91 6 14 76 88 49 15 19 100 73 35 96 2 1 33 11 79 28 51 46 75 10 63 44 3 68
    80 67 73 52 75 10 48 60 9 5 24 74 25 17 36 81 43 91 32 69 49 29 86 55 66 90 4 44 98 97 31 89 94 76 92 28 93 26 38 83 22 56 30 16 2 42 95 96 65 63 41 78 62 35 40 71 7 13 37 39 85 51 53 3 57 61 58 87 99 20 15 1 68 27 70 8 34 59 72 23 18 45 19 54 64 21 47 84 6 88 50 46 11 33 14 100 77 82 12 79
    71 18 44 34 9 14 11 16 98 24 64 95 49 32 26 1 10 7 84 27 37 77 12 93 55 82 2 78 75 61 60 67 63 29 43 8 91 33 41 81 42 79 56 50 87 35 70 15 17 45 80 62 90 65 25 52 88 76 69 74 31 4 100 28 89 3 66 53 39 22 13 68 86 96 23 40 99 46 5 58 47 20 97 73 72 30 94 36 59 83 19 92 21 51 38 48 54 6 57 85
    93 72 35 60 45 29 11 58 77 96 100 78 99 53 14 8 19 39 46 40 69 7 6 80 5 59 79 55 83 61 81 2 16 43 31 94 98 32 49 90 64 36 73 22 38 33 75 27 74 1 76 84 66 71 18 63 68 85 34 30 52 3 4 87 70 20 41 57 26 12 13 10 17 88 25 51 62 28 23 50 86 47 9 21 91 15 37 67 44 97 54 65 24 95 82 89 56 48 92 42
    44 12 1 71 41 38 2 73 86 58 75 42 8 96 25 6 28 46 4 89 22 51 43 83 9 26 32 56 54 34 74 53 39 66 91 50 27 76 45 60 21 16 63 85 98 36 79 81 55 23 77 84 7 29 78 93 82 3 99 5 64 40 24 57 97 33 92 19 87 94 70 49 80 62 18 30 48 15 14 61 47 88 31 72 37 59 69 10 95 20 100 68 11 17 13 67 65 35 52 90
    67 16 20 70 64 41 25 7 29 47 53 33 88 99 65 61 84 92 51 62 68 89 23 42 26 82 95 74 10 15 38 98 78 9 77 17 19 72 79 3 97 80 45 50 39 18 1 63 86 4 58 27 73 6 71 90 43 13 40 2 14 21 34 100 48 96 5 24 32 83 75 59 35 44 94 30 87 22 81 28 57 31 76 37 91 11 93 12 55 85 36 46 60 49 56 69 52 8 66 54

