16
3 12 5 10 15 8 11 14 1 6 7 2 4 13 9 16
10 7 8 12 1 2 14 15 3 5 6 13 4 11 16 9
16 15 2 13 12 9 8 3 7 5 10 14 6 4 11 1
16 6 9 8 5 15 7 13 2 10 11 4 12 1 3 14
13 6 2 5 14 3 9 8 15 1 11 7 4 12 16 10
2 15 9 12 13 14 16 8 4 3 11 5 7 1 6 10
5 4 3 14 12 9 1 13 10 7 8 6 15 16 2 11
12 15 13 8 5 2 14 10 4 7 11 6 9 3 16 1
13 6 11 12 14 7 15 3 1 16 5 8 2 4 10 9
13 3 9 16 6 2 1 8 12 11 15 10 14 5 4 7
14 15 16 6 11 12 7 9 2 8 3 5 13 1 10 4
5 7 15 1 2 9 4 6 16 10 3 12 8 11 13 14
10 14 15 1 9 13 7 12 8 6 11 4 5 16 2 3
10 7 15 8 14 5 11 6 16 12 2 1 4 13 3 9
13 5 12 8 9 2 11 1 16 10 15 7 14 6 3 4
14 4 1 10 8 9 13 5 2 15 3 7 12 11 16 6
7 13 12 15 5 16 3 4 2 9 14 1 10 6 11 8
13 10 9 7 12 11 14 8 5 1 3 15 6 16 4 2
4 5 9 13 12 6 15 14 11 8 2 7 10 16 1 3
12 6 7 16 13 14 10 2 5 11 8 9 15 1 4 3
5 3 16 15 10 1 11 12 7 2 6 14 8 4 13 9
11 4 3 7 12 8 16 6 13 14 9 10 5 1 15 2
16 14 1 4 10 15 11 7 2 3 12 13 8 6 5 9
7 13 10 14 1 9 5 8 15 3 12 4 6 11 16 2
13 10 14 5 11 6 7 15 3 2 8 12 16 9 4 1
1 12 6 13 11 7 3 5 16 4 8 10 2 14 9 15
4 1 15 3 2 11 8 13 14 16 5 12 7 9 10 6
9 8 5 12 11 13 1 14 2 4 10 6 7 16 15 3
15 6 12 14 7 2 11 1 10 8 4 3 5 16 13 9
11 1 4 16 9 14 15 2 10 13 5 12 7 8 6 3
1 4 15 9 8 14 11 16 12 10 13 7 6 3 2 5
13 1 14 16 15 10 2 3 7 4 8 12 9 11 6 5
15 6 1 12 14 7 2 16 11 8 5 9 4 13 10 3
11 1 10 16 12 7 3 15 8 13 9 6 14 5 4 2
7 5 8 12 1 4 13 3 9 16 11 15 2 10 6 14
15 8 9 1 10 13 6 7 14 16 4 11 5 3 12 2
4 7 5 13 14 10 11 15 9 12 3 16 8 6 1 2
14 3 10 11 16 2 1 13 15 4 9 6 5 7 12 8
7 6 3 16 12 5 8 13 9 10 1 15 2 4 14 11
11 14 4 3 1 13 2 12 7 10 6 15 5 16 8 9
7 2 11 4 14 15 5 6 10 3 1 9 8 16 12 13
7 15 3 14 16 12 2 4 6 9 11 8 10 5 1 13
15 12 5 4 7 13 8 3 9 6 11 14 16 2 1 10
15 12 5 4 6 7 16 11 8 2 3 13 1 10 9 14
15 14 8 2 7 9 5 6 11 1 3 13 16 12 10 4
2 4 9 16 1 6 8 10 3 12 14 5 7 13 11 15
6 8 5 2 4 3 9 14 10 11 16 15 13 7 1 12
10 7 14 4 16 13 1 9 11 5 8 15 2 3 6 12
3 5 10 7 15 14 6 8 1 13 16 4 9 11 2 12
15 4 7 2 10 6 14 1 3 12 5 11 13 8 16 9
6 15 7 1 5 8 9 2 14 3 11 12 13 10 4 16
3 5 12 10 9 6 15 16 13 11 7 14 2 4 8 1
10 16 2 3 14 4 7 15 8 12 5 11 1 13 6 9
12 9 15 10 4 2 16 3 13 7 6 14 11 8 1 5
4 2 3 9 10 5 12 6 11 13 8 14 15 16 1 7
1 4 8 10 12 14 7 13 5 3 6 15 16 11 2 9
5 9 8 14 11 15 16 10 12 1 2 3 6 7 4 13
7 11 15 5 9 12 13 3 1 8 6 14 10 16 2 4
6 9 8 5 14 13 15 4 16 12 3 2 1 11 10 7
15 10 13 12 11 7 5 9 14 6 2 16 8 4 3 1
6 1 7 16 3 9 10 11 8 5 12 15 4 13 2 14
4 2 12 16 6 15 11 7 13 10 9 5 3 8 14 1
14 13 11 8 1 5 3 7 15 4 6 9 12 2 10 16
3 11 6 7 1 12 8 4 14 13 15 2 10 16 5 9
11 8 1 2 6 4 10 3 5 9 16 7 12 13 15 14
2 7 6 4 16 9 12 8 10 13 5 3 11 1 15 14
11 7 14 4 1 5 15 10 16 3 2 8 9 13 12 6
16 4 9 7 3 13 10 6 5 11 2 14 8 12 15 1
9 11 4 7 3 14 5 12 15 6 13 10 1 16 8 2
16 7 14 11 1 8 3 6 9 5 10 13 12 15 4 2
3 14 10 1 2 8 15 4 16 12 9 5 6 11 13 7
11 2 9 6 4 16 3 1 12 10 5 7 13 15 14 8
3 12 14 8 16 11 13 7 9 4 1 15 6 2 5 10
1 11 16 3 4 6 10 2 14 7 12 5 15 8 13 9
4 2 12 8 3 11 16 5 1 14 9 13 10 6 15 7
8 10 14 7 2 6 12 16 15 9 11 4 5 1 13 3
16 6 3 13 10 12 1 4 7 11 14 2 5 15 9 8
7 1 10 5 3 2 6 11 12 13 16 4 8 9 15 14
9 8 10 11 3 5 13 2 7 12 14 6 1 15 4 16
1 15 7 9 14 2 3 4 13 11 8 16 5 6 12 10
2 5 13 16 12 3 6 11 10 8 4 1 14 15 9 7
2 15 7 5 8 1 16 6 10 3 14 12 13 9 11 4
9 3 10 4 16 13 5 2 12 11 8 14 7 1 6 15
6 5 1 2 12 14 13 3 8 4 7 11 16 15 9 10
16 12 3 1 9 15 7 2 14 10 4 11 5 8 13 6
12 3 8 13 16 5 6 11 9 15 1 7 4 14 10 2
7 8 14 15 5 2 1 16 9 12 4 3 13 11 6 10
8 10 11 13 4 7 15 14 1 12 9 5 2 6 3 16
14 8 9 6 4 12 15 1 2 7 3 5 11 16 13 10
4 5 2 7 6 13 10 9 15 16 1 14 3 12 11 8
13 16 11 14 15 3 12 7 2 9 5 8 4 10 6 1
11 4 10 15 8 13 7 1 12 6 14 9 16 2 5 3
6 15 8 10 13 2 16 9 7 1 3 4 12 11 14 5
11 3 10 12 14 2 4 6 7 8 15 5 9 13 1 16
13 8 11 6 1 12 5 16 7 9 14 2 3 15 10 4
4 2 15 10 6 1 14 5 9 8 3 7 11 13 16 12
9 14 7 10 16 6 2 11 15 1 13 5 3 12 8 4
6 15 9 8 13 7 5 16 1 14 2 3 12 10 11 4
9 5 3 10 15 4 6 14 16 11 2 7 13 12 1 8
5 16 6 13 15 8 3 7 2 12 11 9 4 10 1 14
