17
17 3 15 11 9 6 16 10 14 7 1 4 5 13 2 8 12
15 5 10 2 17 8 4 13 16 9 12 6 1 3 7 11 14
15 16 2 4 13 6 1 11 17 12 5 9 10 3 14 7 8
5 14 16 2 10 4 9 13 15 6 7 17 11 3 1 12 8
1 15 17 16 4 12 14 5 6 8 7 3 13 9 10 2 11
1 15 11 13 3 9 17 6 4 2 12 8 5 10 7 14 16
10 3 5 7 13 14 2 1 6 8 17 4 11 15 16 12 9
17 12 3 5 8 9 2 11 4 1 6 14 15 13 7 10 16
10 8 12 3 11 7 17 16 14 9 6 2 15 1 13 4 5
4 5 1 14 6 9 2 3 13 11 7 8 17 12 16 10 15
15 9 5 16 7 1 11 12 6 10 13 8 17 4 3 2 14
9 3 12 4 15 8 6 13 10 5 16 7 2 11 14 1 17
8 7 2 12 17 11 3 5 15 10 4 13 16 6 9 1 14
1 8 4 12 2 15 13 5 17 3 11 16 14 10 6 7 9
10 14 16 2 13 11 1 8 5 17 7 6 3 9 4 15 12
16 1 5 14 12 10 7 2 9 3 6 4 8 11 15 13 17
11 8 12 1 14 13 10 16 9 15 17 7 2 6 3 5 4
17 1 8 11 2 3 4 10 5 16 15 14 6 12 9 7 13
17 5 3 12 6 8 4 1 2 13 11 9 16 14 10 7 15
6 1 14 15 12 9 8 5 16 3 4 17 11 10 7 2 13
3 5 8 15 16 1 7 4 11 6 13 17 10 2 14 12 9
13 3 7 1 16 5 11 4 6 2 9 8 12 15 10 14 17
4 7 15 12 16 13 2 1 8 10 14 9 6 17 5 3 11
3 1 10 8 4 7 6 11 13 5 15 17 16 12 9 2 14
13 14 7 8 15 5 11 12 16 3 9 2 10 17 1 6 4
4 3 1 17 2 15 12 8 11 5 13 7 6 14 10 9 16
15 14 6 5 2 3 4 11 8 1 7 9 13 10 16 17 12
9 7 12 4 8 2 13 17 16 6 3 1 14 10 15 11 5
17 1 10 2 3 16 14 6 11 13 5 8 12 7 9 15 4
10 5 1 9 17 14 12 6 2 3 15 7 11 4 16 8 13
12 5 14 10 2 8 4 17 16 9 11 1 6 3 13 15 7
13 9 2 10 6 5 12 7 17 15 16 3 11 1 4 14 8
17 4 2 5 14 9 12 11 1 15 6 8 7 13 16 10 3
13 5 17 7 9 2 12 6 14 8 10 16 4 15 3 1 11
2 9 8 11 6 7 4 14 3 12 17 13 1 5 10 15 16
2 5 6 4 1 3 16 14 12 11 10 17 15 13 9 7 8
7 11 5 4 13 16 12 3 2 14 15 9 6 1 10 17 8
6 3 13 9 15 2 17 11 10 12 16 8 14 4 7 1 5
10 15 5 4 2 17 13 3 11 16 14 7 1 9 8 12 6
8 3 2 17 13 12 10 5 11 1 14 7 15 6 16 4 9
11 9 14 4 7 12 2 16 13 6 15 10 8 17 1 5 3
8 5 16 2 1 13 6 3 10 11 7 12 14 9 17 4 15
14 9 10 1 15 12 17 13 2 5 11 6 16 4 3 8 7
12 5 11 13 1 15 7 2 3 14 8 6 4 17 16 10 9
17 12 9 3 6 1 7 10 13 15 2 5 16 8 4 14 11
6 7 17 11 15 2 14 16 1 8 5 13 3 9 10 4 12
16 11 10 5 1 6 13 14 17 7 4 2 15 3 9 12 8
1 14 3 4 8 17 5 10 9 2 12 6 15 7 13 16 11
4 10 2 17 12 6 5 3 16 14 8 13 9 15 11 1 7
9 14 17 13 4 7 10 16 11 15 6 12 2 5 3 1 8
2 7 17 13 6 9 3 12 5 11 10 1 8 15 16 4 14
11 13 14 17 3 1 9 16 12 2 4 5 7 15 10 6 8
8 11 2 17 6 1 12 14 13 7 15 16 5 3 4 10 9
10 3 2 8 5 14 12 13 11 7 1 15 16 4 9 6 17
10 8 7 14 3 4 5 16 12 17 2 1 13 6 9 15 11
7 12 5 3 10 11 6 13 4 8 17 9 14 1 16 15 2
16 12 4 7 6 9 17 1 8 3 11 10 2 13 15 5 14
12 15 8 1 3 5 6 16 13 14 11 7 10 9 2 4 17
8 5 15 16 10 14 13 3 7 9 1 11 12 2 4 17 6
13 5 11 9 17 6 14 1 2 10 12 7 4 3 15 8 16
10 8 3 17 6 4 15 2 9 14 11 12 1 7 13 16 5
7 2 1 4 11 14 17 3 6 5 10 16 15 9 13 8 12
15 4 17 8 13 14 2 5 16 1 7 12 11 6 10 9 3
14 3 5 4 10 9 15 8 7 16 1 11 2 17 13 12 6
11 7 6 15 5 3 13 8 9 14 12 4 16 2 10 1 17
13 1 9 14 12 11 5 15 16 4 10 17 6 2 7 8 3
4 8 2 16 10 3 17 12 6 15 14 5 11 13 1 7 9
10 2 15 13 8 5 16 9 17 12 1 3 11 14 6 4 7
4 14 12 10 3 8 17 16 1 5 15 11 2 6 7 9 13
15 7 5 14 16 11 4 2 6 3 10 9 13 12 8 17 1
8 14 4 5 17 13 6 10 11 2 1 7 12 9 15 3 16
12 9 3 6 15 16 8 14 1 4 10 17 7 5 11 13 2
9 16 14 15 7 1 5 13 10 8 17 2 6 3 11 4 12
3 8 5 6 17 13 9 15 2 14 12 1 10 7 11 4 16
4 9 15 17 3 16 2 7 11 12 1 5 8 10 6 14 13
10 13 1 11 14 4 17 6 8 2 15 3 12 7 5 9 16
8 13 1 9 2 11 4 15 12 10 3 7 14 5 17 16 6
5 1 10 8 17 7 2 16 13 14 6 9 4 3 11 12 15
5 12 2 10 11 4 8 7 3 17 15 14 1 9 13 16 6
9 8 12 5 17 4 10 16 11 14 15 7 6 13 3 1 2
10 11 7 9 5 14 17 13 4 16 15 3 1 6 12 2 8
12 6 11 16 17 13 7 8 3 4 2 5 1 9 10 14 15
10 17 7 15 11 9 8 6 14 5 12 2 1 3 16 4 13
17 5 4 13 3 10 12 16 14 1 8 9 6 2 7 11 15
4 8 10 16 13 9 3 11 6 17 7 15 12 1 2 5 14
10 16 13 15 8 11 7 12 2 1 4 17 9 6 5 3 14
5 10 13 6 3 4 14 16 7 8 12 15 17 9 11 1 2
2 10 9 7 16 3 11 6 4 12 14 17 1 5 15 13 8
12 2 7 6 14 13 8 9 5 11 10 16 3 15 17 4 1
7 2 5 14 3 4 11 6 8 16 12 15 10 9 13 1 17
3 17 8 4 1 12 7 15 10 13 5 11 16 2 6 9 14
10 4 9 15 2 6 11 1 13 7 5 8 12 3 16 14 17
8 6 9 16 12 2 15 11 4 5 10 7 13 14 17 3 1
3 6 1 4 11 16 9 12 8 2 7 5 17 14 13 10 15
1 16 10 12 7 11 4 17 8 6 9 15 3 14 5 2 13
3 15 5 2 9 11 13 10 4 17 8 12 1 16 6 7 14
15 2 4 12 13 11 14 3 7 8 17 9 1 10 6 16 5
2 8 10 4 3 13 16 11 14 6 15 7 9 17 5 12 1
2 12 6 16 10 5 14 8 9 17 3 1 15 11 7 13 4
11 4 6 15 17 10 2 13 16 7 3 14 1 5 9 12 8
