18
9 1 12 13 7 16 6 11 2 8 10 14 3 18 17 15 4 5
2 13 12 9 17 15 18 10 6 1 8 4 11 5 14 3 7 16
1 15 16 9 4 12 18 8 3 17 10 13 7 6 11 2 14 5
13 7 9 10 1 15 12 17 18 14 16 11 5 2 6 4 3 8
4 6 7 9 15 12 1 13 10 14 16 8 5 3 11 2 17 18
2 12 11 16 15 1 9 4 13 8 7 18 5 6 14 10 3 17
16 18 4 9 15 13 2 1 17 7 3 14 5 10 12 11 8 6
11 3 2 10 13 6 17 8 4 5 9 18 16 1 12 7 15 14
11 17 5 15 10 7 8 13 14 1 12 4 16 9 3 6 2 18
8 1 5 9 7 3 18 15 14 11 12 10 16 4 13 6 2 17
3 9 1 7 4 17 2 5 12 13 14 11 8 16 18 6 15 10
14 7 17 12 3 9 5 10 1 18 16 8 2 15 6 4 11 13
14 7 5 8 6 10 4 2 9 16 3 18 17 12 1 15 11 13
3 18 7 12 13 15 1 10 8 16 5 17 9 11 2 6 4 14
7 15 13 3 12 10 8 17 18 11 5 6 1 9 16 14 4 2
15 11 1 16 2 4 10 9 12 7 17 14 6 18 8 5 3 13
17 3 4 7 14 6 10 5 11 12 13 9 16 1 2 18 8 15
2 6 10 13 15 4 8 5 18 11 12 9 16 14 17 3 7 1
18 9 2 16 8 13 5 12 7 15 3 11 1 14 10 6 4 17
5 17 12 15 7 3 9 6 4 10 11 16 2 1 18 14 13 8
18 5 9 4 13 17 2 16 10 6 14 1 8 11 15 12 7 3
12 6 15 2 14 9 4 7 18 3 13 11 8 10 1 5 17 16
6 4 13 3 1 7 16 15 2 8 14 17 11 9 10 5 12 18
16 13 11 18 3 9 6 5 4 17 1 7 15 14 8 10 2 12
11 14 2 5 10 16 17 3 6 12 9 1 7 15 18 13 4 8
14 13 2 18 11 7 17 6 3 15 4 5 16 12 1 9 10 8
8 9 5 13 11 7 2 12 6 16 15 4 14 10 1 17 18 3
2 12 18 6 8 17 1 15 5 13 10 3 4 9 16 11 7 14
14 11 12 17 8 6 5 13 3 2 16 7 4 9 1 18 15 10
17 2 16 8 3 12 13 4 18 6 10 11 15 7 9 5 14 1
8 13 9 10 6 12 16 11 18 17 2 1 3 5 4 15 7 14
8 16 5 10 18 6 15 13 3 4 7 11 14 1 2 9 17 12
15 9 8 10 7 4 5 12 6 14 18 2 11 17 3 1 13 16
2 6 12 15 5 3 1 13 9 8 7 18 11 17 14 10 16 4
15 5 18 4 17 12 7 9 6 11 14 2 10 13 16 8 1 3
16 6 10 15 7 9 18 11 8 3 17 5 12 13 2 1 14 4
18 1 11 8 13 15 5 6 7 10 2 16 3 12 17 4 9 14
9 1 4 15 7 3 18 11 5 13 12 8 2 10 6 16 17 14
1 2 4 6 7 5 18 16 11 15 13 12 14 8 3 17 9 10
6 5 14 1 11 18 17 4 9 12 8 10 3 2 16 15 7 13
3 12 9 16 18 4 14 17 2 13 1 5 7 15 8 6 11 10
15 8 1 5 17 3 10 16 18 13 12 7 11 9 2 4 14 6
16 13 5 10 11 4 17 12 1 2 9 15 8 18 6 14 3 7
3 5 18 11 4 10 9 2 14 13 1 12 15 8 17 7 6 16
9 18 6 13 2 10 8 4 11 17 3 12 16 15 1 7 5 14
4 14 17 5 13 9 10 3 18 1 2 7 6 15 8 11 12 16
4 18 3 16 6 5 12 1 7 8 2 17 14 10 13 11 15 9
13 1 4 10 5 3 6 15 8 14 11 16 18 2 7 12 9 17
18 1 5 17 10 2 3 13 4 11 12 8 7 6 9 14 15 16
6 1 14 7 3 4 2 16 18 11 9 10 12 15 8 13 5 17
18 6 1 10 2 8 12 9 11 4 15 16 5 13 14 17 3 7
3 12 14 2 17 13 18 8 7 5 11 16 6 10 15 1 9 4
10 9 16 14 12 13 3 1 7 15 5 18 6 17 8 2 4 11
14 11 8 2 5 3 13 15 17 9 10 16 6 12 7 1 4 18
6 18 3 4 17 11 1 5 12 13 7 16 15 2 14 8 10 9
17 1 11 5 4 14 12 13 16 18 7 9 2 10 6 15 3 8
11 17 16 13 8 2 14 6 18 9 15 4 5 10 7 1 12 3
15 14 6 7 4 12 8 13 3 1 18 17 10 5 11 9 16 2
3 6 8 18 5 7 4 12 1 10 17 16 14 13 9 11 2 15
14 4 17 7 9 8 15 18 10 11 5 6 2 12 16 13 1 3
12 6 9 10 3 5 13 17 14 4 15 18 16 8 7 1 11 2
1 17 2 7 4 8 5 10 11 9 13 14 3 6 18 16 12 15
16 8 1 14 17 2 10 4 12 15 13 5 6 9 3 7 11 18
10 8 9 16 17 5 12 18 1 7 11 15 2 3 6 13 14 4
10 9 12 4 18 15 1 17 8 7 3 13 11 16 6 2 14 5
11 14 17 4 18 8 15 12 9 6 7 13 3 16 5 2 1 10
13 12 8 11 9 2 4 10 3 17 7 16 14 1 18 6 15 5
4 8 17 2 6 3 18 5 1 14 9 7 10 12 11 13 16 15
18 15 3 11 7 14 10 8 5 9 6 12 1 17 13 16 2 4
4 2 17 3 15 18 11 8 16 10 7 14 9 5 6 1 13 12
14 6 1 17 10 12 15 5 4 11 13 9 8 18 2 16 3 7
13 4 16 15 17 14 7 12 5 10 1 9 3 2 8 6 11 18
12 17 7 10 9 1 18 13 3 16 5 2 8 4 11 6 15 14
12 3 7 10 11 5 4 6 15 16 14 8 9 2 17 13 1 18
14 15 17 5 16 18 12 11 9 7 2 8 3 1 10 13 4 6
4 16 9 17 13 2 11 8 7 3 15 6 5 10 18 12 14 1
18 15 17 2 5 9 6 1 14 11 4 13 3 16 10 12 7 8
3 9 1 11 4 15 17 6 12 5 8 14 18 13 10 16 2 7
4 7 11 2 10 1 3 18 13 17 14 9 5 12 15 6 8 16
4 16 3 13 1 7 10 14 15 6 11 8 5 12 18 2 9 17
7 14 12 16 6 17 9 4 11 13 1 10 18 15 3 8 2 5
4 5 3 13 11 8 6 9 17 15 7 2 1 14 16 18 12 10
11 9 5 17 7 4 15 16 13 1 12 6 10 18 8 14 2 3
2 8 6 4 13 12 1 3 17 11 16 14 18 15 9 10 7 5
1 13 15 10 16 12 3 4 5 2 6 9 18 8 7 14 17 11
13 16 17 2 11 18 14 5 6 7 9 12 4 15 8 1 3 10
17 2 16 6 15 8 1 11 10 13 18 4 9 5 14 12 7 3
16 13 4 7 3 15 8 17 11 18 6 1 2 5 14 9 10 12
9 3 16 12 11 2 6 5 7 8 10 1 15 17 4 18 14 13
6 1 18 4 11 5 14 9 7 2 3 8 15 16 12 13 10 17
8 9 15 3 7 6 1 2 13 5 4 17 10 11 18 14 16 12
8 6 12 14 10 16 17 2 4 1 15 9 18 7 13 3 5 11
2 18 15 6 11 5 13 8 1 7 16 17 3 4 12 10 9 14
15 17 8 6 14 18 1 13 11 10 3 12 4 2 5 16 9 7
15 9 4 17 2 6 5 7 10 1 8 18 16 3 13 11 14 12
17 14 5 13 9 15 7 11 8 2 3 16 10 18 6 12 4 1
4 7 2 12 3 10 8 5 9 11 16 18 13 1 14 6 15 17
8 9 3 1 18 5 10 7 6 2 15 16 17 14 13 4 12 11
16 11 17 12 8 6 1 4 7 2 15 14 9 3 13 10 18 5
4 13 11 12 9 6 1 3 8 14 17 10 15 16 2 7 18 5
