19
10 14 13 12 5 4 19 1 8 3 15 2 7 11 16 6 17 18 9
18 1 13 5 14 16 3 7 2 12 19 15 6 4 9 10 11 17 8
5 17 16 15 13 19 6 2 1 9 3 7 11 18 14 12 10 8 4
15 6 3 2 16 9 10 1 18 12 11 4 7 19 17 8 14 5 13
13 19 9 3 1 4 6 16 14 18 8 5 15 12 11 7 10 17 2
19 6 16 9 12 4 8 2 1 13 18 5 11 17 14 15 7 3 10
2 17 18 9 15 13 14 11 19 6 3 7 4 8 10 12 16 5 1
18 19 3 16 13 11 8 15 2 5 6 12 17 14 1 4 9 7 10
10 14 2 13 12 11 7 5 9 8 15 19 17 6 1 4 3 18 16
6 3 10 7 8 16 12 2 11 1 15 5 4 18 9 19 14 17 13
10 6 13 2 17 8 14 18 11 3 12 9 16 1 7 4 15 5 19
17 12 14 2 9 18 8 13 15 1 7 3 6 5 19 10 16 11 4
12 9 7 18 4 19 10 17 13 14 6 2 8 15 3 5 11 16 1
19 18 4 10 2 3 1 5 16 12 13 17 6 15 11 8 7 14 9
5 18 16 3 4 10 11 12 6 17 19 8 14 7 9 13 1 15 2
12 16 11 14 5 13 2 15 19 8 3 18 6 9 7 17 10 1 4
14 15 5 6 11 19 13 16 10 4 17 1 8 2 12 18 9 7 3
10 4 11 12 14 19 6 8 2 5 1 17 7 18 9 16 13 15 3
10 13 18 6 4 11 9 3 15 19 7 16 17 5 1 14 12 8 2
18 12 10 3 15 2 1 13 6 7 5 8 19 11 4 17 16 9 14
3 6 13 17 4 1 2 9 18 5 14 8 12 19 10 11 15 16 7
15 16 10 12 14 17 4 1 5 11 13 18 3 2 19 7 6 9 8
14 10 1 16 3 11 7 2 19 6 18 13 15 12 17 5 9 4 8
13 18 14 19 9 5 10 7 12 15 2 8 4 6 11 17 16 3 1
15 19 4 9 13 1 14 8 18 2 5 7 3 10 12 17 16 6 11
11 1 8 2 19 13 4 12 3 14 10 5 15 16 7 6 9 18 17
17 15 1 3 14 18 6 5 2 7 12 4 8 11 10 13 19 9 16
18 19 7 4 14 5 6 17 15 10 9 3 13 11 8 12 16 2 1
10 8 18 6 16 5 7 4 17 19 1 3 13 2 12 9 14 11 15
9 4 3 10 1 18 2 14 6 17 7 5 19 15 11 8 13 16 12
18 4 6 12 15 7 2 17 16 8 10 11 13 9 1 14 19 3 5
10 2 11 8 18 4 9 3 19 1 16 12 14 15 7 13 6 17 5
17 2 14 1 11 19 9 4 12 18 8 13 6 16 3 7 5 10 15
3 10 13 2 19 11 5 1 12 16 14 7 15 9 8 4 18 6 17
5 2 17 14 19 13 18 6 3 9 1 10 15 11 12 4 8 16 7
8 1 11 17 10 2 3 16 4 7 9 5 13 12 6 19 14 18 15
1 5 9 7 18 19 11 8 6 17 4 2 13 12 15 3 16 14 10
12 5 13 16 7 19 14 1 8 18 2 4 10 3 11 6 9 15 17
7 19 15 4 18 2 11 10 6 17 1 8 16 13 12 5 9 3 14
4 5 2 7 12 16 14 9 15 6 11 13 19 3 17 10 8 1 18
4 5 7 11 2 19 8 6 3 1 10 15 17 9 18 12 14 13 16
19 6 17 15 14 10 1 12 5 18 8 9 3 16 2 13 4 7 11
5 12 11 18 17 10 2 8 14 19 13 3 15 7 6 16 1 4 9
14 10 5 11 13 19 12 6 1 9 18 2 16 8 7 3 4 15 17
18 9 12 5 2 10 3 14 17 1 7 6 16 11 15 8 19 4 13
15 19 17 2 7 8 9 13 5 4 14 10 18 1 12 3 11 16 6
13 6 19 17 16 18 14 9 2 11 15 1 4 12 10 5 8 7 3
14 15 13 9 6 16 8 4 18 11 17 7 2 10 3 19 12 1 5
18 4 13 9 12 16 6 19 1 7 11 3 10 15 14 17 2 5 8
5 7 4 3 14 10 15 1 2 16 8 19 17 13 9 12 11 18 6
12 16 15 14 7 5 11 6 17 8 2 9 10 19 3 1 4 18 13
11 7 16 5 2 14 18 17 8 19 10 4 12 13 3 1 15 6 9
14 13 7 2 19 8 3 1 15 12 9 17 6 10 5 4 11 18 16
19 4 17 12 1 10 18 16 14 8 15 13 9 7 5 6 2 3 11
4 11 14 16 8 12 19 7 6 18 5 10 15 3 2 13 1 17 9
8 13 12 10 6 2 15 5 4 16 14 3 18 7 11 19 9 1 17
1 16 4 8 11 3 10 19 9 2 18 12 17 14 5 7 13 15 6
14 19 8 2 1 10 6 5 18 12 15 13 3 16 7 11 9 4 17
14 3 8 11 13 15 6 19 16 5 17 4 7 9 18 10 2 1 12
7 2 13 19 10 1 6 15 18 16 12 14 17 5 3 9 4 8 11
17 3 18 10 9 15 4 5 11 12 2 14 7 1 13 6 19 8 16
5 1 11 12 6 15 7 9 17 18 2 19 13 4 10 14 8 3 16
5 8 3 7 4 19 6 12 13 18 10 2 9 16 15 14 17 1 11
10 8 3 12 5 15 9 17 18 1 2 7 19 13 11 4 14 6 16
17 14 15 7 3 9 19 4 6 10 5 2 1 16 18 11 13 8 12
6 19 9 4 7 5 18 3 13 12 14 8 1 11 2 15 10 17 16
10 13 15 5 19 3 9 2 6 7 12 16 4 8 18 14 1 11 17
9 14 7 5 1 6 4 3 8 17 11 2 18 15 12 16 13 19 10
1 12 17 14 3 10 8 19 11 6 18 9 2 5 15 4 13 16 7
9 10 2 17 19 4 13 3 1 14 11 5 6 8 18 12 15 16 7
2 9 14 18 13 15 7 5 19 3 12 1 8 10 11 6 17 4 16
5 2 15 8 14 11 18 13 16 10 9 12 19 7 17 1 4 3 6
14 1 18 17 2 7 12 11 13 8 5 6 15 9 19 4 16 10 3
2 14 11 9 8 1 6 3 16 10 12 18 17 4 15 7 19 5 13
13 19 3 14 8 11 1 10 15 4 2 17 7 6 9 16 12 18 5
12 5 6 19 8 7 3 11 4 13 10 16 1 9 15 14 18 17 2
18 19 15 6 9 5 10 3 13 11 8 4 1 2 14 17 16 12 7
12 8 1 13 5 2 14 15 9 17 3 11 6 19 10 7 4 16 18
18 3 2 7 13 11 15 8 10 4 1 19 16 14 9 5 12 6 17
6 1 5 18 15 13 14 10 7 4 12 8 19 17 2 9 16 3 11
5 16 19 1 15 4 6 14 3 18 9 2 8 7 11 17 13 10 12
16 18 15 7 13 4 6 12 11 17 1 19 8 3 14 10 2 9 5
2 7 11 3 6 1 13 19 14 18 17 9 4 15 5 8 16 10 12
12 15 6 17 1 19 3 11 10 9 7 13 2 4 8 14 5 16 18
12 4 11 1 19 15 17 6 18 14 7 9 13 2 8 16 5 3 10
4 12 2 6 13 11 1 7 18 10 17 15 3 5 16 14 8 19 9
16 2 17 4 6 5 8 9 12 3 10 11 1 13 19 15 7 14 18
11 17 18 1 4 3 8 7 12 15 16 19 6 14 2 13 5 9 10
3 19 12 5 14 7 6 10 1 2 16 11 9 15 8 4 18 13 17
8 6 9 18 2 13 11 5 3 1 7 17 4 16 19 10 14 12 15
9 16 8 11 10 5 17 19 15 1 14 18 4 7 13 6 3 2 12
14 8 7 5 3 1 9 15 2 4 12 19 11 16 6 18 13 10 17
15 16 9 11 5 17 3 18 14 4 19 10 1 7 13 2 6 12 8
6 16 1 13 15 17 14 19 10 4 2 18 9 8 11 3 7 5 12
3 2 1 14 11 17 5 6 10 18 8 15 7 19 16 4 13 9 12
10 12 6 15 9 2 8 5 13 19 1 7 18 16 3 11 17 4 14
15 18 16 11 4 17 9 5 13 14 7 19 1 12 6 8 3 10 2
19 18 8 13 11 17 16 4 7 5 12 6 10 9 2 14 3 1 15
9 4 18 12 8 2 16 10 11 1 14 19 15 7 6 13 5 17 3
9 6 4 1 15 14 18 2 16 8 10 7 5 12 11 17 19 13 3
