20
10 13 14 20 1 15 5 18 7 2 3 4 19 6 8 11 16 9 12 17
12 2 16 20 13 4 15 5 9 6 3 1 8 10 18 17 11 14 7 19
6 11 10 19 14 1 9 8 16 13 20 4 12 5 17 7 2 15 3 18
19 3 4 10 17 5 1 6 16 2 9 14 8 13 20 11 18 7 12 15
9 20 10 12 3 4 15 5 6 11 14 8 1 18 7 16 2 13 19 17
11 10 16 5 15 19 20 1 6 7 4 17 12 13 14 9 3 18 2 8
6 4 19 14 13 1 10 5 8 7 3 9 18 16 15 2 12 17 11 20
15 3 17 5 19 18 10 20 1 9 7 12 11 4 16 2 8 13 6 14
18 19 16 11 6 7 13 4 5 1 9 15 2 20 12 14 10 3 8 17
18 4 17 16 1 3 19 8 20 7 14 5 9 6 11 12 2 15 10 13
2 13 8 17 15 19 5 4 14 6 12 1 9 20 18 3 7 16 10 11
3 13 10 15 20 14 1 5 11 18 2 9 12 4 6 16 8 7 17 19
14 1 7 6 17 9 11 12 8 18 15 2 13 5 19 10 4 16 20 3
11 19 18 4 12 16 13 8 2 17 9 14 10 7 3 15 6 5 1 20
13 11 14 17 3 19 9 12 2 20 18 4 15 16 10 7 6 5 1 8
12 15 2 10 7 4 14 16 1 9 20 5 13 3 11 8 6 17 18 19
7 2 19 10 20 5 13 9 16 1 15 3 17 12 18 8 14 11 4 6
20 2 5 13 9 15 16 3 6 7 11 10 18 17 4 19 14 8 1 12
1 9 20 12 19 6 16 10 18 17 15 5 7 14 13 4 8 3 2 11
4 10 3 18 6 15 7 12 5 13 19 17 8 20 2 14 16 9 11 1
11 15 2 17 4 19 1 7 8 5 13 9 6 10 14 20 16 18 3 12
14 19 3 7 20 5 13 12 6 11 8 16 1 10 18 9 17 2 4 15
8 1 4 9 17 6 7 20 5 3 11 2 18 19 15 12 10 14 16 13
3 20 19 13 15 2 16 17 11 9 18 14 10 6 4 8 7 12 1 5
12 1 10 20 6 18 13 4 19 9 5 16 15 2 17 11 7 8 14 3
2 19 3 18 11 9 5 4 14 10 6 1 15 20 16 13 17 7 12 8
12 1 7 11 4 6 17 20 18 19 8 15 13 3 10 5 9 14 16 2
18 12 5 3 4 15 2 8 1 20 16 10 7 11 6 14 9 19 17 13
11 13 20 18 17 14 7 4 15 1 8 5 9 3 12 10 6 16 19 2
2 18 9 17 11 19 8 13 15 4 6 1 12 10 20 7 16 5 3 14
9 1 3 8 12 17 5 10 11 20 13 18 19 2 6 4 7 16 14 15
4 3 10 19 18 7 16 20 1 8 2 6 9 15 11 13 12 5 14 17
20 3 12 18 19 16 14 13 7 9 2 1 17 4 15 11 5 10 8 6
6 12 1 19 15 9 7 10 4 13 11 20 14 3 18 5 16 17 2 8
12 11 3 20 10 5 15 1 13 4 7 14 19 2 17 8 18 16 9 6
18 19 6 20 15 13 8 12 3 17 14 9 11 7 4 10 16 1 2 5
1 14 18 5 4 11 16 3 2 13 17 10 7 19 8 6 15 20 12 9
7 8 5 17 12 6 2 13 16 20 3 19 9 11 10 15 4 18 1 14
3 1 9 12 15 13 8 10 4 2 19 16 18 7 14 17 11 6 5 20
8 11 10 4 16 5 9 7 14 15 6 2 18 20 13 17 12 3 19 1
12 9 16 19 15 4 6 3 17 13 11 18 14 5 10 8 2 20 7 1
12 20 19 16 18 3 9 4 8 17 7 14 6 2 15 10 13 1 11 5
9 10 1 4 18 5 11 16 20 7 8 14 13 15 19 2 3 12 6 17
12 19 2 8 11 7 3 13 6 14 16 20 5 17 9 15 4 18 10 1
18 9 4 20 6 5 11 2 19 15 1 12 16 8 7 13 14 10 3 17
4 6 3 17 7 15 13 12 19 20 5 9 1 10 16 8 2 18 11 14
13 7 5 2 12 10 18 4 20 8 16 19 3 17 11 14 6 9 15 1
19 18 15 13 8 11 12 7 2 9 16 4 20 1 6 14 17 5 10 3
20 19 7 17 4 1 12 8 15 14 6 9 3 16 11 2 18 10 13 5
8 17 16 4 7 10 20 14 15 11 12 19 2 1 9 3 18 5 6 13
7 5 16 18 6 1 12 4 9 11 13 3 17 15 14 20 2 10 19 8
12 19 20 5 7 13 4 1 14 2 16 18 11 15 17 3 10 6 9 8
14 8 9 17 12 2 6 20 4 18 10 16 1 13 3 11 7 19 5 15
19 7 5 8 14 20 15 18 9 6 17 3 11 4 12 16 13 1 10 2
7 5 14 1 9 4 3 12 10 15 8 19 20 16 13 11 17 2 6 18
11 18 9 17 7 8 14 1 20 5 15 2 12 10 4 19 13 16 3 6
16 15 2 17 14 7 3 9 6 4 18 5 10 13 8 1 12 11 20 19
1 20 12 11 9 4 17 3 14 18 10 7 2 16 8 19 5 6 13 15
5 3 15 2 20 10 12 9 1 19 17 16 4 18 8 6 11 13 7 14
20 9 2 19 7 1 4 8 5 12 11 10 14 16 18 3 13 6 17 15
1 19 4 8 17 5 11 7 2 18 9 20 13 14 10 15 16 6 12 3
16 11 20 15 19 1 14 6 9 10 17 13 12 4 7 3 2 8 18 5
20 9 13 6 17 16 7 11 8 19 3 1 10 4 2 14 12 15 5 18
19 8 12 18 3 7 6 2 16 20 13 11 17 10 5 14 15 9 1 4
12 5 16 17 1 8 10 9 20 7 2 19 11 15 13 18 14 4 3 6
13 5 10 7 8 3 12 19 20 14 15 17 11 18 9 16 4 6 1 2
7 18 16 11 6 12 2 3 14 8 19 17 15 13 20 1 9 5 4 10
12 15 11 3 19 1 18 6 5 16 8 14 10 17 13 4 7 20 2 9
10 2 16 20 13 9 19 4 1 17 14 8 5 18 12 7 15 6 11 3
15 5 20 19 9 17 1 4 12 13 6 7 16 10 11 14 8 18 3 2
2 20 10 4 17 14 16 8 6 11 18 1 5 19 13 3 12 15 7 9
14 16 7 15 8 12 5 13 20 4 17 11 9 19 3 6 2 10 1 18
2 7 14 19 10 1 4 5 20 12 16 6 17 9 13 18 15 3 8 11
12 7 6 1 17 13 2 3 19 16 15 20 9 10 8 18 5 4 14 11
6 16 15 2 14 3 17 8 4 1 20 5 7 19 13 18 10 11 9 12
18 13 6 15 9 10 1 4 12 19 17 14 3 8 11 20 16 7 2 5
4 1 15 7 20 18 2 13 19 14 8 6 11 16 9 12 10 17 5 3
20 13 7 11 3 10 12 19 1 4 15 6 9 18 2 17 14 8 5 16
7 11 5 20 14 12 10 3 16 13 15 19 6 17 18 1 8 9 2 4
18 8 2 11 16 20 7 4 17 12 14 15 5 1 3 6 9 13 10 19
1 3 7 4 17 19 5 6 8 14 16 2 9 13 11 18 20 10 15 12
19 16 2 7 4 12 1 5 3 11 18 6 17 10 14 15 8 13 9 20
12 13 6 9 18 19 17 8 2 7 4 5 14 11 16 20 15 3 10 1
18 17 15 20 9 10 19 14 11 16 6 12 13 7 2 3 4 8 5 1
10 13 17 1 3 4 15 9 14 7 12 11 8 5 6 2 16 20 18 19
16 18 7 14 12 10 20 3 6 11 5 13 9 19 8 2 15 4 1 17
16 1 14 9 3 15 11 13 7 5 20 8 6 19 2 12 10 17 18 4
11 13 5 3 18 15 2 20 1 10 14 6 19 12 17 16 8 7 4 9
2 9 14 5 15 17 19 13 16 11 20 8 7 12 10 1 4 6 3 18
2 18 14 15 4 5 12 11 13 10 7 3 17 16 1 8 9 19 6 20
15 12 19 7 16 20 5 17 2 4 1 18 14 13 9 10 8 11 3 6
8 20 10 17 9 6 2 4 19 12 18 1 7 11 14 16 15 5 13 3
3 5 11 18 9 15 7 4 8 10 17 2 6 1 19 20 12 13 16 14
6 15 3 18 10 14 2 4 1 11 16 8 12 19 9 13 17 20 5 7
11 10 20 18 17 6 7 5 14 4 2 3 8 1 9 13 12 16 15 19
17 7 11 5 20 18 15 8 13 4 14 9 6 3 10 1 12 16 2 19
12 18 2 10 14 15 3 6 1 4 19 7 20 8 9 16 17 13 5 11
4 6 20 7 12 13 8 17 14 19 5 3 18 9 2 11 15 16 10 1
13 10 7 1 4 20 15 8 19 18 11 5 3 6 9 2 17 16 14 12
14 7 11 13 6 4 19 3 18 10 5 1 16 8 12 9 15 20 2 17
