21
14 10 3 4 6 11 12 20 16 21 8 18 7 5 17 19 1 9 2 15 13
3 1 16 14 21 9 4 5 7 12 2 8 6 18 10 20 19 11 17 13 15
11 3 1 4 14 15 13 17 21 12 6 5 9 18 2 8 7 10 16 20 19
4 1 13 5 9 14 20 12 10 15 19 8 16 2 21 7 18 11 6 3 17
2 8 5 14 20 16 4 9 10 6 19 13 15 11 7 3 21 1 18 12 17
16 9 13 12 3 6 7 19 14 20 15 5 8 2 4 18 21 10 17 1 11
15 5 13 4 20 14 16 12 8 9 3 19 6 1 17 10 18 7 11 21 2
9 3 15 18 20 17 10 7 4 2 12 6 1 13 19 16 11 21 5 14 8
11 10 18 3 4 6 19 21 8 12 9 17 20 1 13 5 16 7 15 14 2
17 3 4 8 10 14 1 18 21 11 19 12 2 7 15 5 9 16 6 20 13
8 17 16 13 7 6 20 15 2 4 1 21 3 14 11 12 19 5 9 10 18
16 5 4 13 1 12 8 2 11 21 3 18 17 10 9 15 14 7 19 20 6
21 14 5 8 1 4 2 11 16 6 9 7 12 3 20 15 17 13 10 18 19
15 17 2 3 14 13 21 9 1 7 4 6 5 16 11 18 8 10 12 20 19
8 9 16 14 10 2 20 3 21 4 6 1 17 7 11 5 13 12 18 15 19
5 10 8 19 11 14 13 2 9 15 7 20 21 17 3 18 6 16 4 12 1
9 7 12 15 3 20 4 18 10 8 11 14 16 13 6 1 5 2 19 17 21
6 9 4 14 5 21 18 20 3 11 15 8 1 2 17 10 13 16 19 7 12
1 17 21 7 15 16 20 9 3 12 14 19 8 6 10 5 2 4 11 18 13
2 17 9 19 8 7 10 15 1 20 4 5 12 11 21 6 16 14 18 3 13
1 5 17 18 11 2 20 3 13 7 9 16 15 14 6 10 19 12 8 21 4
7 17 4 16 9 19 14 8 20 1 3 5 18 6 21 2 10 13 12 15 11
18 7 15 14 20 19 2 16 3 12 21 13 4 10 11 9 6 1 5 8 17
14 2 7 16 18 10 3 21 20 17 19 6 8 12 11 13 4 15 9 1 5
3 7 10 5 14 9 13 8 6 15 20 4 2 19 16 11 21 12 18 17 1
7 17 19 2 12 5 21 4 20 16 8 3 6 14 1 11 18 9 10 15 13
10 18 12 14 19 5 6 4 21 17 11 16 1 13 15 2 9 7 3 20 8
2 7 14 20 3 11 13 1 15 9 17 16 10 8 19 18 21 6 5 4 12
21 8 5 7 9 3 13 4 6 17 11 19 15 1 10 2 16 12 18 14 20
15 4 16 17 5 6 9 1 13 10 12 18 7 11 2 14 8 21 3 20 19
21 12 9 20 8 5 16 18 10 14 17 7 3 15 13 6 1 11 4 19 2
16 20 11 6 1 14 19 17 8 15 7 21 5 3 4 10 13 9 12 2 18
2 18 16 14 11 1 4 7 17 15 20 6 8 5 12 19 10 13 9 21 3
5 6 17 20 7 11 3 21 16 18 10 14 1 12 9 4 15 2 13 19 8
7 12 8 3 13 10 21 6 19 14 16 15 18 9 4 2 1 11 5 20 17
13 9 16 3 2 11 18 5 1 14 15 4 10 19 17 20 6 21 12 8 7
8 1 12 11 16 20 19 7 18 10 5 4 15 2 6 3 14 9 21 17 13
11 10 21 7 12 6 2 16 19 17 15 9 1 18 13 3 20 14 4 8 5
17 1 12 9 7 21 13 10 4 3 6 19 11 2 5 15 14 20 8 18 16
20 3 2 1 18 13 8 6 9 14 19 7 4 16 12 15 11 17 5 21 10
9 21 5 2 18 11 6 10 15 16 17 8 4 7 12 3 20 19 1 13 14
4 6 12 5 15 1 14 16 11 7 21 10 19 3 20 18 17 9 2 13 8
17 18 19 3 1 12 8 11 4 21 2 9 16 15 7 13 14 20 5 6 10
9 5 18 3 11 2 21 14 7 15 17 1 4 6 16 13 19 12 20 8 10
8 13 15 5 18 14 11 1 12 10 19 21 17 2 7 9 6 16 20 4 3
17 2 6 15 3 19 21 1 16 10 4 9 18 11 8 13 7 14 5 12 20
11 18 12 2 13 19 5 6 10 1 4 8 20 21 7 15 14 16 3 9 17
3 6 2 1 20 15 12 21 13 16 9 4 10 14 7 17 11 18 8 5 19
3 6 16 5 14 8 17 10 15 1 9 12 4 7 18 21 20 19 13 2 11
21 15 5 16 11 9 17 20 8 7 19 14 4 13 18 3 6 12 10 1 2
9 1 8 12 3 21 10 17 13 2 19 16 4 7 11 6 18 20 14 15 5
21 8 20 2 17 4 12 11 14 1 7 19 10 18 15 16 6 13 5 3 9
18 21 20 5 12 7 14 4 17 8 2 19 1 9 10 15 6 13 16 3 11
19 14 16 13 20 17 9 3 1 18 11 12 7 5 10 2 15 4 6 21 8
2 8 13 3 21 14 20 16 1 6 15 18 5 11 4 9 12 17 10 19 7
11 3 19 4 17 9 6 14 1 10 7 12 5 13 15 2 21 18 20 16 8
20 3 1 18 12 15 17 2 6 16 9 10 4 13 14 5 7 21 19 8 11
21 16 17 1 14 7 18 12 15 8 20 2 6 11 10 19 4 5 3 13 9
11 5 14 19 16 18 21 6 3 20 17 2 13 4 8 7 9 15 12 1 10
5 18 15 1 17 2 14 10 20 3 6 4 8 7 12 11 19 13 9 16 21
19 3 9 20 5 16 2 7 8 1 11 4 13 15 12 14 18 6 17 10 21
10 6 14 16 8 9 7 4 17 13 21 2 3 5 12 19 20 1 11 15 18
13 3 4 16 14 9 1 19 18 6 20 21 2 7 11 12 15 5 10 8 17
11 18 4 13 12 17 3 9 14 21 16 19 2 7 1 5 8 10 15 6 20
20 10 21 2 9 7 15 12 11 6 4 16 13 3 1 8 14 5 18 17 19
18 19 8 15 21 4 10 13 6 7 5 16 11 3 20 1 9 12 17 2 14
21 14 9 7 1 12 18 19 13 4 3 20 16 17 6 8 11 15 5 10 2
12 18 13 5 14 4 19 20 15 16 11 10 17 7 21 2 6 9 1 3 8
4 5 12 20 8 21 2 14 6 13 18 7 19 1 9 11 3 10 15 16 17
1 20 18 5 16 2 17 14 6 8 13 4 12 15 10 7 3 21 19 9 11
19 10 18 6 11 15 2 20 4 16 14 3 9 13 17 8 21 5 1 7 12
12 18 13 9 14 2 1 7 21 3 8 20 5 17 11 19 6 16 10 4 15
20 18 17 6 19 10 21 4 12 16 15 3 14 13 9 7 2 11 5 1 8
15 18 13 17 9 10 21 16 14 20 3 2 4 11 12 7 6 8 5 19 1
21 1 19 3 18 16 15 11 14 13 4 6 9 12 8 20 2 7 5 10 17
4 3 13 5 20 12 9 16 17 11 10 14 7 21 1 2 19 8 6 18 15
16 8 5 13 12 4 7 14 15 18 17 10 9 11 19 3 6 1 2 20 21
4 16 11 2 19 18 5 8 21 6 13 17 3 12 10 1 7 14 9 15 20
21 4 5 15 6 3 19 9 14 2 7 20 1 10 12 13 16 8 11 18 17
4 1 16 21 3 9 15 14 18 5 2 6 10 7 8 17 12 13 20 11 19
3 20 14 4 12 19 7 16 2 21 8 13 10 18 1 6 17 5 11 15 9
2 15 16 21 14 12 9 19 7 18 4 6 8 1 3 5 13 20 17 10 11
4 20 6 9 15 12 10 11 17 19 8 14 2 1 13 5 3 16 18 21 7
6 4 5 10 12 19 20 13 3 15 17 11 7 2 1 18 8 9 16 14 21
1 20 21 10 6 5 9 16 3 15 18 7 12 4 19 17 2 13 8 11 14
21 8 20 13 9 10 3 14 2 11 15 4 12 17 7 16 6 18 5 1 19
7 11 17 4 10 14 3 9 18 15 5 21 20 6 19 8 12 1 13 2 16
14 9 2 20 17 21 15 19 13 12 10 5 18 11 4 16 8 3 7 1 6
20 4 11 13 15 3 2 19 1 17 12 8 7 5 10 6 16 18 21 14 9
6 8 7 15 10 21 19 1 4 11 20 3 14 17 16 13 9 12 2 5 18
14 20 10 4 6 19 5 3 16 2 9 21 15 8 18 1 17 7 13 11 12
5 7 8 20 18 19 14 13 9 16 10 15 2 6 21 1 17 12 11 3 4
6 18 8 5 12 17 1 15 14 16 7 9 13 11 20 2 4 10 3 19 21
10 17 7 2 19 9 12 13 3 14 16 4 8 11 15 20 6 5 1 21 18
19 8 15 21 14 5 18 16 7 17 11 13 9 6 4 12 20 10 2 1 3
17 12 8 11 2 4 6 7 5 14 16 13 19 21 1 15 20 10 3 9 18
9 11 19 17 8 20 4 14 16 13 3 12 5 2 6 21 15 18 10 1 7
6 8 3 7 5 20 18 12 15 9 17 2 16 10 21 4 11 13 19 1 14
16 14 15 2 1 18 19 4 13 7 5 20 21 3 12 10 9 11 6 17 8
11 6 4 19 14 15 16 5 9 3 8 17 21 2 13 10 20 18 1 7 12
