22
22 13 16 9 1 20 15 14 21 12 2 18 19 4 11 3 5 6 7 8 10 17
20 14 3 22 6 17 21 18 2 9 13 11 15 16 1 10 5 12 19 4 7 8
20 15 12 17 16 3 18 6 22 11 8 2 21 14 9 7 5 4 13 19 1 10
15 6 16 3 4 1 2 12 9 17 18 10 8 11 5 19 22 21 20 14 13 7
6 19 21 2 22 5 14 1 8 4 15 3 18 12 17 16 11 20 13 7 9 10
5 18 13 1 11 19 12 15 17 8 4 3 10 6 20 22 16 14 7 21 9 2
5 12 16 19 20 14 8 7 11 22 4 18 2 1 17 6 13 3 10 9 15 21
1 19 11 8 18 13 22 14 16 2 7 20 21 3 4 17 10 5 9 6 15 12
12 22 6 20 21 19 13 8 1 2 16 15 14 3 17 9 11 4 10 7 18 5
4 5 18 20 1 3 8 12 6 21 7 19 22 15 16 2 17 14 11 9 10 13
4 5 2 17 18 14 15 8 10 7 6 12 3 1 9 13 16 22 19 20 21 11
10 11 8 18 4 2 15 20 3 21 7 16 12 5 19 6 14 17 22 9 1 13
18 12 9 16 8 7 4 11 10 21 22 1 2 15 6 17 14 20 3 5 13 19
16 3 13 14 7 21 4 17 1 8 2 22 12 6 10 9 5 11 19 15 18 20
12 13 20 4 9 19 15 2 10 7 11 17 3 5 21 16 22 6 1 14 8 18
13 16 5 19 1 18 12 6 4 2 15 17 9 20 14 3 8 11 21 10 7 22
3 10 19 21 13 14 17 1 12 18 11 20 5 8 6 2 7 22 16 9 4 15
7 1 20 5 12 22 6 10 18 17 14 11 16 21 8 13 4 3 15 19 2 9
20 16 21 11 5 19 3 18 15 7 22 9 10 14 13 2 17 6 12 4 1 8
14 17 6 7 8 5 2 20 12 9 4 15 3 22 18 10 16 19 1 11 21 13
8 5 14 13 21 9 18 7 16 6 4 1 22 19 2 3 20 10 11 15 17 12
11 6 22 19 5 10 18 8 12 16 13 2 20 14 15 3 4 9 1 7 17 21
20 14 22 17 7 6 13 15 9 12 4 16 10 11 21 5 8 1 2 3 19 18
20 11 21 6 19 22 18 7 13 10 1 15 4 9 5 8 2 3 14 12 17 16
6 5 3 19 2 13 15 11 8 14 16 21 22 17 9 20 1 18 7 10 12 4
14 6 1 12 9 13 8 20 15 21 17 2 19 16 5 22 18 4 3 11 7 10
3 14 11 17 2 18 8 20 9 21 16 1 15 7 22 13 10 12 19 4 6 5
14 2 6 13 18 1 9 4 7 3 16 20 10 12 5 8 15 19 11 22 17 21
7 5 11 19 13 14 9 1 15 20 21 16 4 22 17 3 2 10 12 6 18 8
9 6 12 15 21 18 2 10 8 11 22 7 19 20 3 1 17 14 4 5 16 13
6 12 18 19 9 22 11 10 2 16 1 21 17 15 13 7 5 20 3 14 4 8
17 11 4 1 22 13 9 18 14 5 2 16 8 7 12 21 20 3 19 6 15 10
11 22 3 7 21 1 12 20 2 14 13 8 9 6 4 15 17 10 18 5 16 19
16 4 18 22 21 19 6 8 12 15 10 13 1 2 14 7 5 17 9 3 11 20
21 22 10 13 4 18 1 12 16 17 9 11 3 8 6 15 20 2 5 14 19 7
13 12 4 10 16 1 6 17 19 3 18 7 11 21 9 20 15 22 5 8 2 14
16 8 10 11 4 18 20 15 1 6 2 22 9 13 21 19 3 17 14 12 7 5
12 16 4 5 3 15 18 7 11 20 10 19 1 8 9 17 22 6 13 14 21 2
1 3 19 6 17 21 15 13 8 5 14 9 11 16 18 10 2 12 7 20 22 4
13 14 6 3 21 10 19 18 20 16 17 12 8 9 4 1 22 11 15 7 2 5
9 1 7 14 15 18 13 4 6 10 2 5 19 17 21 12 11 3 20 16 8 22
6 7 11 16 3 17 9 19 14 8 15 10 12 13 22 4 1 2 21 18 20 5
18 6 17 14 21 15 19 7 1 16 3 5 10 4 8 22 20 12 13 9 2 11
11 15 7 13 1 5 19 21 18 17 14 12 16 10 4 3 9 2 6 20 22 8
4 10 19 1 8 20 3 18 21 15 16 12 13 6 14 11 2 22 7 9 5 17
19 14 21 9 4 12 1 8 5 22 13 7 3 6 11 10 2 17 16 18 20 15
20 3 6 10 5 15 2 8 7 4 11 12 13 22 18 21 16 1 9 14 17 19
20 3 1 6 10 15 16 17 5 13 21 22 19 14 7 11 8 12 18 9 4 2
18 10 19 2 5 13 14 6 7 9 21 15 4 11 1 22 3 8 16 20 17 12
22 5 3 15 12 18 14 6 7 10 21 19 17 20 13 11 2 9 8 16 4 1
16 6 22 15 8 11 18 2 3 17 10 9 20 19 14 21 1 13 4 12 7 5
20 5 1 7 21 16 17 10 13 14 22 2 11 8 12 19 9 6 3 18 15 4
8 11 22 15 16 20 17 6 5 9 7 14 2 18 4 10 13 3 21 1 12 19
17 20 15 18 5 2 10 1 7 4 13 19 9 22 11 21 6 3 12 14 16 8
13 1 5 21 2 4 7 22 8 12 6 19 18 9 16 11 14 10 15 17 3 20
13 18 21 8 16 4 5 19 20 2 6 7 22 3 1 14 12 15 11 17 9 10
15 19 6 7 20 1 17 8 18 10 13 11 2 16 14 12 4 22 9 21 3 5
5 15 13 4 14 1 21 3 19 2 8 6 22 18 16 12 11 9 20 7 10 17
19 12 5 17 4 18 20 1 15 22 14 3 16 9 6 21 13 7 2 10 11 8
15 2 6 9 13 8 14 19 11 21 5 4 22 7 1 18 3 16 17 12 20 10
8 11 4 13 2 12 16 15 22 3 6 19 7 1 20 14 5 10 18 21 9 17
1 17 7 16 21 9 6 2 3 19 18 13 11 4 10 22 15 5 20 8 14 12
4 21 17 13 11 15 1 10 16 20 8 3 14 18 5 19 12 9 2 6 7 22
17 9 15 18 14 21 12 10 13 22 1 5 16 4 7 6 11 19 8 20 2 3
9 19 22 5 17 16 6 4 7 21 3 11 15 20 18 14 13 2 1 12 8 10
5 2 20 4 8 7 18 10 1 22 3 12 19 17 14 13 11 9 21 15 6 16
19 13 18 22 17 14 10 2 4 5 7 8 21 3 9 20 11 12 16 6 1 15
13 21 14 2 22 7 5 20 10 16 12 1 11 3 19 15 9 17 8 6 4 18
11 12 5 18 13 19 16 1 14 10 22 15 20 6 21 2 3 7 4 8 17 9
17 18 19 16 9 7 8 13 5 12 22 2 10 11 21 14 3 1 15 6 20 4
6 9 8 2 16 13 20 5 14 7 17 12 19 18 1 15 4 22 11 3 21 10
11 2 21 22 20 18 19 6 12 5 15 17 1 14 10 4 7 9 8 13 3 16
17 10 8 22 6 4 5 15 19 11 7 18 21 9 3 14 1 16 20 2 13 12
19 4 21 5 3 9 17 1 11 22 14 12 6 18 7 15 2 8 13 10 20 16
15 22 20 19 5 17 16 1 10 8 6 11 9 7 4 13 2 14 12 3 21 18
9 7 20 6 18 15 10 22 12 2 3 8 1 14 21 17 16 19 4 5 13 11
20 12 11 18 8 10 2 7 4 9 19 16 22 1 6 21 3 15 14 13 17 5
19 8 13 10 14 11 21 12 2 1 4 17 7 3 15 22 9 18 5 16 6 20
5 11 22 14 17 1 12 7 6 4 13 21 15 18 2 10 16 8 3 19 20 9
20 21 10 2 4 7 13 3 15 5 8 17 9 14 11 19 6 12 18 1 22 16
9 15 7 13 6 18 20 10 4 14 19 12 11 2 3 17 16 22 1 21 8 5
21 3 6 7 2 4 18 11 8 17 12 13 14 1 22 5 16 20 19 10 9 15
10 11 2 8 14 19 18 7 3 1 12 21 15 16 9 6 4 13 20 17 22 5
13 6 2 14 15 7 21 20 11 19 18 10 8 22 16 17 9 1 3 12 4 5
7 2 6 4 19 1 14 16 18 9 21 5 11 15 8 20 12 22 3 13 10 17
4 12 19 14 18 1 10 5 2 20 11 7 3 17 9 21 13 15 8 22 6 16
8 3 17 2 11 13 22 18 6 1 20 9 21 4 14 5 15 10 19 12 7 16
20 18 2 14 10 6 9 7 21 12 8 16 11 17 5 3 15 22 13 19 4 1
2 14 3 6 8 9 7 1 18 4 5 21 17 16 22 12 13 15 11 20 19 10
4 13 3 14 6 20 17 11 2 8 15 18 21 16 5 12 10 1 9 19 7 22
12 14 8 22 16 11 10 7 17 4 18 20 6 21 9 15 19 1 3 13 2 5
10 15 19 7 9 11 13 6 12 21 14 8 22 5 2 17 20 3 18 4 16 1
1 9 6 7 20 3 4 19 16 10 14 15 11 2 8 21 12 18 17 13 5 22
17 5 1 19 16 4 11 6 3 18 21 22 9 14 8 15 20 7 12 10 13 2
19 11 13 21 5 14 22 3 18 12 8 9 15 6 20 16 2 10 1 4 7 17
16 17 8 1 5 9 19 2 4 7 6 10 12 15 14 21 3 18 13 20 22 11
11 15 3 14 9 22 6 4 8 10 16 7 1 12 20 17 21 18 13 2 19 5
19 14 13 3 21 22 5 18 17 11 6 16 15 7 2 10 12 20 9 8 1 4
14 10 7 8 3 18 20 9 13 11 21 19 15 16 5 22 1 2 4 12 6 17
15 8 21 19 10 6 13 4 17 9 3 16 7 20 11 22 14 5 1 2 12 18
