23
12 6 9 10 7 8 16 11 18 23 22 5 4 20 15 3 2 21 17 1 19 14 13
17 2 8 18 19 23 9 3 12 11 16 14 20 21 5 13 22 6 15 4 7 10 1
13 23 5 16 2 6 19 3 1 14 9 4 15 18 12 8 17 22 7 21 11 10 20
13 12 5 9 10 8 11 16 1 7 15 6 23 22 19 4 3 14 2 20 17 21 18
22 21 13 17 10 5 19 12 2 3 4 20 18 11 16 14 15 9 6 1 23 7 8
10 12 9 21 17 5 16 4 20 7 8 14 11 22 13 6 15 2 18 19 1 3 23
23 13 19 12 6 17 9 21 16 8 2 7 5 11 10 3 14 15 4 20 1 18 22
21 19 12 6 14 20 11 8 7 2 5 4 23 15 1 13 17 9 3 16 22 10 18
16 21 6 4 7 17 23 13 20 3 14 19 18 9 12 5 22 1 15 10 11 2 8
17 8 19 5 4 23 7 18 22 3 13 11 15 6 21 9 2 16 10 12 14 1 20
7 16 5 3 18 15 23 19 8 12 2 1 22 17 10 4 13 11 6 21 14 9 20
13 9 19 6 20 17 4 2 23 14 11 18 22 3 21 12 1 5 16 8 15 10 7
10 7 18 5 20 11 1 15 21 13 23 4 3 22 19 12 17 8 6 16 2 14 9
12 1 7 20 6 14 2 18 8 16 11 5 10 17 15 9 4 13 23 3 19 21 22
9 17 6 15 10 22 18 1 8 5 12 7 21 11 20 14 2 3 19 13 16 23 4
6 5 19 4 10 13 22 9 7 2 18 11 16 8 17 21 15 3 12 23 20 1 14
18 10 4 11 3 6 22 16 13 14 21 7 20 19 23 12 5 2 17 15 9 1 8
3 9 7 10 16 15 5 12 4 18 17 22 20 2 21 13 6 19 8 14 11 1 23
13 14 7 23 21 17 16 2 12 1 3 4 22 9 11 15 8 5 6 18 20 10 19
8 10 19 20 21 9 14 7 18 12 3 17 13 1 15 11 6 23 2 5 22 16 4
14 11 21 20 23 13 19 9 10 5 7 2 6 18 8 4 12 16 22 15 3 17 1
17 13 18 23 12 7 16 4 3 6 19 10 22 5 21 2 14 1 20 8 15 9 11
14 15 8 7 19 5 20 17 9 11 13 3 1 21 16 10 4 2 22 12 6 18 23
20 13 3 14 11 6 22 10 23 16 7 5 8 18 15 4 21 19 1 9 12 17 2
19 21 23 2 11 13 15 8 3 14 17 5 7 9 6 16 12 18 10 20 22 1 4
15 17 7 16 9 2 4 1 12 20 23 11 10 19 22 14 13 3 6 18 21 5 8
2 12 17 22 8 7 5 19 4 20 23 16 1 6 14 11 9 15 3 21 13 18 10
6 14 13 11 1 3 16 8 15 17 20 21 10 2 12 4 22 18 9 23 7 5 19
23 15 6 12 19 16 17 20 11 9 8 18 4 10 14 1 5 7 2 13 22 3 21
14 2 12 18 22 19 23 3 1 5 20 9 21 8 6 7 15 4 10 17 11 13 16
20 21 7 10 18 17 19 16 12 1 15 8 3 11 6 14 22 9 2 13 5 23 4
10 9 1 6 11 7 12 20 22 19 13 2 14 3 8 16 23 4 15 21 5 17 18
18 11 12 9 4 22 2 5 20 16 1 19 6 3 13 14 17 15 23 10 8 21 7
9 8 15 14 7 2 23 18 12 6 22 16 11 5 3 13 17 10 19 4 1 21 20
16 3 8 19 21 7 17 18 2 11 14 13 12 4 15 5 20 10 9 23 1 22 6
14 12 8 6 5 23 18 11 17 1 16 13 9 19 15 22 10 4 3 20 21 2 7
22 14 8 13 16 3 7 20 2 10 11 9 6 4 19 21 15 23 12 17 18 1 5
12 4 13 10 22 3 21 15 9 18 20 16 1 5 23 7 8 17 14 11 6 19 2
13 8 19 1 4 21 2 20 18 12 10 9 22 3 14 7 23 5 17 6 11 15 16
18 11 17 1 9 12 5 10 2 7 21 19 13 22 16 20 15 3 4 8 23 6 14
3 18 10 9 5 23 21 22 14 8 4 15 20 1 2 16 19 11 6 7 12 13 17
14 23 1 3 6 18 16 11 22 9 13 15 12 4 17 21 2 5 8 7 20 19 10
18 7 8 1 17 23 20 4 6 5 16 3 11 2 21 19 22 13 9 10 14 12 15
20 7 18 23 8 9 5 14 1 11 10 22 4 21 12 19 6 2 17 15 16 3 13
5 7 20 6 18 21 17 14 16 23 12 9 2 4 8 1 19 3 15 13 10 11 22
8 23 1 2 5 7 12 6 15 18 16 14 21 10 17 11 20 3 22 9 19 13 4
4 7 6 21 16 18 19 20 15 8 1 12 5 2 3 9 23 11 17 22 10 13 14
1 21 2 22 8 20 14 13 10 19 11 15 5 23 6 4 16 18 17 7 12 3 9
1 12 6 8 11 19 17 13 15 14 3 7 5 4 10 2 21 9 18 22 20 16 23
11 3 21 16 6 1 10 23 22 8 19 15 12 20 9 18 7 4 2 13 14 5 17
20 3 17 19 7 10 5 4 2 6 13 18 12 22 23 15 1 11 16 9 21 14 8
10 12 9 1 22 18 16 13 15 19 5 8 23 17 2 21 14 11 7 4 20 3 6
18 23 6 7 14 9 11 5 8 15 3 16 1 19 13 22 12 20 21 17 10 2 4
5 17 9 12 14 15 7 10 18 3 16 23 13 4 2 22 8 21 1 19 20 11 6
11 18 16 12 3 22 7 5 1 15 6 4 2 8 17 14 19 10 13 21 9 23 20
18 2 9 12 1 4 23 11 8 17 5 7 19 14 16 10 6 20 3 22 13 21 15
20 13 23 17 21 18 3 6 5 4 15 19 14 9 10 7 2 11 12 8 22 1 16
11 7 18 5 21 9 4 19 2 13 16 23 15 22 3 1 10 8 12 20 6 17 14
16 23 12 15 2 18 3 14 4 13 9 21 19 1 5 11 17 20 7 6 22 8 10
22 11 4 13 9 3 12 19 10 8 14 18 21 7 15 5 20 6 1 2 16 23 17
15 20 22 18 6 5 11 17 13 10 19 14 3 21 8 2 12 1 4 16 23 9 7
8 18 10 17 21 16 3 5 20 15 11 7 13 1 22 14 6 23 4 19 9 2 12
7 17 21 8 19 5 10 22 14 12 11 18 15 23 1 2 20 16 9 13 3 6 4
5 6 13 16 3 1 11 10 4 2 7 22 20 15 17 14 19 18 12 9 21 23 8
13 7 2 16 4 10 12 21 14 11 18 9 3 6 17 22 23 8 20 19 15 5 1
2 7 4 6 20 9 1 5 12 8 22 23 10 3 15 21 14 16 18 19 11 17 13
2 20 17 11 8 3 5 13 14 22 21 19 10 9 16 4 15 7 12 1 6 18 23
6 13 1 2 12 15 19 4 20 18 17 22 8 14 7 21 16 23 10 9 11 3 5
1 2 23 3 10 20 18 9 19 12 13 11 17 4 7 22 8 14 16 6 5 15 21
22 18 23 10 16 21 19 17 13 4 12 15 5 11 1 2 8 7 3 14 9 6 20
4 7 19 1 18 16 11 12 2 5 6 22 23 13 21 17 20 15 8 3 9 10 14
20 1 9 14 22 6 19 11 23 7 4 2 10 3 8 18 17 16 5 12 13 21 15
8 14 13 9 4 5 19 6 3 12 10 20 23 22 2 18 1 21 15 16 17 11 7
6 15 17 20 23 4 11 2 21 16 9 13 3 1 12 22 14 5 10 8 18 7 19
1 10 2 17 7 20 23 4 6 21 3 11 13 16 19 22 18 5 12 15 9 8 14
9 12 3 2 8 14 16 4 11 20 17 6 18 23 13 7 10 22 15 19 21 1 5
4 18 2 6 11 19 16 13 15 17 5 12 23 3 22 10 20 1 21 9 8 14 7
1 2 22 4 16 5 19 20 18 13 7 10 11 21 17 9 14 6 15 8 23 12 3
11 18 20 7 15 13 6 21 19 10 8 4 5 3 16 22 23 14 1 2 12 17 9
2 20 18 9 6 15 19 11 12 1 7 8 21 13 4 16 3 5 17 10 22 23 14
4 3 16 13 10 7 22 5 15 14 9 21 2 8 17 23 1 11 6 20 18 12 19
4 20 8 22 19 17 6 11 2 21 9 14 7 5 3 23 10 1 18 12 15 16 13
20 11 15 5 12 18 23 6 4 1 14 9 2 17 16 22 10 3 7 13 19 8 21
7 4 2 20 9 19 11 14 3 8 15 12 17 13 1 6 21 16 10 23 18 22 5
23 11 9 4 6 5 13 19 10 22 3 7 14 17 15 1 2 18 21 20 12 8 16
11 15 1 13 6 14 3 22 7 20 5 2 16 4 12 18 23 9 19 8 10 21 17
7 23 17 19 18 15 8 6 3 2 11 10 20 9 4 12 13 1 14 16 22 21 5
14 15 13 20 4 23 11 21 19 6 22 18 3 8 9 1 10 7 5 17 12 2 16
10 3 1 8 19 12 2 13 5 7 6 14 22 15 9 18 16 23 11 21 17 20 4
21 14 23 12 18 9 20 17 10 16 8 5 3 15 6 13 19 11 7 1 4 2 22
9 12 17 20 15 2 7 16 4 18 23 3 22 13 1 21 5 19 8 6 11 14 10
23 13 7 20 15 4 12 5 6 19 1 9 17 8 18 3 14 16 21 22 11 2 10
6 19 7 20 2 13 16 8 21 22 12 10 5 1 17 4 11 9 14 23 3 15 18
14 5 4 21 23 11 17 9 2 13 1 15 7 8 6 18 10 3 22 16 19 12 20
3 7 16 10 18 5 13 12 11 22 14 1 6 8 23 9 15 20 21 4 2 19 17
23 11 6 20 12 8 21 7 18 13 2 9 15 17 19 5 14 3 22 10 16 4 1
6 11 1 14 21 22 10 7 23 16 20 17 3 8 13 15 4 19 12 5 18 9 2
10 8 1 11 21 4 13 16 23 19 20 6 22 2 7 12 14 9 18 15 5 17 3
18 11 7 15 17 3 14 22 9 13 6 23 16 20 1 4 2 5 8 10 19 21 12
17 13 1 21 3 4 5 8 11 16 7 9 10 15 23 6 19 2 22 18 14 20 12
