24
22 13 19 24 21 16 17 6 2 11 5 4 10 20 8 23 14 7 18 9 15 12 3 1
18 4 10 21 19 23 14 7 15 17 5 20 12 1 24 16 11 22 2 3 8 13 9 6
11 3 5 21 7 15 17 23 2 16 19 20 10 24 6 14 12 22 1 4 18 13 8 9
15 7 24 21 23 12 6 17 3 18 2 1 14 10 11 4 8 13 20 19 5 9 16 22
2 13 23 5 20 10 17 18 24 4 11 16 19 7 3 22 9 1 12 14 6 8 15 21
10 11 18 7 3 14 12 4 21 8 13 15 9 22 23 2 17 6 16 1 24 20 19 5
6 3 5 4 24 16 9 7 23 12 1 17 2 22 10 21 13 19 15 8 18 20 11 14
13 23 11 16 14 19 22 18 20 15 24 9 5 12 3 10 21 1 8 6 4 17 7 2
1 8 19 18 20 12 15 14 4 9 11 17 6 5 13 22 21 10 23 24 2 7 16 3
5 4 13 12 15 23 11 1 7 20 3 17 24 18 16 8 10 19 21 9 6 14 22 2
3 8 9 23 16 2 20 17 13 1 22 11 24 15 14 5 10 21 18 6 7 19 4 12
18 22 16 23 3 6 24 15 19 10 7 21 17 9 8 11 2 13 20 5 12 14 4 1
13 17 21 11 20 9 12 18 15 2 8 23 16 22 14 19 3 24 4 6 1 5 10 7
2 14 3 22 8 7 15 18 11 13 23 19 20 24 9 1 10 17 12 6 21 16 4 5
3 10 19 9 16 1 22 6 11 15 18 8 17 20 5 12 14 2 7 4 23 24 13 21
11 1 18 9 16 15 23 19 13 8 20 17 2 21 12 14 22 5 7 6 4 24 3 10
22 12 7 15 5 2 11 6 19 23 8 16 10 24 14 13 1 17 9 20 3 4 18 21
22 10 4 17 9 15 2 8 14 18 24 21 23 3 12 5 1 7 11 20 13 19 6 16
10 16 14 3 7 5 20 4 17 11 8 15 2 6 12 13 21 22 19 9 18 23 24 1
9 14 19 1 22 24 12 3 7 21 11 17 8 20 2 16 13 4 6 23 18 10 15 5
12 19 16 13 5 24 2 17 7 18 6 1 23 4 21 8 22 20 10 15 14 11 3 9
7 9 15 8 14 21 17 10 11 6 5 19 16 23 13 18 4 3 20 12 1 24 22 2
13 24 5 9 22 14 4 20 19 18 21 12 11 10 1 3 2 17 6 23 16 7 8 15
18 15 17 21 9 10 14 1 2 8 19 5 23 13 7 24 20 11 3 12 22 4 16 6
19 7 10 18 13 21 1 6 17 11 16 5 8 23 15 12 22 3 4 20 2 14 9 24
9 18 3 20 19 15 8 6 16 1 4 14 11 24 12 13 2 22 5 17 21 7 23 10
5 20 3 6 11 7 9 2 21 8 15 19 4 16 14 12 22 23 1 24 13 10 18 17
8 7 4 23 20 18 5 10 19 12 21 2 14 24 16 6 9 11 17 13 15 22 1 3
11 15 4 13 2 19 5 1 21 6 8 22 20 10 17 3 18 12 16 7 23 14 24 9
4 18 15 23 17 10 2 6 24 1 11 12 19 13 5 16 3 9 21 7 14 8 22 20
11 24 20 21 16 18 17 23 7 13 14 5 2 10 6 8 9 4 3 12 15 1 22 19
6 17 10 14 23 8 5 22 7 1 11 19 20 13 3 15 12 9 21 2 24 4 16 18
2 12 4 5 16 11 15 1 19 8 9 21 24 7 18 20 22 10 23 14 13 6 17 3
15 11 20 18 24 2 22 21 6 13 9 19 5 8 4 1 17 16 3 7 12 23 10 14
3 13 2 11 18 19 24 4 1 8 21 14 9 20 10 17 22 15 12 6 7 23 5 16
3 14 9 20 10 19 5 21 13 7 8 18 2 4 16 15 23 22 1 17 12 6 11 24
1 7 14 2 24 11 18 4 13 15 8 22 20 19 10 23 21 3 6 5 12 17 9 16
1 18 11 22 7 24 4 19 23 16 20 12 5 21 2 13 3 14 15 8 17 6 10 9
10 7 15 1 6 19 14 21 23 9 13 18 5 2 24 22 20 11 12 3 4 17 8 16
2 7 19 9 22 14 8 24 17 20 23 3 16 5 13 6 15 11 21 4 10 1 18 12
16 9 10 23 4 15 2 5 21 22 20 3 6 7 1 17 11 18 19 8 24 12 14 13
15 4 17 16 18 11 24 21 14 1 3 20 12 10 6 23 19 7 8 5 13 2 9 22
21 24 11 7 4 9 6 15 19 12 23 1 14 17 8 10 3 16 22 13 2 20 5 18
7 2 8 16 18 10 4 19 13 23 14 24 9 12 3 11 22 20 15 1 6 21 17 5
24 18 3 12 10 16 21 22 15 9 19 7 2 20 17 23 4 14 5 6 8 1 11 13
14 12 2 6 7 18 1 8 20 21 13 22 16 17 9 11 19 4 10 5 15 24 23 3
9 19 5 23 21 4 14 22 16 1 11 12 8 20 13 17 7 6 10 18 15 24 3 2
23 1 8 21 18 7 3 20 10 15 9 12 24 17 13 6 14 4 19 22 5 11 2 16
5 4 3 21 22 9 13 24 12 19 1 18 11 10 8 7 6 23 16 14 2 15 17 20
2 23 6 14 1 13 20 16 11 17 7 18 19 22 8 9 10 3 24 12 5 15 21 4
5 18 20 22 24 15 6 4 23 2 10 8 19 12 3 9 16 1 13 17 21 11 7 14
20 4 16 14 1 9 3 24 12 17 18 10 7 15 8 22 11 13 5 21 23 2 6 19
23 14 1 16 9 17 6 22 19 15 13 12 2 11 24 4 3 21 7 18 10 5 8 20
14 15 11 22 12 6 20 18 5 1 21 13 17 7 24 8 4 9 16 2 23 3 10 19
11 5 2 18 6 22 7 19 16 23 15 4 12 14 24 13 20 10 17 3 9 8 21 1
6 19 5 17 18 15 12 24 4 21 14 1 7 22 9 3 2 11 10 13 8 23 20 16
8 15 19 20 1 5 13 12 22 7 4 6 18 17 14 2 3 10 9 16 24 21 23 11
1 4 21 11 13 20 16 24 5 17 14 19 22 23 12 7 3 15 2 9 6 8 10 18
4 18 3 24 16 17 13 6 19 14 7 12 22 21 8 23 5 1 9 15 2 20 11 10
16 12 18 15 7 13 19 8 22 23 1 5 14 17 24 9 10 4 3 20 21 2 6 11
5 9 22 17 15 6 13 18 7 21 10 23 3 11 4 1 24 16 14 8 20 2 12 19
9 19 22 10 15 6 4 12 5 7 8 3 16 20 11 1 24 23 18 13 2 17 21 14
1 11 19 4 20 6 9 22 16 7 15 18 24 14 8 21 23 17 13 12 2 5 3 10
19 22 7 3 17 5 16 9 10 20 14 13 11 2 4 24 15 23 21 1 6 8 18 12
22 3 15 18 16 8 10 17 4 7 6 12 1 14 19 24 5 11 13 23 21 9 20 2
21 5 7 24 12 1 9 10 11 14 20 17 3 22 2 16 8 4 18 13 6 23 19 15
7 10 17 9 5 23 18 22 24 16 3 11 20 6 12 1 15 4 13 8 14 21 19 2
9 6 16 23 1 24 11 21 13 4 12 20 5 22 8 2 10 19 3 7 18 14 17 15
3 5 1 11 19 13 20 22 14 24 10 12 4 15 8 9 18 17 23 7 16 6 21 2
9 14 2 1 20 12 23 17 5 24 10 7 19 3 18 15 6 13 11 22 4 21 8 16
24 23 22 10 16 5 6 14 21 17 19 15 12 2 1 3 7 4 20 18 13 11 9 8
7 9 17 10 11 5 18 12 22 15 19 23 14 8 21 2 13 6 20 24 3 16 1 4
14 4 1 15 24 19 9 10 16 8 17 21 5 6 3 13 7 12 20 18 11 2 23 22
2 7 4 16 3 12 20 15 5 24 22 21 17 11 19 1 8 18 14 9 23 13 10 6
24 12 1 14 23 11 22 8 2 13 17 19 10 16 4 21 5 20 15 18 6 7 3 9
23 16 14 20 9 17 10 15 13 3 18 6 5 12 2 7 8 11 21 4 1 19 22 24
5 15 14 9 17 23 24 16 2 7 11 6 20 10 4 3 12 19 8 1 21 13 18 22
22 6 13 12 1 2 15 19 23 5 9 16 4 10 17 24 11 18 3 8 14 21 20 7
7 8 13 17 18 1 6 4 5 9 19 2 3 20 21 23 11 10 12 15 22 16 14 24
24 23 7 15 20 17 6 2 13 12 5 11 21 16 22 18 10 8 19 1 14 4 3 9
14 15 5 17 21 3 2 9 18 24 22 11 6 12 4 20 7 16 8 23 10 1 19 13
14 9 19 22 21 20 24 17 11 18 2 16 15 10 3 5 7 8 4 23 1 12 6 13
16 14 11 8 5 13 1 20 17 9 6 7 18 3 21 22 4 10 15 2 24 19 23 12
14 3 15 24 6 12 17 2 5 1 13 9 21 22 10 7 11 20 16 4 19 23 8 18
8 17 14 7 16 21 2 3 20 22 9 1 15 19 10 12 24 18 23 11 5 13 6 4
15 13 17 16 19 4 22 3 2 12 11 9 8 10 5 23 24 14 7 6 20 1 18 21
11 17 16 12 19 7 6 8 9 2 1 22 20 3 13 15 14 10 21 23 5 4 24 18
23 17 2 5 18 6 24 9 16 3 13 10 20 15 14 22 12 4 11 7 1 8 21 19
13 21 4 8 3 18 16 22 12 14 20 7 23 9 11 6 10 1 5 24 15 19 17 2
22 8 7 11 15 6 23 17 18 2 21 12 14 19 16 10 20 24 4 5 3 1 13 9
7 13 24 2 1 4 17 23 16 21 5 8 11 22 19 3 14 10 9 15 20 18 12 6
1 15 5 23 13 2 17 18 3 21 7 19 14 9 12 4 6 10 8 20 11 22 24 16
16 6 11 23 4 9 15 10 7 21 19 3 12 14 22 5 8 17 2 1 24 18 13 20
17 10 1 2 3 19 12 9 24 13 23 8 5 18 6 4 15 14 20 21 7 11 22 16
19 2 21 10 7 11 22 3 5 20 1 16 15 18 13 8 9 12 17 14 4 23 24 6
19 4 5 24 15 18 9 12 1 16 10 23 20 22 6 14 13 3 8 2 21 7 11 17
4 24 11 2 18 12 17 22 19 15 13 21 5 9 16 10 1 20 14 3 8 23 6 7
24 19 23 9 6 1 4 2 20 13 11 16 3 10 22 7 17 15 14 21 5 12 18 8
19 15 2 4 23 16 11 7 5 8 3 14 20 9 6 17 18 21 12 10 22 13 24 1
15 19 16 6 11 4 5 17 7 23 24 21 10 18 2 3 1 13 14 22 12 9 20 8
