25
2 23 5 18 25 9 1 24 22 15 11 3 19 20 13 14 16 7 8 21 6 4 12 10 17
11 13 24 1 4 9 5 7 17 16 14 21 6 3 20 10 19 18 15 22 25 23 2 12 8
7 24 19 21 9 8 13 18 23 15 6 12 10 25 4 17 14 3 22 16 11 5 1 20 2
4 23 18 16 9 15 19 13 10 2 25 5 1 6 22 24 12 20 8 3 14 21 11 17 7
3 8 21 5 16 18 9 22 15 10 14 19 13 25 4 12 17 20 6 1 7 11 2 24 23
8 20 1 25 3 21 14 16 22 5 2 17 9 19 11 15 12 6 7 23 13 24 10 18 4
25 23 9 12 4 24 19 14 21 18 1 8 5 11 6 17 22 13 15 7 2 20 16 10 3
20 13 9 24 11 3 4 16 23 22 19 5 18 25 17 6 2 15 21 7 14 1 12 10 8
24 9 11 5 16 3 18 22 17 7 6 4 8 1 13 19 25 10 23 20 14 21 2 15 12
11 15 16 23 14 9 1 12 22 20 13 8 10 5 7 17 3 6 18 21 25 4 2 19 24
14 19 6 5 22 9 16 3 8 20 24 13 23 2 21 17 1 7 18 12 10 15 4 11 25
14 10 25 16 4 6 19 2 11 18 21 5 22 17 3 7 9 20 12 8 13 15 23 24 1
7 6 5 24 13 23 12 17 18 21 1 3 8 15 14 2 4 20 19 9 11 22 16 10 25
3 1 9 21 17 11 16 4 20 23 24 8 19 6 2 12 13 14 25 15 10 7 5 22 18
20 6 12 10 17 25 11 8 4 3 13 7 16 24 23 21 15 9 19 5 1 18 14 22 2
7 14 12 23 21 16 13 10 8 15 22 4 19 6 17 11 5 25 20 24 9 1 18 2 3
6 7 22 20 25 11 23 19 21 9 5 17 12 13 1 3 10 8 2 14 16 24 15 4 18
25 8 14 20 17 18 12 4 9 6 10 11 5 7 13 15 19 16 1 3 22 21 24 23 2
23 7 2 18 4 16 11 10 8 15 21 5 20 12 6 9 1 22 19 13 25 14 3 24 17
19 21 20 4 1 25 10 13 18 17 8 16 14 6 2 5 11 7 23 9 22 12 3 15 24
25 6 21 2 19 9 5 20 16 23 15 18 11 7 4 24 3 22 17 8 1 13 14 10 12
13 20 17 3 9 2 4 11 6 12 18 24 16 8 22 21 25 10 1 15 23 19 14 5 7
2 5 13 4 11 8 21 24 1 25 23 16 6 7 18 14 15 17 19 20 10 22 3 12 9
20 19 8 16 15 2 18 1 5 17 25 22 24 12 4 14 13 9 21 6 23 3 7 10 11
6 10 22 1 18 12 8 14 7 17 11 15 16 13 23 2 19 20 3 9 24 4 21 5 25
9 22 24 14 15 2 8 21 25 17 19 1 23 10 16 7 3 13 6 18 20 5 11 4 12
13 25 14 24 19 16 8 4 22 1 21 23 17 5 6 20 18 2 15 12 7 9 11 3 10
4 18 23 8 9 6 17 13 16 11 22 12 7 19 15 14 20 21 5 24 3 2 25 10 1
22 17 11 4 15 19 1 5 18 8 10 25 12 14 9 7 2 3 6 23 24 16 13 21 20
5 6 8 1 3 20 13 16 11 18 7 23 10 12 22 4 24 2 14 15 21 25 17 19 9
24 15 21 5 1 22 23 9 20 11 13 2 3 7 8 16 14 10 4 19 17 6 12 18 25
23 12 2 21 11 10 4 9 13 7 15 22 5 17 25 14 8 16 18 19 24 20 1 6 3
3 18 20 24 4 7 14 22 12 13 16 25 19 17 6 1 5 2 9 21 10 8 11 15 23
17 20 7 23 4 1 16 3 13 6 10 11 12 5 21 22 15 18 19 8 9 14 24 25 2
23 9 15 19 17 11 6 7 10 13 2 14 25 8 3 18 12 5 4 24 20 21 22 1 16
20 1 9 23 12 11 7 10 21 19 15 2 25 14 13 5 17 4 22 3 24 8 16 6 18
3 17 1 6 23 18 16 21 12 14 5 2 24 22 15 8 10 19 20 25 13 7 11 4 9
2 4 12 16 1 22 7 3 6 9 5 25 24 10 13 17 11 21 8 23 15 14 19 20 18
4 19 11 12 6 17 25 13 9 23 21 8 14 20 22 15 18 2 3 7 16 5 24 10 1
4 17 22 16 23 24 7 13 5 12 19 9 25 20 21 1 15 18 11 3 14 8 6 10 2
16 18 24 13 12 11 7 10 17 6 20 8 21 5 2 14 23 15 1 22 9 19 4 25 3
5 14 23 25 13 15 19 3 9 18 2 22 17 8 6 11 1 20 10 24 21 4 12 16 7
16 19 3 25 20 13 5 17 9 14 21 6 7 22 10 15 24 12 18 23 8 4 2 11 1
21 18 11 7 17 19 16 14 4 5 3 12 22 23 8 25 6 24 2 9 1 10 13 20 15
10 18 4 17 14 1 25 2 23 16 13 11 12 19 7 3 5 21 8 20 9 15 22 24 6
21 19 17 16 8 18 11 13 6 7 9 2 23 3 22 10 24 15 25 4 5 12 20 1 14
24 14 13 8 20 12 10 19 25 6 7 15 3 1 21 9 11 4 16 17 23 2 22 18 5
1 11 21 22 18 4 10 8 13 14 2 16 24 15 23 25 6 19 5 3 12 9 20 7 17
10 1 17 18 23 14 15 8 2 13 5 9 6 21 24 19 16 11 7 25 4 12 20 3 22
15 17 12 7 5 3 16 20 2 9 19 11 1 13 21 25 8 18 14 23 22 24 4 10 6
20 24 8 23 18 5 16 9 22 21 15 12 11 2 10 3 19 7 13 25 4 1 6 17 14
19 3 16 20 2 11 5 22 8 23 18 1 25 7 12 4 6 21 13 24 9 14 10 15 17
25 3 4 6 11 2 9 23 10 14 20 19 8 15 18 13 17 21 1 5 16 7 12 22 24
10 9 22 25 1 7 19 2 8 20 23 24 14 16 4 13 18 15 12 21 6 3 11 5 17
9 21 2 25 19 18 12 8 16 17 15 7 14 24 23 4 13 20 1 10 3 11 6 5 22
22 18 19 24 14 11 12 5 16 20 4 10 15 7 6 8 3 2 23 9 17 21 25 1 13
4 20 21 23 12 19 24 3 9 7 16 11 10 6 5 15 2 8 25 13 14 1 18 22 17
16 2 13 23 12 21 14 22 11 15 7 6 17 1 3 25 4 18 9 5 8 19 10 24 20
7 12 4 25 23 2 17 21 14 15 24 19 3 5 10 9 8 1 11 22 16 18 13 6 20
11 8 18 21 3 5 25 2 1 23 14 22 13 4 16 24 20 9 7 17 19 6 15 10 12
20 22 23 10 17 9 18 15 3 11 14 13 16 21 24 2 1 25 4 19 5 7 12 6 8
14 13 25 22 1 8 10 23 16 21 20 17 9 18 7 5 6 24 12 15 2 11 19 3 4
23 10 2 25 24 12 16 18 19 5 21 17 11 6 7 15 20 22 13 14 8 4 3 9 1
21 17 24 6 18 9 25 23 8 12 16 2 13 5 4 7 20 19 14 1 22 11 15 3 10
10 20 23 2 7 14 6 5 21 19 25 3 16 8 22 13 17 11 15 18 1 24 9 4 12
21 16 23 9 5 7 11 3 18 13 1 10 15 25 24 14 22 8 6 20 2 17 19 4 12
21 25 15 1 13 18 14 5 17 10 20 19 3 23 6 12 4 24 2 8 22 9 16 7 11
22 23 9 12 6 13 21 4 14 2 24 8 16 3 18 20 5 11 17 25 7 19 15 10 1
10 9 15 22 24 3 12 18 11 5 13 23 25 21 8 7 17 14 20 4 1 2 19 16 6
24 3 5 15 9 1 22 6 23 2 8 4 20 16 11 10 13 18 14 7 19 21 17 12 25
17 8 12 18 9 21 6 23 19 14 1 16 7 2 15 13 5 4 24 11 20 10 25 3 22
15 25 8 13 19 1 4 2 23 24 5 9 3 10 20 7 14 17 18 21 6 11 12 16 22
6 4 16 3 19 8 2 1 14 20 15 22 7 23 18 11 25 24 13 12 9 5 21 17 10
11 13 12 9 8 24 17 6 19 10 14 15 25 3 20 22 18 2 1 21 5 7 16 23 4
18 1 9 19 13 8 3 16 23 22 20 17 12 25 11 14 2 7 4 24 5 15 21 10 6
23 13 15 11 14 20 4 24 7 10 12 21 5 2 19 22 17 9 1 8 16 3 25 6 18
3 13 8 10 1 4 14 23 2 20 6 7 25 5 9 18 17 12 16 24 21 15 22 11 19
4 17 8 12 20 13 23 14 2 21 24 11 6 3 22 9 16 7 19 25 5 18 15 1 10
25 6 7 3 18 10 16 11 23 5 8 15 22 21 12 19 1 2 20 17 9 14 4 13 24
2 8 6 23 12 15 17 18 11 9 7 21 20 19 10 24 14 13 5 25 4 1 16 3 22
7 24 20 14 13 3 21 1 16 22 2 25 19 5 18 4 9 15 10 11 8 12 23 6 17
12 23 1 24 6 20 15 16 17 8 13 3 5 19 9 25 2 10 18 21 22 4 14 7 11
4 12 13 11 18 19 8 3 22 7 14 15 25 1 10 16 6 5 2 20 24 23 21 9 17
7 6 18 11 24 19 17 16 8 15 10 25 12 23 21 14 5 22 1 9 20 3 13 4 2
1 6 19 17 8 10 15 5 12 25 3 9 16 24 4 21 18 2 22 23 14 7 11 13 20
4 13 5 24 3 25 2 14 1 6 17 23 7 21 18 12 19 11 20 16 22 8 10 9 15
17 12 14 7 19 2 6 21 20 13 23 24 3 25 10 1 16 4 8 22 5 9 18 15 11
2 21 5 11 20 4 14 25 19 10 7 24 3 15 16 6 8 9 17 22 23 13 1 18 12
5 23 6 18 12 9 19 15 4 11 7 16 10 22 14 20 17 8 2 25 1 21 3 24 13
22 8 6 19 1 13 11 9 25 2 24 3 4 17 20 10 14 16 15 23 7 12 21 18 5
14 25 9 24 4 19 3 5 11 17 12 8 15 10 13 18 6 21 22 23 16 20 1 7 2
15 7 24 14 12 3 16 20 25 9 13 4 17 1 21 8 10 2 6 11 19 5 22 23 18
20 23 14 3 2 25 12 4 9 10 7 24 17 21 16 13 18 6 1 19 22 15 8 5 11
18 19 6 14 8 17 25 2 20 7 9 3 24 5 4 13 1 11 22 12 21 15 23 16 10
6 12 3 13 15 1 5 21 7 8 2 14 20 24 22 11 9 17 18 23 19 16 25 10 4
14 2 11 17 15 13 10 24 23 5 19 8 21 20 1 4 18 3 9 16 22 6 7 25 12
19 5 25 10 2 20 1 22 24 21 13 23 4 11 16 9 7 15 12 17 3 14 8 18 6
12 8 23 19 13 20 5 16 4 22 6 25 24 18 10 15 3 14 7 9 11 17 1 21 2
18 15 20 23 22 1 16 11 17 24 13 25 6 4 21 9 3 5 10 12 2 8 7 19 14
22 15 3 23 17 14 1 7 21 13 19 18 9 5 24 2 10 6 11 12 20 16 25 8 4
