26
22 20 18 6 13 12 19 4 16 24 21 2 7 5 26 3 1 14 10 9 25 23 17 11 15 8
24 5 8 20 13 6 22 18 17 2 3 11 9 14 19 25 1 21 15 7 26 12 10 4 16 23
13 14 18 17 3 10 9 12 7 8 4 22 11 26 2 21 20 24 16 15 5 1 6 23 19 25
8 18 22 2 14 6 24 25 9 17 26 7 16 15 12 11 5 20 13 1 21 23 19 10 4 3
10 5 9 15 18 4 19 13 14 7 24 20 6 16 8 2 23 22 21 11 17 3 25 12 26 1
21 23 5 3 18 11 6 16 17 9 25 12 2 10 8 24 20 7 15 22 19 14 1 4 13 26
4 6 11 26 3 13 10 8 25 18 2 14 24 7 5 12 23 20 9 1 19 22 17 15 16 21
16 6 26 25 2 11 24 18 9 7 15 21 17 10 19 14 13 5 22 1 23 8 20 12 3 4
4 19 21 15 10 24 5 20 11 7 25 1 9 22 8 3 18 6 2 14 13 26 12 17 16 23
10 9 15 23 13 24 4 19 5 22 11 6 8 25 20 14 7 1 21 17 12 3 18 16 2 26
12 23 25 8 18 21 17 26 19 20 3 5 24 16 1 6 2 11 15 22 9 10 7 13 4 14
7 22 1 14 23 18 13 10 16 21 5 9 19 24 15 20 25 2 6 4 12 17 26 8 11 3
3 2 1 5 18 11 25 15 8 10 21 13 20 22 14 17 24 9 7 26 6 23 19 16 4 12
24 14 26 25 11 22 20 1 8 4 9 6 12 16 21 18 2 17 5 10 19 13 15 7 23 3
8 10 13 24 19 4 3 16 25 23 26 7 20 9 12 15 21 1 6 11 18 17 5 2 14 22
11 14 15 1 8 26 12 21 24 2 18 25 9 13 17 20 5 6 16 7 3 22 4 19 23 10
26 11 15 8 20 5 1 6 18 17 21 23 3 10 16 13 25 2 19 22 9 12 7 14 4 24
20 2 23 1 18 19 10 6 5 26 14 17 3 13 16 22 21 25 15 11 4 24 9 12 8 7
20 24 14 6 8 15 21 12 5 3 11 18 2 16 1 19 26 4 7 9 23 22 10 25 17 13
24 21 7 26 25 23 5 1 4 9 2 18 15 10 8 13 16 22 20 11 12 19 3 6 14 17
26 6 5 21 19 20 18 24 1 15 2 11 12 23 13 14 25 16 4 17 10 22 7 3 8 9
10 7 26 16 24 15 11 6 23 1 19 21 3 5 17 8 22 20 4 9 12 13 14 2 25 18
13 18 24 10 19 1 21 12 3 9 20 22 17 15 16 6 8 11 14 25 5 23 26 2 4 7
15 9 1 18 7 10 17 19 22 5 23 24 20 14 6 8 13 3 21 12 26 16 11 4 25 2
22 21 4 19 1 26 17 3 5 12 13 7 9 14 20 10 8 23 11 2 18 16 25 24 15 6
4 18 10 11 22 7 3 5 2 21 8 26 15 13 20 6 14 12 24 23 19 16 9 1 25 17
16 25 11 12 4 15 21 6 1 13 20 5 3 19 26 14 7 22 23 17 10 9 24 18 8 2
18 17 6 11 25 4 14 24 3 19 2 20 10 13 16 15 21 9 7 1 5 22 12 26 8 23
10 7 15 17 2 19 14 4 25 11 16 20 1 8 6 9 22 3 21 18 24 12 26 5 13 23
4 9 23 3 22 6 15 24 21 18 10 26 19 5 16 8 7 20 12 13 1 11 14 25 2 17
16 21 24 18 5 8 26 7 11 15 9 13 19 22 2 25 4 10 20 14 1 23 3 17 6 12
6 3 14 2 15 22 24 18 25 21 7 1 23 20 16 5 12 4 17 9 13 19 11 26 8 10
4 14 5 10 11 13 6 2 9 3 1 12 7 16 17 19 26 23 25 22 15 20 18 21 8 24
14 17 12 1 3 16 6 22 2 18 11 8 26 10 7 9 15 20 5 23 21 13 4 25 24 19
11 12 25 19 2 18 17 26 14 23 9 20 3 6 8 4 13 24 5 22 7 21 16 1 10 15
10 11 7 6 17 8 19 4 12 16 21 9 22 5 25 3 20 1 2 14 26 13 23 15 18 24
21 6 4 24 1 8 11 17 13 20 14 9 19 15 5 2 10 23 22 25 18 16 3 12 7 26
18 5 6 1 8 23 7 22 9 17 3 2 13 12 16 26 19 20 21 25 4 15 10 14 11 24
19 13 7 9 5 8 24 10 17 12 22 3 2 25 20 6 11 16 21 18 4 14 15 26 1 23
15 4 24 21 8 9 12 11 3 18 10 17 20 13 6 1 7 26 5 25 23 19 2 22 14 16
24 5 26 13 12 11 9 2 25 16 8 15 7 14 18 21 10 22 17 3 6 20 19 4 1 23
15 8 21 26 2 25 5 22 10 4 16 3 1 18 19 9 17 14 11 23 6 12 20 7 24 13
9 18 26 7 5 25 22 17 15 23 4 12 24 3 14 1 8 13 6 10 16 20 21 11 2 19
20 18 23 21 2 16 13 6 26 8 7 3 5 10 17 19 11 12 22 14 24 1 4 25 15 9
21 4 5 13 26 12 14 17 9 10 1 23 16 7 18 2 19 11 20 3 22 8 15 24 6 25
8 20 1 16 22 11 3 24 7 9 10 6 17 25 26 23 14 12 19 13 21 15 2 18 5 4
9 6 22 15 13 20 10 18 16 8 17 3 24 7 26 1 19 4 5 21 12 11 23 25 2 14
12 6 14 11 5 2 21 15 4 16 3 13 23 1 10 8 19 20 9 7 22 25 24 17 18 26
20 24 17 21 13 5 8 25 18 19 3 4 11 10 7 26 1 14 15 22 9 16 2 6 23 12
18 15 9 1 4 14 25 13 17 7 22 5 6 19 16 2 10 3 20 26 12 21 24 11 23 8
1 24 21 6 11 13 8 26 12 5 14 18 15 10 17 7 22 9 23 25 4 20 2 16 3 19
19 6 13 12 17 15 18 7 26 20 16 1 10 22 21 23 5 14 9 2 24 3 4 25 8 11
9 26 7 21 6 22 24 2 14 19 13 20 25 15 5 3 17 12 1 18 8 11 23 4 16 10
9 17 19 26 24 20 23 14 18 6 4 8 13 5 15 12 10 7 2 25 21 11 16 3 22 1
13 23 2 25 12 5 15 20 4 24 6 22 17 3 9 16 14 10 11 21 8 7 18 26 19 1
2 21 16 13 18 9 8 6 25 26 3 10 12 23 22 7 24 15 4 11 19 1 20 14 5 17
26 2 8 11 20 3 21 16 12 18 9 6 13 10 22 19 15 1 7 14 5 23 4 25 17 24
19 25 2 11 15 18 23 16 4 5 21 17 6 10 26 8 13 3 12 24 20 9 14 7 22 1
13 3 2 21 20 18 6 11 25 7 16 15 17 22 8 24 10 1 5 19 4 26 9 12 14 23
23 7 4 22 6 9 20 21 15 14 11 25 1 10 24 16 12 5 2 3 8 19 13 17 18 26
16 8 15 26 2 20 12 3 11 19 7 4 23 18 10 17 21 5 9 14 6 25 22 13 24 1
23 4 6 15 16 21 8 11 20 7 10 22 18 2 25 26 19 13 1 14 5 9 3 24 12 17
2 6 23 26 8 7 15 4 12 25 1 9 21 20 5 13 14 16 18 19 11 24 10 17 22 3
19 9 8 24 23 7 14 13 12 21 26 4 15 11 18 20 16 22 3 5 6 2 17 25 10 1
6 16 1 24 13 3 19 12 20 15 18 2 8 4 9 5 25 7 10 17 23 14 11 21 26 22
6 25 10 8 3 1 23 21 9 12 14 24 7 22 15 11 13 17 18 4 2 16 5 20 26 19
21 24 25 13 18 20 15 22 14 16 3 8 7 1 11 6 4 12 10 23 19 17 26 9 2 5
10 24 13 17 4 5 16 11 23 15 22 20 26 3 6 21 9 19 1 2 8 14 18 7 25 12
10 23 16 22 11 3 24 15 20 9 13 18 7 21 8 19 14 25 5 26 1 2 4 17 6 12
14 4 19 21 5 1 16 11 9 12 10 26 24 23 15 25 2 6 7 17 18 20 13 8 22 3
13 10 17 6 26 5 2 20 1 25 9 19 16 14 8 22 12 4 23 3 24 21 7 11 18 15
23 19 6 21 25 12 15 17 9 8 7 24 13 4 16 26 5 20 11 2 18 14 10 1 3 22
7 12 5 20 18 25 8 16 13 19 26 23 22 2 1 10 21 9 3 15 4 6 14 11 24 17
5 16 7 15 20 2 3 10 11 4 13 22 18 12 1 14 8 9 19 23 17 24 25 6 21 26
8 6 17 14 9 22 10 21 26 12 16 23 11 1 5 13 3 25 7 24 15 2 4 18 19 20
12 8 4 24 21 17 3 6 18 26 15 13 2 5 20 25 23 11 22 14 9 1 16 7 19 10
14 22 20 16 7 19 21 24 4 13 11 6 5 26 10 3 12 18 1 9 15 8 25 2 17 23
15 10 21 25 7 16 23 3 2 11 6 18 19 24 1 9 13 26 8 14 22 5 20 17 4 12
1 14 23 22 8 18 25 15 3 5 2 26 11 12 17 6 9 10 13 16 19 4 20 7 21 24
13 17 14 19 24 7 10 23 25 5 9 1 26 11 22 3 18 20 21 6 12 16 2 4 15 8
10 3 19 6 14 4 7 24 5 1 25 21 20 15 11 12 9 2 17 13 18 8 22 26 23 16
25 23 17 15 14 5 22 13 6 7 12 8 16 11 1 10 9 20 21 2 4 3 18 19 24 26
16 23 1 13 6 2 3 4 5 14 21 15 8 20 17 26 22 10 24 12 11 9 18 25 19 7
24 9 23 25 15 18 10 4 13 20 5 26 3 21 7 17 12 22 19 1 2 11 14 8 16 6
1 11 17 15 22 20 5 2 26 21 19 9 13 24 23 7 3 10 14 8 18 12 16 6 4 25
25 10 12 24 23 22 17 21 6 1 4 3 26 8 16 11 5 15 7 19 20 18 9 14 2 13
18 26 5 16 10 25 17 24 23 22 21 6 4 13 20 12 14 2 3 7 8 11 19 1 9 15
20 25 23 8 4 2 14 6 12 15 11 22 24 1 9 21 17 13 5 16 19 18 10 7 26 3
15 1 24 18 5 9 7 6 19 16 2 20 12 21 23 17 26 11 4 8 22 14 3 25 10 13
1 22 8 11 25 2 7 10 9 23 6 3 21 14 26 20 18 17 4 5 12 19 15 16 24 13
6 8 4 22 14 17 24 13 3 18 26 7 1 10 19 25 11 23 5 12 21 16 15 20 9 2
5 15 11 6 24 9 8 20 2 12 7 16 4 18 14 25 10 22 26 1 21 19 23 13 17 3
4 25 3 8 7 24 26 5 15 21 2 14 10 23 18 19 1 12 17 20 16 9 11 6 22 13
2 22 21 11 24 4 18 7 16 17 23 9 13 1 15 14 19 6 5 10 3 20 12 25 26 8
3 10 13 17 26 4 19 24 22 16 14 9 1 20 18 5 11 21 7 8 15 23 2 25 12 6
19 6 25 8 7 16 12 17 20 13 18 23 9 1 2 10 21 24 22 11 26 4 5 15 14 3
26 13 24 9 2 6 12 14 20 25 22 3 1 10 5 23 11 15 8 21 17 4 16 18 7 19
10 9 14 12 1 3 20 25 16 19 22 15 11 5 13 6 18 23 24 8 26 17 2 21 7 4
12 24 26 11 15 8 23 20 9 6 18 7 19 22 25 4 1 14 3 16 10 21 17 13 2 5
26 11 13 19 22 23 5 7 3 8 10 15 24 1 20 16 6 14 25 2 12 9 4 17 21 18
