27
7 17 22 4 10 27 6 11 12 23 18 13 15 8 26 9 25 20 16 2 3 5 24 21 14 1 19
22 5 13 9 3 20 1 24 6 2 19 17 12 25 16 21 15 14 7 11 8 23 27 18 10 26 4
10 8 20 1 11 18 19 15 25 7 14 26 2 21 6 23 12 27 16 4 5 17 24 22 3 9 13
7 20 21 27 3 10 25 2 13 18 8 16 11 24 9 1 15 19 14 22 4 12 5 23 6 26 17
1 14 22 23 27 7 3 8 18 19 16 15 11 10 6 5 26 2 17 20 9 25 4 13 21 24 12
15 12 16 7 19 13 20 27 25 4 17 8 6 23 24 10 1 26 14 5 22 9 18 21 3 11 2
19 16 3 6 14 22 27 12 18 8 13 25 26 5 23 10 24 4 15 11 17 20 1 9 2 7 21
24 13 22 18 16 5 10 6 7 25 1 8 21 27 15 26 11 17 9 14 20 23 2 19 4 3 12
20 23 16 26 11 1 24 13 6 17 18 14 19 3 9 10 7 25 15 12 21 5 27 8 22 4 2
15 13 6 19 23 22 10 5 3 27 18 16 14 9 4 2 8 11 26 20 7 24 17 25 12 1 21
5 13 22 20 11 15 10 18 25 24 9 4 3 27 19 6 12 1 26 7 21 2 14 17 23 16 8
23 1 10 7 18 11 15 26 14 8 27 22 24 5 25 2 6 4 16 17 20 3 21 19 12 9 13
6 22 1 2 11 12 18 14 23 27 5 8 25 24 10 13 19 15 21 17 9 26 20 16 3 7 4
11 8 9 3 23 6 18 21 26 5 19 13 20 16 27 15 4 14 25 17 10 1 22 7 2 12 24
4 7 5 24 17 22 18 16 11 12 15 13 9 27 6 3 21 26 2 25 19 14 10 1 8 20 23
26 4 11 2 6 20 25 3 18 22 13 21 5 17 1 15 14 16 10 23 9 19 27 12 24 7 8
17 23 26 16 27 7 12 24 25 4 11 21 2 3 9 19 13 10 18 22 14 8 20 15 6 1 5
24 18 26 2 13 17 7 1 16 20 19 10 15 21 4 8 23 12 27 22 5 14 3 25 11 6 9
27 17 21 26 24 13 3 2 4 12 16 22 11 1 5 10 15 23 14 9 7 20 25 6 19 8 18
9 1 8 24 13 3 21 7 25 5 22 16 19 20 23 10 27 17 26 14 4 6 11 15 12 18 2
11 10 4 12 18 25 2 26 20 19 23 3 7 1 21 9 16 13 22 5 6 15 17 27 24 8 14
10 11 27 21 6 14 9 3 2 25 22 1 15 20 12 17 13 18 7 19 4 23 24 5 16 26 8
22 24 10 12 7 25 11 13 9 14 19 3 15 26 2 20 1 27 8 17 5 4 16 23 18 6 21
13 3 22 1 27 10 14 21 19 16 5 12 15 4 20 8 23 9 17 26 6 7 18 11 2 24 25
17 21 10 24 14 4 3 23 7 5 16 11 22 12 9 27 15 18 25 13 6 1 26 20 2 19 8
11 7 24 2 10 17 26 15 12 23 20 21 18 19 16 22 8 5 4 6 27 1 9 13 14 3 25
17 5 2 14 21 4 25 16 15 27 13 9 24 12 10 19 20 26 11 8 18 23 1 7 6 22 3
19 26 18 16 7 8 24 11 22 15 13 10 6 12 14 21 9 25 4 17 27 3 23 20 5 1 2
2 7 18 25 1 8 11 24 19 23 5 12 9 6 13 26 27 21 22 10 4 15 16 20 14 17 3
25 22 12 5 26 11 18 23 14 17 4 21 6 19 2 8 9 7 15 20 1 13 27 16 10 24 3
20 14 3 16 15 27 13 1 9 18 7 21 24 26 25 12 4 17 23 19 11 2 10 8 6 5 22
27 21 7 19 5 22 18 12 10 3 23 11 16 6 15 4 24 20 25 8 26 1 14 9 2 13 17
22 4 2 9 6 21 17 18 13 24 23 8 10 7 1 26 25 12 16 27 15 5 19 14 11 20 3
13 5 7 21 1 10 3 12 19 20 27 4 16 8 17 2 14 24 23 25 18 22 15 26 6 11 9
12 13 24 2 15 6 1 16 10 19 4 14 5 7 25 20 26 27 11 17 3 18 22 9 8 23 21
4 26 7 14 27 13 18 25 21 16 24 6 19 10 3 2 12 15 20 22 9 5 23 8 17 11 1
21 9 15 22 17 12 26 13 7 8 3 5 4 23 19 6 24 10 14 16 25 18 2 1 11 27 20
3 14 22 5 27 20 13 17 2 9 23 24 11 15 10 6 21 18 26 19 1 7 16 4 8 12 25
24 8 15 11 3 27 22 16 23 26 7 14 5 12 21 2 4 17 9 13 19 18 25 1 20 6 10
6 21 24 15 2 9 10 8 4 20 27 14 22 13 25 1 17 18 11 23 19 26 7 5 3 16 12
9 11 26 16 23 3 24 17 18 19 6 7 14 4 25 5 1 27 22 13 10 8 12 2 21 15 20
15 22 23 14 5 1 9 27 24 18 13 4 17 19 26 7 21 25 2 11 8 6 10 20 12 3 16
4 9 24 2 26 27 7 18 10 3 12 21 17 1 22 8 13 25 6 5 23 20 16 19 14 15 11
1 18 6 12 20 11 4 14 2 21 19 8 22 7 15 9 10 3 23 16 26 25 27 13 24 17 5
13 17 21 18 15 9 12 27 7 4 14 22 23 19 5 16 3 2 8 11 26 1 10 25 20 6 24
20 4 25 9 11 15 1 22 5 17 7 14 19 12 8 3 13 21 6 23 18 2 16 10 24 27 26
10 8 19 12 16 2 24 11 7 17 4 22 14 18 13 3 23 5 26 9 25 21 20 6 1 15 27
10 5 2 26 16 25 19 9 6 14 4 15 23 13 24 21 1 7 27 22 18 17 11 3 12 8 20
18 27 1 4 8 10 7 14 9 6 26 17 13 15 3 24 5 20 11 12 2 25 16 23 19 22 21
22 6 23 27 3 14 18 2 16 4 20 17 24 11 25 8 12 5 1 13 26 9 21 7 15 19 10
15 2 14 13 11 18 20 7 3 10 26 22 12 23 1 19 5 25 16 4 21 24 8 9 6 17 27
23 15 22 27 6 25 21 18 3 17 12 8 1 5 9 13 14 10 7 2 24 20 19 4 11 16 26
25 14 18 26 24 4 23 11 6 9 7 5 17 22 21 12 13 27 15 1 8 19 3 20 10 16 2
8 22 19 26 24 27 4 17 1 3 16 6 9 18 15 14 23 2 10 21 12 13 7 11 25 5 20
24 25 4 21 23 1 8 17 11 14 26 13 10 2 9 19 18 12 6 27 5 3 22 20 15 16 7
20 24 2 3 6 21 9 18 1 5 23 13 7 22 14 25 10 12 17 15 19 11 8 27 4 26 16
2 9 25 13 24 5 8 16 7 4 3 19 10 11 1 22 18 15 21 26 14 23 12 6 17 20 27
11 8 4 27 9 6 15 3 20 22 18 19 13 24 5 2 25 1 16 23 21 26 14 10 7 17 12
10 27 15 23 19 1 20 22 17 16 25 8 24 4 14 26 12 2 11 5 3 7 18 21 13 6 9
6 9 14 27 15 2 10 1 19 4 22 20 18 7 13 11 12 24 21 26 16 3 25 8 23 17 5
17 21 19 10 7 20 15 5 3 11 18 9 16 6 26 12 14 25 4 13 2 27 8 1 23 22 24
27 14 11 10 15 24 26 9 3 21 25 17 12 20 5 23 22 7 8 6 2 18 13 4 19 1 16
22 16 9 8 25 13 3 6 18 21 24 27 14 11 1 10 12 17 26 5 19 4 7 15 2 20 23
7 15 1 13 2 26 8 27 4 23 17 20 21 16 25 24 14 6 3 5 12 22 11 19 10 9 18
17 13 20 22 1 9 16 15 4 10 8 24 19 14 21 11 2 27 12 6 26 18 7 5 3 23 25
6 22 18 21 12 14 2 9 24 23 8 27 11 26 16 3 1 5 20 17 19 4 13 7 25 15 10
10 26 2 3 1 13 5 18 21 16 24 20 22 9 19 7 4 8 27 25 17 14 6 15 23 12 11
17 9 15 13 3 26 27 19 25 24 20 1 7 11 5 23 16 2 12 18 22 6 4 10 21 14 8
20 22 12 8 2 25 23 6 5 4 15 7 11 1 27 16 21 9 26 24 17 19 10 13 18 14 3
20 16 10 25 17 15 12 11 9 18 5 13 7 19 8 26 23 6 27 14 24 4 1 22 2 21 3
2 22 9 17 10 8 23 24 25 14 16 5 6 27 7 11 20 15 19 3 13 12 4 1 26 21 18
18 19 14 17 2 26 7 13 8 25 23 1 3 9 22 21 27 4 6 20 12 16 10 24 11 15 5
23 12 10 17 22 16 19 4 6 15 21 3 25 13 1 7 27 20 24 11 18 2 8 9 14 26 5
26 25 6 10 2 17 3 4 18 14 5 1 12 11 16 23 27 15 13 8 20 7 19 24 9 22 21
23 12 3 9 27 21 4 26 16 1 13 18 20 5 19 22 25 6 24 17 7 14 2 10 8 15 11
3 14 1 27 4 22 18 7 24 11 15 2 25 20 23 17 12 16 9 26 21 6 19 10 8 5 13
2 11 18 23 5 16 21 10 17 3 22 4 14 9 1 8 13 24 19 20 6 7 25 26 12 15 27
1 6 9 2 27 4 22 24 15 20 7 25 5 23 14 3 13 10 16 8 11 17 19 18 12 21 26
20 14 18 9 12 4 1 10 2 24 3 25 16 11 19 17 7 8 26 5 13 22 21 6 27 15 23
5 22 7 26 3 11 1 9 21 18 16 23 27 10 25 2 19 20 4 13 15 14 24 12 6 17 8
6 27 17 7 4 22 9 23 12 2 20 3 21 14 8 19 24 25 1 15 11 18 5 16 13 26 10
20 9 5 6 11 14 21 19 15 3 10 25 23 7 26 1 2 12 17 13 22 27 24 16 4 8 18
19 24 25 5 10 11 7 3 12 13 26 4 6 9 21 17 20 27 22 18 16 15 1 8 14 2 23
16 23 20 17 15 7 14 26 25 10 19 8 11 1 13 4 21 22 3 18 5 2 24 6 12 9 27
19 12 10 5 22 14 2 24 21 11 3 8 4 17 15 26 1 20 7 16 25 6 27 13 23 18 9
17 26 13 11 23 14 1 16 20 15 8 22 9 21 3 19 10 27 25 24 2 7 18 6 4 12 5
6 11 22 2 12 21 26 5 17 16 8 9 18 27 19 7 10 20 25 24 3 14 1 15 13 23 4
2 19 3 14 11 17 4 9 7 26 23 10 22 6 15 12 25 13 27 20 21 1 5 18 16 8 24
27 11 17 1 26 20 25 4 23 13 22 7 3 8 6 2 21 9 19 15 10 5 16 12 24 18 14
25 14 18 3 5 26 1 8 6 12 7 20 2 17 27 11 23 13 22 16 21 19 9 4 10 24 15
14 1 18 11 27 8 15 5 19 12 22 4 21 7 23 3 16 6 25 17 26 10 9 2 20 13 24
5 7 1 20 18 9 3 24 25 17 10 12 19 6 26 16 22 11 14 21 8 13 27 2 4 23 15
13 23 19 8 21 20 16 7 3 11 14 9 27 12 1 17 10 2 25 24 18 22 4 6 5 26 15
16 1 25 10 7 12 17 8 5 2 24 21 22 19 27 4 13 6 3 9 23 26 15 11 18 20 14
8 19 26 18 6 4 13 20 24 17 7 1 22 9 27 21 16 14 15 3 2 12 10 11 23 25 5
1 20 26 18 9 5 19 14 3 27 23 8 24 15 21 6 22 7 10 25 2 4 16 13 12 17 11
13 10 15 22 19 26 2 23 7 4 11 16 24 3 9 18 8 27 12 14 20 17 21 6 1 5 25
25 13 24 2 3 1 19 9 17 11 4 18 12 21 15 26 8 10 22 27 5 23 7 16 20 6 14
7 1 25 16 27 22 20 23 13 2 6 9 21 12 19 14 10 15 17 11 18 26 3 4 24 5 8
5 16 3 26 23 7 4 25 18 15 6 22 14 13 11 24 12 20 1 17 27 19 10 21 8 9 2
