28
6 18 19 22 4 2 5 14 27 17 8 16 9 11 20 10 13 23 12 1 21 3 15 7 25 28 24 26
17 6 12 26 14 13 8 7 21 28 23 27 19 5 22 9 24 16 11 3 4 10 18 25 1 15 20 2
15 26 22 4 13 1 5 27 12 2 17 14 23 19 28 18 8 21 24 7 11 10 16 20 3 9 25 6
22 16 6 3 11 24 14 8 12 28 2 17 18 26 19 9 1 5 21 10 20 25 27 15 4 7 13 23
19 23 21 14 11 8 7 10 18 3 27 16 12 5 2 28 17 26 6 20 1 4 9 15 22 25 24 13
1 26 21 14 25 8 17 19 23 4 20 28 7 24 15 3 16 6 27 18 5 11 10 13 2 12 22 9
16 22 27 14 21 11 18 17 25 26 9 23 1 3 5 13 20 10 24 8 28 12 15 6 4 7 2 19
1 5 15 26 12 17 13 23 24 7 14 16 6 3 2 27 11 21 28 25 18 22 20 10 19 8 9 4
24 16 22 7 21 3 17 12 1 10 8 28 13 4 6 25 14 23 9 2 27 11 19 18 15 26 5 20
5 10 24 27 25 14 3 8 23 7 28 1 15 16 17 22 9 19 12 26 4 18 20 21 2 13 6 11
8 14 3 17 18 27 2 15 24 9 16 26 23 20 28 21 11 1 5 7 25 22 4 12 19 10 13 6
14 5 6 21 22 8 12 4 24 15 20 27 28 19 13 1 26 23 25 18 7 11 10 9 3 16 17 2
18 17 8 14 1 28 11 24 5 10 25 19 4 6 20 16 23 9 3 27 7 26 21 15 13 2 22 12
1 16 28 9 21 18 17 6 8 7 26 10 23 22 2 4 19 15 11 14 27 20 3 5 24 13 12 25
3 15 11 9 5 28 24 13 26 4 16 1 25 12 22 2 21 19 17 14 20 10 27 8 23 7 6 18
11 25 5 14 3 21 15 17 27 9 12 23 22 24 28 1 6 4 18 26 19 10 16 7 2 20 13 8
25 4 15 18 13 19 16 7 17 6 20 21 5 2 28 3 1 11 10 23 22 12 9 8 27 14 26 24
16 12 9 24 20 10 3 23 14 25 1 13 21 26 5 7 22 8 4 18 17 27 28 15 11 6 2 19
14 28 27 1 12 21 8 6 22 9 23 17 20 18 26 7 10 16 19 4 11 13 15 2 25 5 3 24
3 4 15 23 21 24 11 12 1 16 8 22 27 2 5 7 26 18 25 13 19 6 10 9 28 20 14 17
22 24 19 14 4 21 26 12 28 7 18 23 9 1 6 3 16 17 11 27 5 13 20 15 10 2 8 25
20 13 16 14 28 19 26 1 21 23 2 27 17 8 4 9 5 15 11 25 24 7 22 6 10 12 18 3
21 26 8 20 10 7 23 6 4 22 5 14 28 24 17 27 9 16 12 3 19 11 2 1 13 25 18 15
22 28 9 4 16 10 17 26 8 24 25 21 20 15 6 5 13 12 7 23 19 1 18 14 2 27 3 11
23 21 7 8 17 16 12 24 11 1 26 18 25 22 4 20 9 14 2 15 27 28 13 19 3 6 10 5
17 11 16 20 6 13 2 8 19 28 18 5 3 27 12 9 23 1 15 24 21 22 10 25 14 26 7 4
10 15 21 19 27 20 24 11 13 7 18 16 3 12 5 25 1 22 23 14 26 4 6 8 2 28 9 17
19 14 15 20 17 1 11 21 26 27 3 12 4 13 16 22 5 25 9 8 28 24 2 6 23 10 7 18
8 17 9 22 15 14 16 1 18 28 10 21 25 4 7 26 27 12 19 20 24 5 13 3 2 23 11 6
23 21 5 11 2 14 9 3 4 25 19 10 27 1 6 13 12 20 24 18 8 22 26 7 15 16 17 28
17 20 14 23 11 26 28 5 22 24 4 27 3 19 8 1 16 7 9 13 15 21 25 12 18 10 6 2
25 12 22 10 28 18 8 15 14 11 13 9 20 26 7 17 2 24 16 19 6 4 3 21 1 23 5 27
7 21 28 20 3 27 5 25 9 18 17 24 8 13 4 1 19 10 2 14 26 11 16 15 23 6 22 12
1 9 3 23 18 7 12 2 10 28 15 21 8 24 27 20 17 22 11 6 19 16 14 5 4 26 25 13
25 1 2 27 28 9 19 3 22 15 7 16 11 23 6 12 14 13 20 5 26 17 24 8 21 4 18 10
18 26 1 23 7 13 4 2 3 15 28 9 20 16 12 10 17 14 11 21 27 22 24 8 19 6 5 25
27 8 9 10 25 11 28 21 16 6 17 18 4 5 15 24 26 3 2 7 13 1 23 12 14 20 19 22
18 20 8 17 1 5 6 16 15 4 27 9 2 10 22 19 21 25 3 14 26 12 28 23 13 24 7 11
8 14 27 9 18 6 28 23 7 4 1 2 10 24 17 11 22 16 13 15 20 5 3 12 21 19 25 26
19 16 9 26 7 8 20 12 18 4 2 25 5 1 15 10 22 28 23 6 27 11 13 24 21 14 17 3
10 26 21 8 6 23 14 18 27 1 5 28 3 24 15 20 11 25 4 16 17 22 13 7 9 2 12 19
19 22 7 21 6 20 26 4 16 24 28 11 13 1 10 12 27 3 9 18 8 17 15 14 2 25 23 5
19 20 13 9 6 17 25 22 12 24 16 11 8 3 4 2 21 28 27 18 10 23 14 7 5 15 26 1
12 6 4 8 24 9 7 28 19 13 16 5 20 2 1 23 25 17 22 10 15 3 14 21 26 18 27 11
2 19 26 1 14 27 6 25 21 23 20 16 18 28 10 15 7 17 9 4 13 12 22 5 11 3 8 24
2 17 5 18 15 22 10 16 27 25 28 3 24 1 8 23 9 20 26 19 21 12 4 14 6 7 13 11
7 18 23 6 13 8 26 11 10 4 2 24 17 15 25 3 20 14 27 16 21 22 5 1 9 28 19 12
12 21 22 17 15 13 18 14 11 4 19 1 9 6 5 27 28 7 3 25 16 10 8 26 20 24 2 23
26 8 13 12 25 11 17 23 28 5 3 27 9 4 2 18 19 24 21 15 14 20 16 1 10 7 6 22
22 25 20 2 18 27 10 6 8 4 5 28 17 15 3 21 16 26 24 9 1 7 11 12 23 19 14 13
10 20 14 26 17 19 6 7 3 25 15 22 16 21 13 2 5 24 1 9 8 11 27 28 23 12 18 4
23 26 16 15 11 24 5 3 19 18 7 13 4 17 9 12 20 10 8 27 14 22 1 21 2 28 25 6
20 18 22 1 12 3 25 27 6 14 8 24 15 28 11 2 23 4 13 21 7 17 5 9 10 16 26 19
17 21 1 19 16 24 3 9 4 15 12 22 27 13 23 28 26 10 5 14 7 25 11 18 6 20 8 2
13 27 15 12 2 11 26 19 28 22 20 3 7 8 9 10 18 24 21 5 25 17 16 1 4 14 23 6
21 27 14 3 25 7 2 13 17 28 16 1 23 8 18 19 10 6 20 24 26 12 15 11 22 5 9 4
22 24 16 7 2 14 13 25 5 4 6 17 26 21 10 11 15 19 3 18 1 28 20 27 8 23 12 9
25 11 1 18 24 20 8 27 22 17 13 28 26 12 16 23 19 7 4 6 9 5 10 14 3 21 15 2
21 8 3 7 23 6 17 14 27 12 4 9 18 11 2 16 20 5 24 15 28 10 26 22 1 25 19 13
9 28 14 2 11 8 5 25 4 23 27 6 15 10 12 3 26 16 24 7 17 19 1 13 20 21 18 22
26 13 12 3 9 17 7 20 23 11 8 19 1 28 4 2 22 27 6 5 15 18 10 21 24 14 16 25
5 2 1 11 14 17 15 8 16 25 9 23 7 13 19 18 12 21 6 27 28 22 24 20 3 26 10 4
10 5 27 25 4 8 22 13 23 1 2 12 3 16 18 7 14 28 26 24 19 15 6 9 11 21 20 17
5 25 27 24 1 28 26 9 2 22 11 14 12 7 20 4 18 8 23 3 6 21 13 15 16 17 10 19
20 23 21 9 10 3 22 11 18 19 16 4 15 14 24 7 13 6 28 26 8 17 25 2 27 12 1 5
7 27 13 8 25 17 23 5 3 28 14 2 21 11 18 26 12 22 4 10 19 24 16 15 9 6 1 20
14 17 23 25 26 24 4 12 2 22 20 16 11 18 1 5 19 28 3 9 15 7 21 6 8 27 10 13
18 11 26 12 28 16 21 9 7 22 5 17 15 23 4 20 10 2 27 3 13 6 24 19 8 25 14 1
7 27 12 3 28 2 17 25 1 23 6 26 19 13 14 21 24 5 15 11 20 10 8 4 22 18 16 9
4 6 24 28 22 3 7 19 25 26 18 23 16 5 11 13 20 8 17 2 12 10 15 14 27 1 9 21
27 4 8 5 3 14 7 10 16 22 11 6 9 18 25 24 20 17 2 28 23 15 12 21 13 1 26 19
19 8 16 2 22 1 12 15 6 11 13 3 25 18 28 14 24 17 10 23 20 26 4 9 7 5 27 21
12 11 2 18 13 19 3 27 26 25 17 20 10 16 1 7 5 21 28 24 14 22 6 4 15 8 9 23
23 10 26 20 22 8 16 9 28 18 4 2 6 5 21 13 11 14 1 24 27 17 19 25 12 3 7 15
22 3 6 15 21 5 8 10 28 16 26 27 20 12 4 18 23 19 25 2 13 9 1 14 11 7 24 17
7 15 25 11 23 4 8 1 27 26 19 14 22 2 18 10 5 9 24 28 6 20 16 12 3 17 21 13
4 2 11 6 23 20 28 10 15 22 5 8 19 16 14 7 3 12 1 18 13 24 26 21 17 27 25 9
22 18 10 24 25 13 4 19 20 11 28 3 8 21 12 5 16 7 26 15 27 17 9 14 2 6 23 1
10 27 20 24 2 12 13 21 5 18 8 28 19 6 9 16 22 3 23 4 15 25 11 14 26 7 17 1
13 4 25 17 8 15 23 1 22 10 27 12 26 2 24 19 28 14 16 18 3 6 11 20 7 5 9 21
11 21 20 2 17 25 27 9 18 23 10 8 24 4 26 16 5 14 22 12 13 28 19 15 7 6 1 3
13 12 2 6 28 23 7 4 22 3 1 24 11 21 20 19 25 15 8 16 17 10 9 14 26 27 18 5
10 9 4 11 22 26 13 2 16 20 8 21 3 1 7 19 28 25 5 6 17 15 18 23 14 12 24 27
24 12 22 15 17 23 21 5 2 9 1 27 25 8 6 10 26 13 7 28 16 11 19 20 14 18 4 3
19 3 25 4 20 12 5 26 9 15 11 17 2 7 8 6 10 16 18 28 22 14 13 21 24 1 27 23
10 12 13 18 16 25 5 22 7 9 2 14 17 1 20 3 19 24 28 15 4 27 6 11 23 8 26 21
9 26 28 12 7 19 11 15 17 24 20 10 5 23 2 18 14 27 16 8 13 6 1 3 21 22 25 4
21 22 19 4 16 26 6 11 9 8 17 24 13 28 12 5 27 15 7 18 25 20 2 1 14 23 10 3
1 10 7 4 21 11 19 3 22 25 20 15 14 16 27 18 24 12 13 23 8 5 2 9 17 28 6 26
8 16 12 6 21 10 18 19 14 17 25 3 26 1 9 13 23 27 20 5 2 22 7 11 15 4 24 28
28 21 4 18 3 14 8 9 27 12 23 15 25 7 20 17 16 13 2 11 10 19 6 1 5 26 24 22
22 5 3 15 26 19 10 17 6 27 21 23 11 8 25 16 24 20 28 2 13 14 18 12 1 4 9 7
3 14 1 21 18 11 27 13 8 7 15 10 19 2 17 12 9 5 4 23 25 24 28 22 26 20 16 6
3 24 25 17 1 13 10 9 7 2 26 21 15 12 19 18 20 5 8 27 11 4 28 23 14 16 6 22
2 3 8 4 6 20 26 24 19 5 16 10 9 18 12 15 17 21 28 27 11 13 1 23 7 22 14 25
17 4 2 7 15 21 16 19 6 24 12 26 23 18 13 14 1 22 8 25 9 10 28 11 27 3 20 5
23 14 11 20 6 2 8 18 26 4 1 10 27 3 24 19 15 13 16 17 22 25 7 21 5 28 12 9
28 4 5 9 20 27 15 3 19 10 2 26 13 7 22 25 1 8 23 16 12 11 14 6 18 24 21 17
3 1 15 18 7 12 14 25 20 21 24 23 16 17 10 26 2 28 11 9 27 19 5 22 6 4 13 8
7 21 16 1 18 11 10 26 4 6 12 27 15 23 8 28 19 20 5 9 2 17 24 13 3 14 25 22
