29
22 25 7 19 10 28 13 1 5 15 23 9 18 11 4 29 27 12 16 14 20 6 21 26 24 3 17 8 2
11 29 28 26 6 24 17 23 15 1 16 20 9 2 14 3 4 10 7 5 8 22 18 25 13 19 21 12 27
18 26 15 5 6 2 7 25 20 9 24 14 21 11 10 3 27 23 12 22 17 1 4 13 8 19 29 16 28
11 28 3 27 5 6 17 9 21 13 18 2 15 23 8 10 16 14 19 20 24 7 29 22 26 12 4 1 25
29 1 18 7 26 24 14 23 12 13 19 8 16 10 20 9 22 25 11 15 6 2 21 3 4 5 28 27 17
23 5 28 26 2 10 3 21 9 19 29 13 22 16 18 6 14 24 27 15 25 20 17 12 8 11 1 7 4
21 1 28 25 18 20 26 8 22 24 12 15 16 6 27 7 10 3 14 13 17 19 9 11 23 29 4 2 5
15 17 20 22 12 27 21 16 19 28 9 13 5 29 24 3 2 26 4 18 7 25 23 14 6 10 1 11 8
29 4 6 21 3 12 7 14 16 24 28 5 8 9 1 26 10 11 20 23 25 17 15 22 2 13 19 27 18
3 25 13 22 28 12 5 17 24 16 2 21 18 9 20 7 11 4 10 26 27 6 23 8 14 15 29 19 1
15 21 14 13 20 8 7 16 4 19 29 12 9 6 2 3 10 5 26 28 27 23 22 17 24 18 11 1 25
22 3 2 8 7 28 27 17 9 29 4 11 26 13 20 15 19 14 1 6 12 23 10 25 21 24 16 18 5
12 8 26 14 27 7 13 29 24 17 1 5 23 9 16 15 2 10 28 3 25 20 6 18 4 19 21 22 11
17 21 26 13 27 11 15 4 12 16 5 19 28 9 22 24 6 14 20 3 2 23 7 1 25 29 8 10 18
29 5 28 1 15 8 27 19 4 26 2 7 11 14 9 16 21 24 17 22 23 10 18 12 20 13 3 25 6
16 20 6 27 11 18 10 23 17 3 25 4 14 7 8 22 15 19 9 21 29 26 1 5 12 2 28 13 24
9 22 20 21 29 15 27 11 18 19 6 23 13 17 5 16 1 12 26 25 24 3 28 14 4 10 8 2 7
16 23 29 22 7 10 17 3 27 5 8 13 26 14 20 11 6 15 19 12 28 18 21 25 24 2 9 1 4
21 16 14 22 1 7 2 18 8 23 9 11 10 20 15 4 17 3 27 28 29 5 13 19 25 6 12 26 24
19 11 17 12 14 8 10 25 13 15 3 1 26 7 2 24 23 27 28 5 21 9 6 20 22 18 29 16 4
11 8 27 12 24 26 9 3 13 7 15 22 5 19 4 20 17 28 6 25 16 10 2 18 14 29 23 21 1
17 12 27 18 16 22 28 7 4 3 29 26 9 10 13 8 6 25 11 15 14 2 19 1 24 23 20 21 5
21 1 29 8 18 23 26 4 27 5 10 13 28 14 11 9 20 12 3 17 24 19 25 2 15 7 22 16 6
8 3 1 6 26 18 27 7 24 14 2 11 19 5 25 29 28 23 20 12 13 10 21 9 17 15 4 16 22
18 1 5 24 9 16 28 12 4 21 20 25 15 7 13 3 19 8 29 17 27 26 22 11 14 6 10 2 23
28 19 26 14 12 22 11 24 29 17 13 3 21 9 1 8 18 23 2 10 20 7 25 27 16 5 4 6 15
18 14 1 29 2 22 3 21 19 5 7 9 11 8 13 17 24 15 25 10 6 28 26 16 23 4 20 12 27
5 28 9 4 27 13 1 10 26 7 23 3 12 14 20 19 6 21 2 24 11 17 15 8 18 16 25 29 22
13 3 8 15 20 27 7 14 10 2 6 18 21 4 19 28 26 24 23 5 12 11 17 25 29 1 9 22 16
3 11 18 8 6 19 26 5 12 14 9 1 17 25 13 24 28 22 15 10 21 23 29 16 27 7 2 20 4
19 28 8 9 12 7 13 26 25 6 15 22 11 29 24 20 10 5 16 4 27 3 17 2 1 21 18 23 14
22 27 20 10 11 2 28 4 6 24 15 29 1 13 7 18 17 26 21 25 5 3 16 9 23 12 14 8 19
25 6 1 4 15 20 21 12 9 28 19 7 3 11 16 24 8 27 26 10 14 13 29 18 23 22 5 17 2
17 26 7 13 1 11 18 4 15 16 6 23 20 14 12 10 8 25 2 29 9 27 28 5 24 3 21 22 19
20 17 5 24 15 13 1 23 28 6 26 2 27 16 11 7 21 3 4 22 25 18 29 14 10 8 9 19 12
8 2 4 11 18 14 20 23 26 22 25 6 17 15 7 27 13 19 5 10 28 16 29 3 9 12 1 24 21
3 18 11 15 10 20 8 23 6 17 28 2 26 9 29 25 7 24 14 13 27 4 12 22 21 5 1 19 16
22 29 24 5 8 26 23 3 14 15 28 13 19 7 17 18 9 1 10 16 25 2 27 11 21 6 4 12 20
10 1 13 4 3 25 18 21 11 28 9 26 23 12 22 8 29 14 24 19 27 2 5 20 17 15 7 6 16
7 4 28 6 25 1 20 19 26 24 13 2 18 10 22 12 8 17 5 11 3 29 21 9 15 14 23 16 27
27 18 21 13 7 3 15 24 9 4 28 22 2 25 26 1 8 19 20 12 10 29 11 17 5 6 16 14 23
16 18 24 8 22 26 9 6 27 12 4 11 3 20 19 17 23 10 13 1 29 5 21 15 25 28 14 2 7
2 10 13 9 23 18 11 12 6 15 21 7 24 19 29 20 14 22 5 3 8 27 28 4 25 17 1 26 16
27 22 12 4 7 1 10 21 17 18 23 25 9 19 13 2 28 11 24 16 5 3 14 26 15 8 6 29 20
20 8 27 6 28 26 19 2 1 23 3 16 7 25 17 10 29 11 18 14 5 15 9 21 24 4 13 12 22
6 1 18 19 4 20 22 26 3 7 27 14 10 12 5 16 21 8 17 11 24 29 2 28 13 9 15 23 25
17 15 7 1 5 4 12 3 16 22 2 20 10 27 13 14 6 29 9 21 11 23 19 25 8 28 26 24 18
27 7 20 24 19 11 28 25 5 13 21 15 6 8 29 18 3 14 22 12 4 10 17 9 2 26 23 1 16
25 24 18 11 5 22 19 14 27 9 23 17 28 2 29 21 20 7 26 10 12 8 6 13 3 1 4 16 15
11 24 1 25 9 18 12 4 6 3 29 17 20 7 22 19 14 15 16 27 13 23 10 21 26 5 8 28 2
17 29 8 2 5 14 6 7 22 10 21 20 26 1 28 12 16 11 4 27 13 19 24 23 25 18 15 3 9
4 21 22 5 1 14 8 3 29 9 26 18 27 10 11 12 2 28 16 25 19 15 17 23 6 13 24 20 7
22 5 14 18 10 24 29 2 6 4 25 11 3 12 21 28 16 20 9 26 1 7 13 27 8 17 15 23 19
19 6 17 26 2 21 24 9 16 8 29 28 4 3 14 23 22 5 7 25 12 18 15 20 10 1 13 27 11
11 22 23 26 29 2 24 10 14 15 9 12 21 7 16 8 18 4 1 19 25 27 13 20 5 6 3 17 28
15 4 25 14 8 20 7 11 19 27 6 17 13 21 3 2 28 9 18 26 23 1 5 29 10 12 22 16 24
8 12 15 25 6 17 28 9 21 4 29 23 3 2 10 26 7 19 20 14 22 5 1 27 11 13 18 24 16
15 6 16 11 5 7 4 9 29 10 23 1 13 26 27 22 21 19 8 3 2 18 12 25 28 17 20 24 14
9 29 2 11 28 8 12 3 25 17 10 22 14 24 7 19 16 5 18 4 27 6 13 20 23 15 26 1 21
24 15 16 12 28 9 20 1 17 2 6 22 25 14 19 10 21 5 8 27 3 26 11 29 23 18 13 7 4
27 1 25 24 8 22 26 28 17 18 20 10 15 6 16 14 19 13 23 9 5 21 12 3 2 11 29 4 7
24 11 9 26 25 3 5 2 1 22 12 6 8 13 4 17 28 15 10 18 16 27 7 29 19 23 20 14 21
18 11 27 14 28 8 21 15 16 22 3 1 20 12 26 6 25 29 10 5 17 13 7 24 9 4 19 2 23
1 24 20 15 29 16 25 28 10 5 17 22 13 19 11 4 26 18 14 6 12 27 9 8 2 7 23 21 3
29 27 24 19 5 11 17 20 21 18 28 13 23 8 16 14 26 10 7 22 15 2 9 1 6 25 12 4 3
28 16 7 21 9 26 2 4 15 20 5 6 29 18 8 1 12 19 17 22 14 3 23 11 27 10 24 25 13
14 24 29 18 2 17 4 3 22 7 15 23 11 27 5 25 10 19 1 16 28 8 6 13 21 26 20 9 12
13 18 15 9 8 21 28 26 14 10 11 6 17 5 16 20 19 7 24 27 23 2 29 12 1 22 3 25 4
19 3 6 5 20 8 11 18 16 23 27 14 10 7 17 2 4 25 13 12 26 1 28 15 24 29 21 22 9
23 15 26 21 17 11 28 24 8 16 20 2 25 4 3 1 9 29 22 10 14 7 27 19 13 5 12 6 18
13 28 4 6 21 24 2 5 17 18 26 27 22 3 29 1 20 8 23 10 14 19 25 15 12 16 11 9 7
25 4 13 21 22 27 2 23 26 14 10 17 24 15 11 7 16 3 5 12 6 8 20 28 9 29 18 1 19
6 17 27 16 21 15 3 18 2 4 25 26 7 19 22 14 5 20 13 8 10 24 1 11 23 9 29 12 28
24 16 8 10 13 29 12 27 11 1 25 14 26 28 2 18 5 20 4 21 7 15 9 3 22 19 23 6 17
6 18 14 10 7 26 21 2 8 19 11 12 3 29 4 27 20 1 23 28 15 9 13 16 5 25 24 17 22
3 14 17 5 19 21 6 28 26 13 24 1 8 10 9 18 29 7 23 16 2 4 20 22 12 11 15 25 27
26 14 4 18 16 25 27 15 24 1 20 19 9 29 22 21 5 8 10 17 28 13 12 11 2 3 23 6 7
3 14 19 22 2 23 18 16 8 25 10 17 11 24 12 13 20 29 21 26 4 15 7 6 1 27 5 28 9
24 7 27 17 4 9 13 25 28 21 16 6 12 22 1 3 2 11 29 19 8 14 10 18 23 15 26 5 20
24 3 1 25 8 16 28 9 21 11 23 13 7 20 6 17 15 19 27 5 10 2 4 18 29 14 22 12 26
21 11 20 19 2 29 16 24 8 22 13 6 10 12 3 25 9 14 28 15 27 17 26 4 18 7 5 1 23
28 1 7 11 27 22 5 6 25 16 20 17 29 10 8 13 26 12 9 18 21 15 24 2 4 23 19 3 14
24 16 3 13 27 28 22 17 14 26 29 5 8 21 11 9 7 19 20 6 18 2 10 25 12 4 1 15 23
26 14 25 21 10 22 16 5 18 8 13 15 3 4 24 1 2 6 17 7 29 9 11 12 19 28 27 23 20
19 14 29 28 25 3 13 5 6 10 27 21 23 4 12 18 20 15 24 9 8 17 11 26 7 16 1 2 22
7 25 15 5 6 19 17 29 26 20 16 28 18 12 22 24 4 23 3 21 1 13 8 9 27 14 11 2 10
16 1 22 7 26 27 9 5 11 12 10 2 24 6 4 21 19 3 23 28 29 13 15 17 25 18 8 14 20
23 12 8 16 14 27 26 6 5 3 21 11 7 22 19 25 29 24 18 1 2 15 10 9 4 20 17 13 28
24 22 27 16 20 5 8 6 29 25 26 10 1 17 18 21 12 4 11 7 9 15 19 2 28 3 23 13 14
25 18 3 4 5 6 16 8 1 23 28 14 27 19 2 21 12 15 7 17 11 13 9 26 24 20 29 10 22
19 11 9 13 25 15 10 6 14 29 3 27 18 21 23 26 8 5 4 20 16 28 1 12 22 17 24 7 2
2 8 21 24 19 1 10 20 17 18 12 6 29 23 15 22 26 7 16 13 4 28 11 25 5 27 9 3 14
26 19 12 2 17 9 21 10 4 11 29 13 16 5 14 22 6 18 20 15 3 1 24 8 27 28 7 23 25
29 17 9 11 5 28 15 22 20 8 25 21 16 12 24 2 6 14 18 13 3 10 1 19 7 26 27 4 23
20 22 23 14 27 7 3 1 16 24 17 26 29 4 8 5 11 28 13 19 15 2 18 6 25 9 12 10 21
12 26 15 4 6 23 27 16 10 3 29 8 24 21 25 22 18 28 2 5 17 19 1 9 7 14 11 20 13
14 7 5 22 6 13 1 18 15 17 28 3 8 4 16 29 27 19 10 9 11 23 20 12 26 21 24 2 25
22 12 8 14 4 3 25 19 2 24 21 15 1 18 26 13 29 20 6 16 17 7 5 10 11 23 27 9 28
7 2 21 1 20 4 10 27 17 18 25 12 3 6 19 24 13 28 15 11 29 22 26 14 9 5 23 8 16
5 4 3 20 11 18 16 2 15 26 27 19 13 24 7 23 29 6 8 17 28 21 9 12 14 1 10 25 22
