30
22 8 11 15 30 25 17 21 28 1 26 13 16 18 29 5 2 12 23 7 4 14 27 24 6 10 9 3 19 20
23 21 27 22 26 13 8 7 5 29 1 24 9 11 17 25 14 12 19 6 2 28 30 15 18 4 10 16 20 3
19 15 20 6 1 14 12 18 4 2 25 23 30 8 21 26 28 5 17 10 22 7 3 9 29 24 13 11 16 27
29 16 19 26 4 5 27 30 22 21 15 6 13 2 12 1 3 17 10 28 18 7 8 14 24 9 11 25 20 23
7 20 13 11 27 4 8 2 30 5 19 15 21 29 26 14 22 25 10 17 28 23 18 12 16 9 24 6 1 3
23 1 14 9 17 8 20 16 2 19 4 7 3 5 22 25 15 24 29 28 6 27 12 11 30 13 10 18 21 26
26 19 14 28 5 10 1 18 15 22 12 3 9 23 13 7 6 25 4 20 29 8 21 24 16 17 30 11 27 2
17 20 28 30 24 12 21 29 16 2 11 25 10 3 18 6 14 15 1 27 8 5 4 19 22 13 23 9 26 7
27 16 23 30 5 25 1 19 6 28 10 14 9 4 8 2 18 22 13 20 17 12 3 7 29 21 26 24 15 11
6 17 16 12 19 10 8 27 29 14 9 22 13 28 5 20 30 25 3 24 7 18 21 2 11 4 26 23 15 1
9 11 16 5 23 29 26 10 7 13 24 28 3 30 15 18 21 4 6 25 14 19 20 22 17 27 2 8 12 1
8 15 18 29 2 19 22 9 26 6 17 10 3 27 30 25 21 20 14 5 1 4 12 28 23 7 13 11 16 24
26 12 7 15 30 6 2 8 22 21 23 4 18 14 28 29 27 10 19 9 11 13 3 25 1 17 5 24 20 16
15 6 19 30 1 12 4 29 20 21 26 18 27 10 25 28 3 14 24 2 16 8 23 9 22 7 11 13 17 5
17 26 22 30 20 3 15 6 13 19 5 28 14 10 24 2 21 4 12 1 27 16 29 11 23 18 9 25 8 7
26 21 1 2 3 7 24 5 17 30 8 12 15 28 18 6 9 4 29 13 19 27 22 20 25 11 10 16 14 23
5 17 30 29 23 6 20 9 19 21 10 4 25 1 3 12 14 8 13 11 22 16 26 2 18 15 24 27 28 7
21 25 30 3 13 14 1 26 29 23 15 19 2 5 18 9 28 7 6 20 17 24 4 22 11 27 10 16 8 12
10 20 17 27 5 21 28 25 18 9 30 12 23 22 29 13 24 26 19 16 15 3 11 4 6 7 2 14 8 1
22 30 28 17 2 27 16 3 18 9 4 10 20 14 21 15 19 23 24 26 11 1 13 7 8 25 29 12 6 5
14 10 1 7 30 17 11 3 12 8 29 9 27 25 19 23 22 18 4 2 5 6 16 15 20 26 28 13 24 21
2 19 29 6 4 21 25 27 22 20 7 10 24 12 30 9 3 28 16 17 11 26 14 15 8 1 18 13 23 5
25 4 28 26 17 3 10 30 19 15 18 7 20 5 22 16 24 14 21 27 12 2 23 29 1 8 11 9 6 13
3 8 11 10 2 27 14 22 30 13 5 21 16 15 1 23 4 6 28 25 26 19 18 20 17 29 7 9 12 24
10 24 29 23 9 20 4 13 21 12 27 14 8 30 22 26 7 18 11 15 19 16 6 1 5 17 3 2 25 28
30 22 4 7 15 8 12 28 14 19 3 18 1 26 24 23 10 17 20 27 6 13 16 29 21 25 2 5 9 11
4 27 1 16 10 19 13 29 12 17 7 30 23 22 21 9 11 6 20 8 3 18 15 5 28 24 14 2 26 25
11 30 8 2 22 24 29 20 14 15 18 21 28 13 17 16 9 1 12 19 27 10 23 25 6 5 3 26 7 4
27 11 12 3 30 16 9 28 25 18 1 23 20 13 10 15 26 17 7 22 14 21 4 8 24 6 29 19 5 2
18 21 28 9 14 26 19 6 11 5 1 20 8 10 15 22 23 4 2 24 29 16 25 12 3 7 17 13 27 30
14 29 20 26 5 28 21 10 8 3 9 23 13 7 17 22 16 6 15 30 2 25 11 18 27 4 24 12 1 19
9 5 12 21 8 22 6 7 18 3 10 13 1 20 25 29 27 26 14 30 17 19 4 11 28 2 24 15 16 23
16 5 13 21 3 15 30 8 29 24 12 4 22 17 6 19 14 1 18 11 25 10 28 27 7 9 26 20 23 2
24 8 4 21 15 26 6 16 5 9 20 18 23 7 14 27 25 17 29 3 19 1 22 13 10 30 11 12 28 2
25 7 17 27 12 26 6 30 4 16 11 21 13 15 1 3 19 8 24 23 5 14 2 10 18 20 22 28 9 29
1 5 10 29 16 12 13 21 27 28 8 23 25 17 18 26 7 15 3 24 9 11 20 22 4 19 6 2 30 14
2 23 24 5 6 9 27 10 19 21 30 17 13 15 3 26 8 29 18 16 22 1 11 12 20 4 25 7 14 28
2 24 4 11 14 29 13 5 20 15 30 17 7 8 10 18 21 27 28 19 6 23 12 25 16 22 3 26 9 1
13 5 16 4 8 7 10 23 9 20 12 17 30 14 2 26 18 1 29 22 27 3 28 15 6 11 21 24 19 25
27 13 5 28 20 11 3 29 19 12 16 30 7 23 10 2 18 17 26 22 14 1 21 6 8 15 24 25 4 9
26 18 16 10 11 5 22 30 1 2 3 12 13 19 25 4 27 28 23 8 9 21 24 20 6 7 14 15 29 17
8 22 30 3 16 13 4 26 20 7 12 6 21 11 23 5 18 19 10 27 24 9 17 29 28 25 2 14 1 15
22 16 14 20 8 5 21 18 24 27 7 13 1 12 23 29 17 10 19 26 2 28 3 4 25 30 9 11 15 6
22 18 6 8 13 16 5 11 7 24 21 12 4 14 29 9 17 15 23 25 26 30 20 3 27 28 19 10 1 2
10 21 30 8 13 25 14 1 16 23 24 6 18 4 9 19 5 7 11 2 15 20 22 27 17 3 26 12 28 29
14 22 25 4 15 20 6 21 19 10 5 17 28 26 23 3 12 30 1 29 2 24 11 13 8 18 7 9 27 16
2 15 21 16 27 10 5 12 4 1 19 14 11 7 13 28 18 6 8 17 30 3 23 25 26 20 24 9 22 29
20 7 28 3 19 10 2 27 9 11 6 30 13 22 17 5 29 15 12 8 24 21 4 1 18 14 16 25 26 23
10 1 21 17 23 28 19 3 5 24 26 16 27 20 30 4 7 2 11 15 29 22 8 13 6 18 12 14 9 25
27 13 2 11 29 30 14 9 25 24 12 16 22 26 5 1 18 20 8 19 6 4 17 15 21 3 10 23 28 7
13 28 11 4 23 19 24 12 3 6 29 26 15 2 1 9 17 18 5 21 27 8 14 22 30 25 16 20 10 7
18 21 23 29 17 8 20 2 14 7 10 11 26 15 6 25 16 5 28 22 13 12 30 19 9 27 24 1 3 4
9 13 10 22 12 19 20 3 14 5 18 26 11 2 4 21 17 28 15 6 23 24 29 7 25 8 27 30 1 16
23 30 6 14 17 25 24 1 8 2 11 29 21 4 7 19 18 5 20 27 13 16 28 15 22 10 3 12 9 26
15 4 2 28 13 27 6 10 29 7 5 11 17 25 9 3 22 20 30 14 26 16 24 1 19 18 12 8 21 23
3 28 29 14 20 19 17 2 25 21 16 12 10 15 24 6 8 9 27 13 26 1 23 30 5 18 7 22 4 11
28 5 26 27 15 7 13 10 21 8 2 18 30 11 19 3 16 25 14 4 17 9 22 29 1 23 6 24 12 20
18 24 20 9 1 7 22 11 25 26 15 30 2 4 16 21 19 17 27 3 5 8 12 13 6 29 23 10 14 28
24 14 29 15 16 8 22 10 30 5 11 9 17 18 19 25 1 3 6 12 23 2 7 13 4 26 20 28 21 27
18 8 27 29 21 5 6 25 9 10 26 7 24 20 14 28 1 4 16 30 12 15 23 13 17 2 22 11 19 3
4 18 10 17 8 13 20 24 23 21 16 5 15 29 7 3 11 19 27 28 12 9 22 26 25 6 30 2 14 1
13 5 19 22 21 9 3 17 29 25 20 18 1 30 12 4 28 7 23 16 27 26 2 6 14 8 11 10 24 15
1 12 25 21 28 11 8 7 29 30 15 22 9 26 6 13 17 3 19 16 23 2 24 10 20 14 5 27 18 4
2 3 23 8 9 21 16 5 18 20 24 1 6 30 13 14 26 28 15 25 11 29 12 27 4 19 10 17 22 7
20 29 27 25 18 17 19 6 4 2 14 23 1 3 30 10 9 11 8 5 24 28 22 12 15 21 13 16 7 26
13 6 30 3 8 2 15 17 19 20 18 24 11 26 25 9 10 27 23 4 16 1 5 29 7 28 14 22 12 21
27 7 8 20 29 24 21 18 13 19 22 17 23 26 25 11 10 12 3 2 30 9 6 16 5 28 4 1 14 15
2 29 24 7 21 8 23 30 22 26 5 18 1 4 11 12 16 6 3 28 10 15 17 13 14 19 20 27 25 9
4 23 29 2 8 11 12 26 7 28 17 5 18 15 24 25 20 14 30 16 13 10 21 27 19 9 3 22 6 1
12 20 27 17 19 9 28 13 21 5 15 6 7 29 1 2 25 22 23 14 3 18 24 10 16 11 26 30 8 4
13 29 23 22 28 26 11 4 19 20 5 7 8 14 9 15 2 12 21 16 10 1 25 6 18 27 24 3 17 30
29 21 12 26 13 19 5 25 11 2 16 28 7 6 9 15 8 4 10 18 30 1 22 23 3 27 20 24 17 14
25 24 18 30 13 14 6 9 10 19 28 17 16 11 8 7 21 3 2 29 12 27 5 23 15 20 22 4 1 26
21 3 24 2 25 20 11 12 8 18 6 5 23 30 29 13 1 27 4 15 10 7 9 22 17 16 14 19 26 28
5 20 3 16 8 29 15 21 10 9 7 11 22 24 12 6 23 25 28 2 18 4 26 13 14 27 17 19 1 30
8 29 11 1 17 27 21 3 2 14 30 4 24 16 23 5 9 7 26 6 25 22 20 18 10 28 12 19 15 13
17 15 10 24 4 30 26 21 27 16 9 14 12 23 18 5 1 22 2 25 28 29 19 13 7 11 8 6 3 20
9 27 26 22 15 25 28 7 21 11 20 29 16 30 17 1 18 13 23 8 10 19 12 2 3 24 4 6 5 14
3 13 9 11 21 19 24 5 12 1 14 16 7 23 25 8 10 18 6 30 15 20 22 2 27 4 17 26 28 29
27 12 9 11 25 10 18 13 28 1 26 22 5 16 20 7 2 4 21 14 19 23 17 8 24 6 30 29 15 3
4 26 2 22 11 20 18 28 12 30 27 5 9 21 15 16 10 19 17 24 14 23 7 29 3 25 13 6 8 1
4 3 20 22 28 18 11 23 8 26 10 25 6 15 16 21 7 2 29 5 12 13 19 14 1 9 30 27 17 24
14 9 13 28 17 10 29 3 20 15 26 18 7 25 16 6 22 2 30 8 24 4 27 23 11 1 21 5 19 12
23 7 18 8 27 10 21 25 3 12 16 13 19 9 24 30 26 1 2 29 11 15 4 17 28 20 22 5 14 6
26 15 10 21 22 16 12 29 11 23 1 9 8 17 6 2 7 13 27 18 19 20 25 14 5 3 30 24 28 4
26 28 18 1 13 6 4 22 16 27 23 24 11 20 10 5 2 9 29 3 8 30 19 21 17 14 15 7 12 25
19 2 16 15 14 29 12 8 21 18 7 26 10 20 23 22 30 24 3 25 4 9 6 27 11 1 28 13 17 5
10 3 17 18 5 24 26 23 28 11 20 13 9 6 14 16 27 21 15 12 4 22 19 30 7 2 29 1 25 8
12 8 11 2 9 10 22 5 3 14 26 17 25 30 19 27 23 15 13 21 24 29 18 20 4 28 1 16 6 7
23 16 17 2 28 14 1 26 11 20 10 30 29 27 8 13 6 18 19 5 9 24 3 12 15 25 7 22 4 21
28 9 6 29 27 7 8 13 19 17 20 14 4 21 1 22 3 15 2 23 24 26 11 16 10 25 18 12 5 30
19 27 30 26 20 5 23 6 7 8 25 29 15 3 10 12 2 21 9 17 18 11 16 22 13 14 24 1 28 4
12 29 13 20 7 8 25 3 30 10 4 15 14 21 5 16 27 2 6 11 1 9 24 18 23 17 28 22 19 26
9 28 16 3 24 29 13 17 14 21 11 15 6 7 30 19 23 1 25 4 5 12 18 10 27 20 22 26 8 2
1 11 12 14 10 4 13 24 18 19 29 17 6 5 16 25 15 9 23 28 7 26 22 3 20 27 30 21 2 8
21 25 3 18 8 9 6 28 13 11 29 10 26 17 24 14 4 16 22 12 5 1 7 19 23 2 30 20 15 27
29 25 13 14 20 5 11 30 18 2 6 1 26 12 28 8 24 16 9 21 4 15 7 10 17 27 23 19 3 22
7 27 5 13 16 14 1 24 19 8 29 12 10 3 23 30 9 20 2 28 26 6 4 15 18 21 17 25 22 11
5 2 13 11 6 27 20 15 10 26 25 14 16 24 3 12 8 30 28 23 22 17 4 29 18 19 7 1 21 9
7 26 5 9 28 29 19 3 8 17 18 27 4 10 15 25 1 6 24 23 11 14 30 2 22 21 12 16 13 20
