31
27 7 5 11 8 22 20 14 3 17 26 30 9 6 15 31 25 19 2 28 12 23 21 1 24 13 16 29 10 4 18
6 29 27 25 21 24 16 5 7 31 13 30 9 4 3 26 12 10 11 19 28 22 8 2 1 18 17 15 23 20 14
7 1 23 31 10 25 26 5 30 8 14 24 2 19 9 4 16 18 21 6 13 3 27 12 28 17 29 22 11 15 20
3 8 11 7 1 14 17 18 15 24 21 6 5 12 9 20 16 10 27 19 29 2 23 4 22 28 25 31 30 26 13
23 6 19 24 14 11 25 13 29 26 3 18 12 31 22 30 10 4 2 17 21 20 8 15 28 27 7 5 1 9 16
22 28 29 5 8 31 12 20 4 3 16 23 18 10 26 27 1 24 11 30 7 2 25 21 15 19 13 6 9 17 14
27 16 9 12 10 14 15 25 3 18 5 19 7 20 21 13 1 26 6 11 17 23 31 28 4 8 22 24 30 29 2
30 10 25 1 7 24 20 17 12 27 9 21 18 6 23 13 2 8 14 29 5 31 4 11 26 28 19 3 22 16 15
8 18 20 16 11 2 19 9 15 17 29 13 30 27 25 1 28 26 23 5 4 10 22 21 24 3 31 14 12 7 6
12 23 19 11 14 22 28 25 18 20 17 31 3 7 16 8 5 1 2 30 29 13 15 4 24 6 10 21 26 27 9
31 17 24 16 21 4 1 7 28 12 3 27 25 13 5 18 2 15 29 19 8 30 6 10 14 20 26 11 9 23 22
6 30 26 1 19 31 3 9 12 20 2 27 29 10 17 13 25 5 28 16 24 14 8 4 21 11 7 18 15 23 22
28 2 22 3 12 14 9 6 5 18 31 11 8 4 17 29 16 24 15 25 23 30 13 21 10 27 20 19 1 7 26
18 14 21 27 29 16 15 19 17 31 28 12 7 20 22 5 11 24 25 3 26 2 1 23 30 9 13 4 8 6 10
20 16 23 13 11 25 10 24 26 5 6 17 1 15 8 3 29 27 31 19 21 2 4 12 30 7 22 18 28 14 9
1 12 4 3 2 5 30 9 14 13 20 6 16 10 23 18 21 11 15 26 7 29 28 27 24 19 17 25 22 8 31
22 8 10 24 23 31 30 14 29 15 13 19 4 28 25 18 20 9 12 16 27 5 2 3 17 6 21 1 26 11 7
12 26 30 13 1 15 2 11 14 20 9 24 25 19 10 16 27 4 31 22 3 8 5 17 6 21 7 23 29 18 28
25 17 16 27 3 1 14 2 7 4 15 6 19 9 28 20 29 8 30 24 13 5 21 26 11 31 18 23 10 22 12
2 7 8 27 4 18 1 11 10 17 20 30 6 31 12 15 28 5 14 25 26 29 21 22 3 16 19 23 13 9 24
1 13 21 30 3 28 23 10 5 4 9 24 25 20 16 17 27 14 26 7 19 31 18 11 8 29 2 15 12 22 6
23 12 25 5 14 15 28 18 8 11 26 30 10 1 22 7 24 16 29 4 13 2 17 20 9 21 6 19 27 31 3
10 21 18 3 8 20 23 27 19 17 9 7 1 16 13 5 11 22 30 29 14 28 6 2 24 25 15 4 31 12 26
13 15 7 14 2 1 11 6 25 16 28 9 8 30 27 10 31 4 20 24 21 3 12 26 18 5 29 17 23 19 22
8 18 22 27 23 2 19 11 17 9 12 6 16 7 30 21 13 29 1 14 4 31 24 28 5 3 26 20 10 15 25
22 26 3 6 14 16 21 7 17 11 23 20 27 5 12 1 18 10 30 28 2 25 15 13 29 8 19 4 24 9 31
30 23 4 31 17 24 7 11 8 1 2 25 13 29 20 18 19 22 6 10 16 9 26 12 15 21 14 5 28 3 27
14 11 3 24 18 7 27 16 1 26 23 22 6 10 25 13 30 17 5 15 2 21 20 12 28 4 19 8 29 9 31
28 11 26 30 21 13 2 8 5 6 20 29 17 25 15 9 14 12 3 31 27 18 7 22 16 4 1 24 10 23 19
10 23 27 1 15 3 30 19 20 8 18 22 31 16 26 12 2 4 29 6 21 5 7 14 25 11 28 13 17 24 9
23 8 1 14 28 26 21 22 17 11 20 13 12 7 24 2 25 18 5 31 4 27 6 19 29 10 15 3 16 9 30
29 25 7 24 27 23 5 19 4 1 8 26 9 3 31 12 18 16 15 21 14 2 10 30 28 6 11 22 17 20 13
10 25 14 26 5 22 16 6 4 9 18 29 31 28 30 1 15 8 12 13 7 20 19 21 17 2 27 24 11 23 3
21 5 4 27 19 16 2 23 25 9 1 20 3 26 31 10 28 13 11 22 24 18 6 8 15 7 14 12 30 17 29
5 12 29 11 30 26 1 17 10 3 6 7 31 14 2 18 8 13 25 21 19 23 22 16 4 27 15 28 24 9 20
9 19 11 15 5 29 20 13 4 25 17 18 2 10 21 7 24 22 6 27 8 14 30 1 28 23 31 16 26 12 3
20 4 11 8 21 22 19 12 10 3 26 7 30 6 5 27 25 28 16 1 18 31 23 14 15 17 9 24 2 29 13
22 1 18 30 7 31 5 13 9 25 27 12 11 14 24 6 8 17 21 10 15 29 26 4 20 2 3 19 23 16 28
4 1 15 20 24 14 22 31 23 3 19 30 5 17 6 8 28 7 25 16 9 12 13 10 26 18 29 11 2 27 21
12 10 21 2 3 9 24 25 22 7 15 1 27 13 20 8 28 30 31 19 17 5 23 29 18 16 26 11 6 14 4
1 22 26 24 19 21 28 31 27 3 16 20 6 12 9 11 2 17 4 10 23 29 7 15 8 14 13 25 30 18 5
13 10 23 15 19 9 6 12 2 22 11 31 18 26 7 4 20 29 1 25 5 17 30 27 21 3 24 14 8 28 16
27 21 13 22 3 19 10 24 5 7 20 15 28 29 14 2 26 17 11 30 23 1 25 18 4 16 6 8 31 12 9
26 8 13 18 27 14 4 22 19 20 17 9 2 23 25 16 6 11 28 3 31 21 15 5 24 1 7 12 10 30 29
23 21 16 22 15 29 25 31 3 13 11 5 19 17 4 6 30 9 20 2 14 10 7 28 1 26 8 12 27 18 24
18 24 22 9 31 28 1 5 8 13 11 21 10 15 2 16 27 20 29 3 14 7 6 30 4 25 17 19 26 12 23
1 26 27 20 5 6 18 31 7 9 12 14 25 30 2 8 22 3 16 24 19 15 13 23 17 10 29 21 4 11 28
22 1 18 27 20 14 25 2 23 17 12 19 26 28 13 31 9 6 30 11 16 3 7 29 15 8 5 21 4 24 10
21 31 6 18 22 14 4 12 23 15 27 8 24 1 2 17 3 19 30 20 29 26 7 5 28 11 25 16 10 13 9
17 8 13 21 16 4 28 29 24 31 2 11 10 1 23 6 26 25 15 9 14 27 20 5 18 30 7 22 12 3 19
16 12 9 4 7 13 2 20 19 8 15 30 29 3 31 11 1 24 25 17 14 21 22 6 26 27 5 18 28 23 10
17 22 13 6 21 24 29 5 7 11 18 15 16 9 2 30 28 26 4 25 1 8 23 10 12 31 14 3 19 20 27
3 27 26 21 18 15 7 28 30 11 13 23 2 10 5 17 8 4 22 19 14 1 24 16 31 25 20 29 9 6 12
18 17 26 22 1 29 23 13 27 4 20 25 2 9 11 28 30 15 21 7 3 24 16 6 10 19 5 14 8 31 12
22 3 18 9 26 16 13 8 1 6 14 10 29 4 25 28 2 7 27 31 20 21 17 24 23 12 19 15 5 30 11
29 28 22 17 27 9 3 31 14 19 25 6 16 1 23 15 4 8 30 5 21 13 2 26 24 10 12 18 7 20 11
5 4 22 16 1 23 21 27 28 19 15 10 11 12 31 14 2 26 3 6 20 25 7 30 24 13 9 29 8 18 17
3 17 9 16 15 31 19 2 6 13 26 12 11 7 14 28 27 22 21 25 24 1 20 23 8 4 29 10 18 30 5
23 17 20 2 4 9 10 11 7 25 31 28 26 15 16 24 22 1 13 5 6 19 29 8 21 27 12 14 3 30 18
3 28 12 15 21 14 19 30 20 5 25 8 2 1 13 6 7 18 9 11 10 16 23 4 27 17 26 31 22 24 29
10 3 16 13 15 30 1 29 12 28 2 7 6 27 25 20 14 22 31 17 24 26 8 18 23 5 19 4 11 21 9
25 11 2 10 5 24 22 8 3 12 23 16 31 27 30 4 26 13 14 19 6 28 1 21 15 7 9 18 20 17 29
13 30 26 18 4 10 21 29 14 1 6 24 2 20 11 27 22 7 8 5 17 12 23 19 3 16 9 31 15 28 25
29 5 26 2 28 25 14 11 15 6 17 3 18 16 24 20 19 9 22 7 13 12 10 30 1 27 4 23 31 21 8
31 3 1 16 4 29 26 2 11 10 28 24 21 17 22 30 19 7 12 15 6 25 8 20 27 14 23 5 9 13 18
23 10 4 25 7 28 17 2 21 15 29 12 9 22 27 8 1 19 30 6 5 31 11 3 16 14 26 20 13 18 24
20 14 21 11 26 3 17 27 2 13 24 31 9 5 7 30 10 8 19 16 6 15 12 22 29 4 28 18 25 1 23
4 14 28 20 11 23 10 21 12 15 18 25 31 22 16 7 1 9 17 13 3 29 27 26 19 2 24 5 30 6 8
5 14 30 12 22 16 18 31 1 7 15 21 6 26 13 29 2 10 25 4 20 27 19 8 28 24 17 23 11 9 3
23 5 22 3 14 2 31 27 24 25 28 10 8 18 6 7 9 17 11 29 26 13 15 1 12 30 21 16 19 4 20
28 21 9 1 24 27 12 19 16 6 3 8 26 14 22 30 13 17 25 31 10 5 15 29 4 2 18 11 20 23 7
4 15 8 5 3 29 2 28 30 6 1 24 27 25 10 18 12 31 16 13 21 22 20 17 26 11 14 9 19 7 23
22 23 15 12 9 7 31 20 10 1 25 14 11 24 30 16 21 8 28 29 27 3 4 18 5 19 2 26 17 6 13
21 17 9 31 5 22 26 30 8 4 20 24 19 29 18 16 1 3 28 6 7 25 10 12 15 27 13 14 23 11 2
6 1 3 25 12 19 9 10 16 26 27 17 5 18 24 21 31 30 22 15 2 20 13 11 8 23 29 4 14 7 28
10 17 5 2 3 7 12 18 26 1 21 25 31 29 15 27 6 9 16 28 14 22 4 23 13 24 11 8 19 20 30
12 31 13 15 28 4 2 6 24 9 16 22 21 10 27 23 17 5 30 7 18 1 19 20 8 11 26 25 3 14 29
27 15 1 9 23 10 24 2 13 7 14 26 3 18 22 29 17 5 20 31 21 19 16 12 25 11 4 30 6 8 28
8 15 16 5 22 20 23 17 26 13 29 27 14 18 21 7 9 1 12 6 28 19 10 30 2 3 11 4 31 25 24
4 6 23 15 25 12 22 10 14 21 26 31 17 13 20 29 24 5 3 18 30 8 1 28 7 11 19 9 2 27 16
21 1 13 23 24 31 4 30 7 11 28 25 9 16 26 14 2 27 17 19 10 20 8 15 3 6 22 29 18 12 5
23 22 5 21 4 15 26 10 20 29 27 9 17 16 14 7 18 19 30 13 12 28 11 2 31 1 8 25 24 6 3
18 25 26 16 30 4 22 14 3 15 10 1 31 2 12 28 29 7 6 11 17 24 5 27 23 13 21 19 8 9 20
12 17 14 28 8 9 24 30 25 20 29 26 11 16 23 21 22 19 31 2 1 13 27 4 6 18 5 7 3 15 10
13 8 18 7 24 30 26 27 6 19 2 9 22 28 10 29 16 17 15 4 23 11 25 20 1 12 14 21 31 5 3
27 13 11 19 10 21 22 2 28 14 4 9 3 24 30 29 7 12 8 31 17 16 1 20 26 18 23 5 25 6 15
30 22 18 2 7 31 4 19 1 25 5 15 6 3 27 26 9 16 10 21 20 29 24 23 13 12 17 8 14 28 11
13 31 5 3 25 22 18 6 21 12 7 29 19 28 14 8 10 17 30 23 26 9 4 2 15 11 16 20 24 1 27
13 9 2 19 8 31 28 1 24 16 12 5 14 25 3 4 17 29 22 18 6 26 10 30 23 20 11 7 27 21 15
22 3 10 30 1 2 17 9 15 24 28 18 27 4 31 16 11 19 12 21 26 7 14 29 5 20 25 8 6 23 13
15 25 31 18 24 1 21 29 5 10 8 9 28 19 13 12 30 27 23 6 7 22 17 20 2 4 26 11 16 3 14
22 20 19 2 21 30 11 4 1 13 12 3 23 5 27 16 9 18 29 31 25 15 8 14 26 28 10 17 6 24 7
12 30 4 10 31 22 21 8 9 29 20 28 2 11 5 17 19 13 16 14 25 23 1 15 6 7 18 26 3 24 27
4 29 26 16 30 17 1 3 15 13 31 22 8 25 7 27 18 9 23 19 12 5 6 21 2 10 11 20 14 28 24
11 23 17 18 12 27 15 20 3 29 28 6 30 19 21 8 13 10 2 4 5 25 22 24 16 26 1 14 9 31 7
13 23 16 14 10 29 6 15 27 4 30 12 26 21 22 8 9 19 17 25 5 31 11 18 2 24 28 20 7 3 1
8 5 26 14 31 24 13 10 18 22 17 4 29 25 20 19 28 2 15 27 1 12 7 30 6 3 23 9 16 21 11
22 3 14 5 15 7 4 28 31 1 9 24 2 29 17 19 10 13 6 12 20 26 27 21 16 8 11 25 30 18 23
8 30 19 29 27 16 26 4 18 21 28 14 31 12 23 3 20 1 17 11 9 5 13 25 2 24 22 15 10 7 6
18 14 28 3 9 26 2 5 30 7 25 21 27 24 6 17 23 8 31 22 16 13 20 11 15 4 1 29 10 19 12
