32
11 29 9 16 7 6 32 15 19 10 27 20 1 18 28 14 4 13 2 3 25 8 23 30 21 26 5 17 12 31 24 22
10 20 12 18 1 22 8 23 4 9 21 32 24 31 15 26 16 14 29 13 11 27 25 6 7 30 2 3 5 28 19 17
1 22 10 25 8 3 20 17 19 27 23 18 30 9 4 32 14 26 6 2 12 31 24 16 21 29 11 5 7 13 28 15
30 26 6 15 14 27 24 7 16 19 1 4 13 22 23 9 29 10 17 21 20 2 18 31 11 5 25 8 12 32 28 3
32 23 19 25 1 20 10 27 11 9 17 18 15 26 22 7 12 31 4 29 6 30 2 16 24 14 5 28 13 3 8 21
24 25 29 21 6 18 4 31 16 10 26 7 20 32 5 15 30 3 9 22 19 12 2 8 27 23 11 1 14 28 13 17
1 28 13 32 2 19 8 21 7 10 15 4 20 6 16 17 11 12 31 22 29 30 5 25 18 24 26 14 23 27 3 9
17 3 23 1 9 8 25 31 4 10 29 11 13 18 19 15 16 21 2 30 14 6 22 28 26 27 12 20 7 5 24 32
14 26 25 9 15 27 19 2 4 30 1 31 29 3 20 24 10 21 18 5 13 12 16 28 8 6 23 7 32 11 22 17
23 25 18 6 2 4 28 17 29 26 1 22 24 19 31 21 7 8 3 11 27 13 5 32 12 10 30 9 16 14 20 15
24 16 22 17 3 4 27 19 29 1 6 8 11 2 23 26 9 31 30 28 21 10 32 15 12 18 25 5 7 13 14 20
13 14 23 25 32 15 7 24 27 18 10 2 9 11 20 29 12 16 3 22 4 17 5 30 6 21 31 19 28 26 8 1
27 28 9 4 17 13 25 3 5 15 31 22 21 24 32 8 26 2 12 6 10 16 7 19 23 14 18 20 30 29 11 1
2 30 26 13 28 12 22 9 18 16 17 27 6 5 23 4 31 19 10 14 3 7 15 32 11 8 21 20 24 1 25 29
6 17 7 9 19 8 30 13 10 20 15 14 29 27 26 12 11 2 28 5 3 22 32 4 25 16 1 24 21 18 31 23
17 20 6 12 1 9 7 29 4 5 22 26 23 16 14 25 3 13 30 11 32 2 18 24 28 21 10 31 19 8 27 15
14 12 2 22 17 18 31 30 20 29 26 24 23 8 9 5 32 15 19 7 25 4 21 28 3 27 11 13 10 16 1 6
23 27 25 26 17 9 31 28 6 24 20 1 30 5 8 32 7 16 18 12 2 10 11 15 3 4 22 21 13 29 19 14
4 22 15 29 16 28 23 10 9 5 31 27 19 13 17 26 12 6 1 8 32 24 21 20 30 25 18 2 14 3 11 7
9 6 14 11 19 8 1 18 3 22 24 17 15 26 7 30 4 23 27 16 10 28 32 5 12 31 25 2 21 29 20 13
21 23 26 8 5 30 3 15 1 18 14 12 29 11 31 10 24 13 7 2 22 4 17 32 19 27 16 20 9 28 25 6
25 1 3 16 29 8 18 23 22 11 17 2 27 20 13 28 19 14 7 32 21 26 4 30 6 12 15 24 31 9 5 10
13 18 12 5 3 2 23 26 32 28 6 15 14 27 20 24 22 16 17 11 4 8 31 29 19 21 1 25 10 30 9 7
3 16 19 23 9 15 21 1 11 26 32 6 13 10 18 12 14 7 29 20 27 28 8 5 4 25 17 31 24 22 30 2
13 1 19 3 28 26 15 23 21 31 32 20 27 14 7 8 24 29 17 18 5 9 4 16 2 12 30 25 6 10 11 22
24 3 1 22 9 20 10 32 2 15 13 17 28 25 5 7 29 6 4 26 27 21 19 16 31 11 8 30 12 18 23 14
19 18 21 16 30 3 20 17 6 23 1 22 15 13 5 11 4 26 12 14 2 32 9 31 29 7 27 25 28 10 24 8
25 7 22 16 18 23 11 4 9 28 30 31 27 14 3 10 32 20 17 1 19 2 24 15 13 8 26 12 29 6 21 5
24 9 26 27 14 19 29 10 16 7 1 15 12 8 30 18 25 23 11 21 13 5 22 32 17 31 28 3 2 4 6 20
32 24 9 31 15 30 19 29 27 22 18 28 26 2 7 17 11 5 3 10 20 13 12 6 25 16 4 8 21 14 23 1
30 29 19 25 5 24 26 22 9 3 23 10 31 16 32 6 17 12 2 28 7 1 18 4 20 8 11 15 14 21 27 13
6 4 30 9 23 5 29 25 16 26 12 24 13 10 2 31 15 32 17 22 27 1 3 28 7 8 20 14 19 11 21 18
9 12 14 11 16 5 26 31 32 25 28 8 27 6 29 4 13 1 30 15 24 23 22 7 20 19 3 2 17 18 10 21
26 15 18 13 16 17 4 32 24 10 23 21 1 11 6 19 27 5 30 25 20 2 31 8 28 14 9 29 3 22 7 12
5 2 23 11 13 8 32 27 22 24 7 17 10 19 15 28 12 21 9 31 14 1 16 25 3 18 26 4 29 20 30 6
19 4 10 22 3 28 18 21 6 20 24 29 8 16 15 23 27 32 9 30 5 13 2 25 17 31 14 11 26 1 7 12
29 13 21 5 8 10 14 16 24 32 28 30 17 23 1 9 22 6 20 31 18 26 4 7 19 15 3 11 12 25 27 2
14 20 27 11 23 29 8 2 21 9 25 15 5 3 1 31 17 12 7 16 26 22 32 18 28 30 10 19 4 6 13 24
19 6 8 13 12 18 24 21 11 9 32 23 17 29 14 16 4 30 3 1 25 26 31 28 22 10 20 7 2 27 15 5
21 17 31 5 6 30 28 10 18 15 12 24 23 14 29 3 4 20 32 19 1 25 13 27 11 9 22 2 26 16 8 7
13 25 20 8 21 32 6 26 4 31 19 5 7 28 18 30 29 9 16 12 1 10 23 14 2 17 3 15 22 11 27 24
25 17 31 10 11 3 21 15 28 14 18 5 26 23 7 8 30 20 27 9 16 12 13 29 2 24 4 19 6 22 32 1
5 27 26 22 6 18 23 8 24 9 7 21 4 29 15 1 19 32 25 11 3 14 12 30 20 31 10 13 2 28 16 17
30 27 26 10 31 21 24 16 1 11 18 20 3 17 8 14 28 13 23 22 29 6 4 19 2 15 25 5 9 12 7 32
15 31 7 4 18 16 25 21 22 8 9 27 17 13 32 24 20 3 23 5 19 30 10 11 6 26 2 28 1 12 14 29
21 27 30 28 20 14 25 23 29 7 19 31 26 6 24 8 11 1 12 16 22 3 32 2 13 5 4 15 10 9 17 18
15 30 10 21 31 16 13 25 1 26 19 7 5 9 14 20 4 6 22 27 3 17 23 8 12 24 29 28 18 11 32 2
5 3 17 8 11 21 6 7 30 25 9 28 4 27 10 2 23 12 20 22 1 24 29 26 14 31 18 19 32 15 16 13
1 22 2 28 19 31 17 14 11 12 16 24 7 4 18 32 29 30 21 6 13 26 20 23 27 8 25 15 9 10 5 3
22 21 12 19 11 28 20 8 25 13 15 5 32 3 16 30 29 2 10 27 18 7 4 26 23 9 24 31 14 1 17 6
14 2 21 10 22 5 18 31 24 11 16 27 9 1 13 8 30 7 23 6 3 29 15 32 25 12 19 17 26 28 20 4
2 4 17 10 30 1 23 8 15 20 12 26 13 22 31 14 7 24 27 21 6 11 5 29 28 16 19 32 18 3 9 25
5 9 3 12 1 4 10 27 8 17 13 28 25 16 11 2 22 24 30 29 18 23 14 21 7 19 6 20 15 32 31 26
16 4 14 6 1 5 8 17 7 23 2 18 29 19 30 15 32 20 25 9 31 11 28 22 13 27 3 12 24 21 10 26
24 19 1 16 13 27 32 31 8 7 11 28 10 6 20 23 22 15 17 30 12 9 25 2 18 5 4 29 14 26 21 3
3 9 11 21 29 12 8 28 18 19 23 26 20 25 13 32 1 14 6 2 10 15 17 30 5 31 4 22 27 24 7 16
28 25 24 1 15 19 17 5 2 16 6 12 13 20 9 22 10 4 30 8 26 27 11 7 21 18 29 31 3 32 14 23
16 22 29 5 17 7 8 19 27 13 26 28 4 25 24 1 31 2 14 18 9 32 6 3 15 30 10 12 11 21 23 20
19 3 29 16 20 5 12 30 32 11 26 7 6 2 27 22 14 8 21 25 24 31 18 23 1 4 13 28 17 15 10 9
7 22 31 19 16 26 32 28 3 20 15 30 1 12 17 25 21 27 13 24 10 2 5 18 29 23 8 9 4 11 6 14
10 29 16 13 18 32 9 12 4 15 23 5 8 19 3 7 24 27 2 1 25 21 30 31 28 6 20 11 14 26 22 17
10 24 5 18 14 2 25 23 9 12 31 26 28 7 19 1 15 27 16 21 22 17 8 11 29 32 6 20 13 4 30 3
13 29 28 7 26 20 18 14 16 5 15 9 31 12 8 22 19 1 23 6 3 27 11 32 10 25 21 17 24 4 2 30
2 13 3 15 7 31 18 6 17 25 28 22 30 16 5 26 1 8 23 9 10 21 32 11 29 19 14 24 20 4 12 27
28 22 17 9 27 1 18 16 7 10 11 8 2 31 24 14 5 30 20 13 15 3 26 19 23 6 4 25 21 32 29 12
6 28 11 22 13 18 21 7 20 31 32 23 17 3 9 1 26 8 4 19 12 15 10 25 27 14 30 29 2 16 5 24
17 4 23 10 26 2 22 15 25 20 8 31 28 12 1 6 16 27 21 11 32 7 18 3 19 9 14 29 5 13 30 24
31 7 13 27 9 15 21 19 6 24 4 1 17 11 12 25 16 20 2 3 30 8 18 23 28 32 14 26 10 29 5 22
13 24 12 26 1 15 5 10 16 3 8 7 30 23 9 25 32 18 31 20 11 29 28 19 17 6 27 14 21 4 22 2
22 14 23 24 31 9 5 13 29 32 8 3 18 12 7 4 16 17 25 21 6 26 20 1 19 30 27 15 11 28 10 2
18 6 23 21 32 3 13 1 5 11 15 19 8 16 22 2 20 17 31 24 4 25 26 14 7 9 29 28 10 30 12 27
8 10 5 23 20 31 14 6 26 17 2 24 1 18 3 21 27 29 11 7 25 28 15 13 22 12 32 30 19 9 16 4
17 5 1 20 26 14 31 8 4 11 16 27 18 12 3 25 19 6 23 24 21 9 28 15 32 30 29 10 22 13 7 2
26 13 6 21 2 10 20 4 7 19 15 1 25 29 16 18 14 5 28 22 3 31 9 23 27 30 12 24 11 8 17 32
25 13 3 6 22 10 14 15 28 23 32 12 2 21 31 27 8 16 24 26 7 4 30 20 17 5 29 11 19 1 18 9
7 2 9 12 19 29 1 18 6 15 4 28 22 14 13 5 26 30 27 21 24 8 25 31 10 16 3 11 23 17 20 32
15 16 9 13 2 32 7 20 3 17 28 12 25 21 29 11 31 24 1 4 19 26 8 22 5 14 23 30 10 18 6 27
2 27 7 19 18 8 3 15 32 4 26 31 22 29 6 10 28 16 24 17 13 20 12 1 11 25 30 21 14 5 9 23
11 28 17 4 20 6 29 31 30 13 12 32 10 14 16 8 15 1 7 24 3 2 26 18 9 19 25 23 21 27 5 22
9 18 27 19 23 16 25 20 26 2 12 21 32 3 17 24 15 7 29 11 22 5 8 10 13 31 14 28 4 30 1 6
18 21 28 10 4 31 23 26 27 5 14 20 2 17 13 12 9 11 32 25 7 29 1 3 15 8 24 30 16 22 6 19
18 5 29 20 32 24 21 8 2 23 30 12 14 4 19 1 9 11 31 6 15 3 17 10 13 25 27 16 22 7 26 28
5 13 7 27 14 1 26 16 6 30 21 18 4 20 25 12 29 8 9 24 10 17 2 23 28 11 22 32 19 31 15 3
20 16 30 6 29 24 22 4 28 21 11 5 13 18 19 9 10 2 3 1 23 27 12 25 8 17 32 14 7 15 31 26
19 17 23 8 3 11 12 26 16 21 2 6 30 20 7 4 31 10 29 13 5 25 9 28 18 1 24 32 27 14 22 15
30 31 7 20 3 28 5 22 2 11 25 16 12 21 4 9 15 8 29 18 26 13 1 19 17 24 32 10 6 27 23 14
31 25 18 7 2 23 14 30 11 32 28 22 27 15 12 16 19 13 6 17 3 20 4 9 10 29 5 24 8 1 26 21
28 4 5 9 11 17 18 29 10 1 24 30 14 3 16 15 22 6 2 21 26 12 13 20 27 7 32 8 23 31 25 19
13 14 2 20 3 27 18 17 12 4 28 19 32 8 10 21 5 29 25 1 11 22 24 26 7 31 23 15 30 16 6 9
14 4 24 22 32 11 17 20 26 15 21 12 23 31 16 30 7 8 19 29 5 18 9 1 28 2 3 27 13 6 25 10
3 7 28 4 23 29 13 1 11 24 32 15 27 9 12 19 10 25 21 26 30 22 20 2 17 8 14 16 31 6 18 5
20 12 7 22 23 14 3 1 5 6 24 32 2 8 26 9 10 31 25 19 29 11 18 13 21 4 30 17 28 15 16 27
3 2 9 10 22 29 15 31 1 28 27 20 13 6 18 30 7 4 26 5 16 23 24 19 25 14 32 21 12 8 11 17
25 13 27 7 19 6 12 32 14 20 23 1 11 17 26 30 2 29 28 10 24 3 15 8 31 21 16 4 5 18 9 22
6 17 29 7 22 24 4 16 2 12 25 21 18 27 23 9 10 19 14 26 31 11 13 3 32 1 15 30 20 8 28 5
31 6 21 30 5 3 14 32 17 13 22 8 10 15 12 7 2 23 27 26 18 9 29 4 25 28 16 19 1 20 24 11
5 2 28 6 14 19 18 27 25 20 29 4 23 12 8 1 16 26 22 11 7 24 3 21 15 17 9 31 32 10 30 13
5 14 11 27 19 3 29 10 22 28 24 21 1 12 17 15 13 26 30 23 9 31 32 4 6 2 25 8 18 7 20 16
31 3 28 27 2 29 21 9 4 11 25 32 24 23 22 14 15 12 18 7 13 1 19 16 30 17 8 6 10 20 5 26
8 14 25 7 10 19 31 30 21 17 4 13 6 32 11 27 29 24 5 2 23 12 16 22 15 26 20 1 18 28 3 9
