33
28 31 1 27 18 17 7 11 13 4 25 14 5 6 19 26 20 30 22 23 24 29 3 2 12 15 32 33 16 8 21 10 9
14 9 32 11 27 26 3 30 13 20 33 12 15 10 31 23 17 6 25 24 18 28 4 19 22 16 7 29 1 2 8 21 5
2 7 10 3 16 25 5 21 23 27 14 29 26 22 33 11 9 4 1 32 31 19 30 18 20 15 13 8 12 28 24 17 6
16 19 32 12 26 25 6 29 1 14 7 4 2 13 30 33 20 8 31 23 5 15 21 18 3 9 11 24 17 10 27 22 28
7 11 23 1 2 32 17 10 30 24 19 12 18 21 26 14 29 5 33 4 16 8 9 13 20 28 22 6 31 15 25 27 3
12 33 23 28 13 2 22 1 14 29 5 27 4 15 6 10 24 20 9 25 8 30 16 11 3 26 21 17 31 32 18 7 19
24 12 18 3 4 9 1 10 7 30 11 25 19 15 5 33 17 23 16 31 6 27 20 29 21 28 26 2 32 14 13 8 22
4 25 27 12 8 10 1 18 3 19 2 20 9 13 33 30 11 5 31 7 22 6 26 28 29 24 15 21 16 23 17 32 14
21 12 11 15 17 7 19 20 33 13 8 28 1 16 32 5 3 23 27 10 14 26 9 2 30 31 29 4 25 24 22 18 6
7 13 4 23 17 26 16 19 5 33 29 22 14 8 3 27 15 30 31 21 18 1 25 6 9 28 24 2 32 20 10 11 12
23 33 9 11 26 5 22 21 2 1 28 7 31 6 14 10 24 16 4 12 17 13 20 19 30 15 25 8 27 32 18 3 29
8 1 11 3 6 10 14 26 5 33 2 13 18 24 30 20 9 29 32 4 31 27 19 21 17 15 12 25 28 16 23 22 7
17 31 4 3 26 2 1 10 15 5 11 27 8 24 7 12 19 18 25 21 16 6 33 30 23 29 13 14 28 20 22 9 32
5 14 29 12 23 13 4 24 6 25 32 9 3 7 16 19 31 8 15 30 28 27 21 26 22 10 20 1 11 17 18 2 33
15 33 25 30 20 13 4 18 6 16 10 11 32 14 28 1 3 29 21 7 19 31 27 26 24 12 8 23 22 2 17 9 5
16 4 32 28 22 23 29 9 11 12 20 27 10 26 31 24 18 14 2 7 25 19 15 5 30 33 8 13 21 17 6 3 1
30 21 17 26 1 12 31 15 24 27 20 29 6 4 28 3 8 33 10 32 19 2 9 14 25 18 22 13 11 5 23 7 16
19 25 16 24 20 8 18 1 5 11 22 15 23 6 31 30 26 13 28 21 9 3 4 7 27 29 32 10 14 33 2 12 17
18 12 24 14 16 28 4 3 5 32 33 9 1 11 7 6 2 10 15 29 23 26 25 22 30 21 27 31 13 19 8 20 17
28 3 2 24 7 31 29 4 23 25 14 8 1 30 6 13 19 26 5 22 33 21 18 32 27 17 11 16 20 10 12 9 15
11 3 18 33 9 14 23 13 2 10 7 1 20 17 15 8 12 21 24 30 5 16 25 6 29 28 19 4 22 32 27 31 26
29 10 9 24 16 14 7 19 6 15 13 31 30 32 28 23 25 8 2 4 26 11 17 20 21 22 3 1 27 5 33 12 18
33 30 10 21 3 29 6 14 28 31 1 24 15 23 11 26 22 32 5 25 16 9 8 2 12 27 19 18 13 4 20 7 17
17 27 13 20 16 31 26 29 3 25 9 19 4 32 33 18 14 21 8 11 24 6 28 15 2 12 30 5 23 1 7 10 22
3 15 31 24 33 14 1 6 17 2 16 18 13 26 5 7 9 30 27 11 25 32 28 4 19 23 20 29 21 22 8 10 12
25 8 32 31 29 23 16 22 28 14 2 5 15 13 18 4 7 20 9 17 33 24 27 6 1 12 11 10 19 21 30 26 3
16 11 17 21 30 12 22 5 24 13 23 25 9 20 28 1 6 10 4 2 3 33 19 15 7 18 14 26 8 31 32 29 27
22 9 4 29 6 14 13 2 26 16 17 10 18 33 28 19 20 31 7 12 11 8 23 21 30 1 15 32 25 27 5 24 3
18 8 25 12 14 19 11 33 21 9 20 15 2 10 16 5 1 28 29 31 4 27 23 22 26 30 3 7 17 6 13 24 32
12 16 7 29 30 24 10 5 31 19 32 17 13 18 21 1 3 2 6 8 26 15 20 25 27 4 14 28 33 22 11 23 9
5 15 31 21 26 23 11 8 7 29 22 3 28 32 1 10 16 13 14 17 4 6 19 12 27 9 33 25 2 24 20 30 18
28 14 12 25 30 31 17 4 24 29 2 22 16 27 15 6 13 26 11 1 9 8 21 18 5 3 32 10 7 19 20 33 23
9 11 4 33 8 27 10 23 15 24 25 26 21 7 22 32 6 17 19 14 3 18 12 30 1 28 5 16 13 29 20 31 2
11 18 7 16 3 9 14 29 12 13 27 33 26 25 21 22 24 30 8 20 32 2 6 19 10 15 4 17 23 28 31 5 1
4 32 6 21 26 17 31 13 15 11 7 28 19 14 24 29 2 3 8 16 9 20 22 23 25 33 5 27 1 18 12 30 10
32 7 15 2 13 9 16 31 26 5 10 28 12 27 22 30 17 3 25 4 14 24 8 21 11 18 1 19 23 20 33 29 6
33 8 1 27 17 23 6 11 12 13 26 28 7 5 29 2 9 4 25 14 19 24 20 10 3 32 30 22 21 15 16 18 31
21 13 3 4 16 24 33 27 1 7 28 10 9 23 15 12 20 26 8 14 11 2 32 22 31 30 25 6 18 5 17 19 29
24 9 13 23 14 7 5 20 32 25 11 21 28 4 15 29 19 12 8 6 3 17 27 30 18 16 1 22 2 10 26 31 33
19 21 22 24 12 29 16 33 8 11 13 9 2 10 3 6 18 26 30 28 7 17 1 31 32 14 27 15 5 25 23 4 20
31 11 3 4 32 2 1 19 5 33 21 27 17 26 22 10 12 30 15 14 6 29 8 7 9 24 28 13 16 23 25 20 18
5 33 18 20 3 19 25 24 30 17 7 13 29 4 15 10 22 21 14 9 2 11 12 27 31 1 23 6 28 8 16 32 26
14 27 10 5 2 33 29 26 4 12 30 22 8 23 24 20 18 7 16 28 31 15 19 21 13 9 1 3 11 6 17 25 32
17 15 27 1 7 6 9 28 25 12 3 22 5 19 16 21 30 33 11 10 8 14 26 24 20 2 23 31 18 32 13 29 4
22 26 8 14 32 2 28 12 19 27 31 9 21 7 33 24 1 30 29 4 11 23 16 20 10 6 5 3 17 13 15 25 18
14 15 17 2 32 5 8 20 27 33 28 23 19 13 12 22 26 9 10 29 31 3 16 18 4 25 21 24 1 7 11 30 6
8 1 15 10 18 11 27 4 31 24 2 17 19 21 7 33 16 26 20 12 25 28 13 6 5 9 29 14 22 30 32 3 23
6 2 29 9 5 25 11 28 31 30 27 20 12 8 17 21 24 10 7 23 19 26 16 22 18 33 15 13 4 3 1 32 14
19 12 7 6 26 3 27 20 1 16 25 4 17 14 5 32 21 28 15 2 24 33 29 10 22 13 9 8 18 30 23 11 31
25 16 12 18 11 9 17 31 14 20 23 28 1 5 30 26 7 4 24 8 29 15 22 3 10 13 6 27 21 32 33 2 19
29 5 6 22 27 26 4 13 16 32 15 31 18 33 10 24 2 28 25 23 14 3 12 17 8 7 1 21 11 9 30 19 20
12 18 4 21 8 24 29 19 33 27 14 3 15 32 13 10 25 30 26 9 16 20 22 17 28 11 5 31 6 1 23 2 7
3 19 11 31 28 22 30 2 24 10 20 5 29 16 6 12 32 7 25 8 9 33 14 15 13 21 1 18 26 17 4 23 27
18 9 8 31 3 1 29 25 12 11 20 17 15 6 4 16 13 10 28 27 21 7 14 26 22 23 5 24 19 30 33 32 2
31 4 23 29 6 5 28 25 12 10 7 17 15 27 1 22 8 32 24 9 2 21 14 16 33 3 26 19 20 18 11 13 30
15 16 28 22 8 11 26 18 31 10 33 19 17 27 2 24 25 12 7 5 21 23 3 29 20 1 9 4 6 30 13 32 14
7 13 29 25 18 32 4 20 22 23 33 6 14 27 15 28 19 12 26 2 10 21 3 5 31 9 24 8 1 17 30 16 11
10 21 27 26 28 29 6 12 7 13 20 22 14 1 15 25 9 23 8 11 4 31 24 16 2 19 3 32 33 30 17 18 5
5 19 26 20 28 33 8 29 22 10 24 30 13 11 25 32 18 23 7 27 3 17 2 1 21 15 6 16 14 31 9 12 4
4 28 9 2 30 8 23 19 15 3 33 29 32 7 25 18 14 21 10 24 17 12 16 5 20 6 13 26 11 31 22 27 1
26 5 16 32 31 7 6 15 17 18 4 12 20 14 19 3 27 22 2 21 24 10 25 28 13 8 9 30 33 23 1 11 29
15 11 12 10 20 23 9 29 17 30 19 14 13 18 26 21 22 1 32 2 27 7 3 5 4 6 25 28 31 24 8 33 16
7 23 6 19 20 15 17 31 16 5 32 8 11 12 30 3 9 13 10 1 14 2 26 28 4 21 25 27 29 18 33 22 24
4 7 10 26 33 18 25 14 1 8 30 16 21 27 5 15 6 24 12 28 17 11 3 31 22 29 13 9 32 19 2 23 20
30 2 3 21 24 28 31 26 5 14 7 12 1 29 16 27 23 18 15 6 11 9 20 17 33 32 13 19 22 8 4 25 10
20 4 18 1 3 33 7 25 23 6 10 2 30 28 16 11 14 21 29 32 17 9 12 19 5 31 15 24 8 13 27 22 26
29 9 20 8 21 24 11 5 14 3 19 22 27 33 23 12 7 13 17 30 15 10 31 25 18 16 4 1 6 2 26 28 32
30 22 17 2 14 25 8 3 13 33 20 26 19 32 9 29 1 23 28 11 16 21 15 6 7 10 24 18 5 12 27 4 31
29 27 2 31 12 5 32 1 21 24 30 25 33 6 13 11 26 19 28 23 10 17 4 16 18 7 3 20 14 8 9 15 22
6 5 26 9 7 33 21 28 24 3 14 20 27 12 29 17 16 11 18 4 32 10 13 2 25 22 30 23 15 8 31 19 1
31 4 19 27 12 2 16 30 14 29 5 6 1 26 17 11 9 23 22 24 33 3 8 10 28 32 20 18 25 7 13 15 21
6 9 18 2 12 8 3 1 30 7 29 17 20 25 28 32 27 15 22 33 19 14 26 11 31 16 24 13 10 5 4 21 23
23 21 15 28 11 1 26 32 4 16 33 3 9 22 25 27 29 18 30 6 12 2 14 24 31 8 7 19 13 17 10 5 20
4 31 22 5 10 33 11 13 6 28 3 29 26 21 2 32 23 19 8 15 16 17 9 18 12 14 27 20 7 24 1 30 25
21 23 28 19 13 18 20 5 26 25 22 4 31 12 10 7 3 2 8 1 11 17 33 9 14 30 27 32 6 15 24 16 29
25 31 28 9 8 2 18 11 12 32 30 10 14 19 17 3 15 33 13 5 21 7 27 16 6 22 24 20 23 1 26 4 29
25 3 28 8 18 15 4 30 7 13 9 11 12 6 29 24 5 23 14 32 17 33 19 31 20 21 2 10 16 1 22 27 26
19 29 6 10 7 14 28 24 30 18 12 4 2 27 9 3 8 23 22 1 26 13 20 16 11 33 31 21 15 25 17 5 32
22 15 21 3 2 1 5 32 6 24 16 10 14 12 30 7 18 23 31 17 20 8 13 28 33 27 9 29 11 19 4 26 25
23 25 15 21 19 22 13 32 11 24 10 9 33 5 16 4 12 1 26 8 6 28 29 20 7 2 31 30 17 18 27 3 14
31 8 2 32 26 9 13 28 19 14 30 10 16 6 24 27 22 25 5 18 15 7 21 20 3 11 17 1 4 29 12 23 33
7 15 29 3 21 12 10 23 11 22 8 30 5 6 2 9 1 26 16 24 25 4 20 19 17 27 13 28 31 32 18 14 33
2 26 17 32 25 27 24 29 8 6 18 30 7 9 14 23 21 31 5 4 3 16 33 19 11 10 22 15 20 1 28 13 12
3 11 29 1 30 5 27 21 19 6 14 18 15 20 16 2 28 9 17 13 25 8 4 10 24 26 12 7 22 23 31 33 32
10 23 30 8 13 1 27 9 19 7 32 21 15 6 24 22 5 12 17 31 11 25 28 29 2 18 4 33 16 3 20 26 14
16 5 29 14 21 10 1 15 3 31 25 32 24 4 17 33 18 26 12 9 2 11 28 6 19 22 8 7 23 27 13 30 20
27 12 25 10 18 20 32 22 15 28 29 19 31 17 6 26 13 8 16 23 2 3 21 7 33 11 5 9 4 14 30 1 24
20 11 23 33 13 14 3 1 10 21 9 4 26 28 19 5 8 27 30 7 6 18 31 16 12 24 32 22 15 25 17 29 2
9 12 8 13 7 28 10 24 16 5 4 6 26 11 2 20 25 31 17 30 32 19 33 1 21 3 27 29 14 15 23 18 22
30 5 12 15 33 3 31 13 21 6 8 1 16 18 27 7 2 25 28 11 23 22 4 19 17 29 14 20 32 10 24 26 9
8 15 14 32 25 13 3 11 30 10 28 23 18 6 5 31 17 20 4 2 26 1 16 22 33 7 19 27 21 9 24 12 29
24 22 11 16 30 33 14 19 26 21 15 27 6 9 12 8 7 3 1 4 10 13 32 31 17 25 5 18 20 28 2 23 29
27 16 18 22 6 15 14 32 4 33 31 13 1 9 5 21 17 8 29 12 10 20 7 24 3 28 25 26 2 19 11 30 23
2 15 3 30 21 27 10 6 25 31 19 8 9 29 33 26 14 11 16 17 4 32 22 28 7 13 23 12 24 18 5 1 20
22 29 15 3 27 32 23 21 12 33 17 2 26 25 7 5 18 31 11 30 1 8 13 9 20 10 19 6 4 24 16 14 28
31 14 22 19 33 7 24 27 28 8 30 13 20 21 1 17 12 2 32 11 5 4 9 25 26 16 18 6 10 29 3 23 15
2 12 18 11 17 22 14 27 20 5 9 26 1 24 8 4 19 31 32 29 25 33 15 6 21 3 16 28 23 7 30 13 10
18 31 25 6 27 10 7 30 15 2 26 24 9 16 13 3 17 29 14 19 8 21 20 1 4 23 11 12 32 33 28 22 5
15 4 10 17 21 26 20 25 16 6 2 33 11 32 18 9 29 1 7 14 30 23 5 13 28 19 31 12 27 22 8 3 24
30 17 21 11 1 29 28 23 13 22 24 14 20 12 18 9 4 15 7 19 26 2 32 31 25 27 8 33 16 3 6 5 10
