34

    9 15 14 34 11 28 24 13 12 5 16 22 4 1 30 25 19 6 29 8 17 23 10 2 18 3 26 7 33 32 31 27 21 20
    19 2 30 3 1 24 5 9 34 12 29 4 7 32 18 22 16 8 13 25 11 33 6 31 17 23 21 10 27 28 14 26 20 15
    1 30 3 2 24 22 4 8 9 5 34 11 6 21 32 13 20 17 18 29 33 10 14 12 31 19 26 23 15 28 25 27 7 16
    9 3 1 19 15 20 23 26 13 12 17 4 7 28 11 30 21 25 5 31 10 22 34 14 27 29 18 2 6 33 24 16 32 8
    13 19 11 4 24 21 27 9 12 22 1 31 2 32 15 6 7 14 17 8 29 30 5 18 25 23 33 34 16 26 3 10 20 28
    5 21 11 1 20 4 10 18 31 2 16 30 17 12 24 7 27 13 22 32 14 19 15 8 3 26 28 34 6 25 29 23 9 33
    25 5 19 6 7 27 14 28 2 31 1 15 33 32 24 16 10 3 18 17 30 23 13 11 12 21 22 9 34 29 4 20 26 8
    6 26 22 20 32 17 21 27 11 10 31 18 25 5 12 9 34 23 7 16 3 1 33 29 13 14 4 15 2 19 8 30 24 28
    6 25 19 27 20 34 10 33 24 5 32 18 29 14 9 16 8 28 26 13 2 21 17 1 15 30 23 11 4 22 31 12 3 7
    7 13 1 16 33 24 18 21 22 23 15 5 12 8 3 9 34 26 32 4 10 20 29 6 25 27 30 31 2 17 28 11 19 14
    27 15 22 31 32 6 13 34 20 18 29 11 33 28 12 10 30 16 25 8 14 26 2 19 7 1 17 4 23 9 5 24 3 21
    6 9 26 24 31 3 14 5 12 7 19 29 10 34 4 30 22 27 21 8 32 28 15 17 23 18 11 2 25 1 33 13 16 20
    8 22 11 9 10 21 23 6 2 28 19 30 13 17 1 26 4 32 15 24 20 16 3 25 34 14 18 7 33 12 29 5 27 31
    21 9 5 32 25 6 22 12 2 16 14 17 26 28 3 1 7 10 4 30 23 8 31 29 33 20 19 24 11 13 18 34 15 27
    16 26 5 20 15 12 17 11 30 13 9 6 34 8 21 19 14 4 1 24 29 10 2 32 23 7 28 18 22 25 33 31 3 27
    26 34 20 17 22 29 19 18 5 24 15 21 32 27 33 2 23 28 3 25 14 4 10 31 8 12 16 6 13 7 11 30 1 9
    1 17 10 14 12 7 2 33 30 6 25 9 20 26 31 18 3 19 23 21 29 15 24 11 8 34 28 13 22 27 4 32 5 16
    17 23 14 12 7 13 16 20 15 2 6 29 18 26 22 32 24 5 30 21 1 10 28 34 19 9 25 4 11 8 33 31 3 27
    4 2 29 1 21 19 20 15 9 11 25 18 31 6 3 14 24 10 33 12 16 7 23 30 26 8 22 13 28 17 5 32 34 27
    25 16 34 19 30 21 14 13 10 18 23 24 1 28 3 11 2 4 15 27 5 17 26 32 12 9 29 8 22 33 20 6 31 7
    17 3 32 19 8 30 23 2 13 5 10 25 21 27 20 29 18 28 11 9 24 15 33 1 26 14 6 31 4 12 16 34 22 7
    5 7 32 23 28 2 22 8 33 26 29 4 9 18 12 20 31 3 24 21 19 25 34 1 16 14 27 30 13 17 10 15 6 11
    5 25 8 2 29 27 1 19 17 28 7 18 13 30 4 24 32 12 23 26 31 11 15 3 22 34 20 21 14 10 6 16 33 9
    31 29 1 20 2 4 19 33 6 16 24 7 18 27 5 8 12 11 10 15 17 28 22 13 23 32 30 14 25 9 3 21 34 26
    32 1 14 26 7 13 11 8 2 18 25 4 33 3 5 17 29 34 22 20 6 23 10 30 12 9 21 19 15 31 24 16 28 27
    26 15 8 30 24 1 28 2 13 34 21 3 25 7 14 27 20 22 32 6 17 12 4 10 18 5 16 9 23 29 33 31 11 19
    14 8 23 4 1 5 21 34 19 20 26 28 29 25 15 18 9 11 12 6 33 30 16 2 27 13 32 17 31 3 24 22 10 7
    22 3 8 31 29 23 10 21 7 33 19 20 34 9 13 16 18 6 32 30 4 2 14 17 5 12 26 24 1 27 28 25 15 11
    12 13 14 29 5 30 10 21 28 31 24 9 25 26 1 27 19 16 6 7 20 33 8 22 15 18 3 11 23 17 2 34 4 32
    14 7 22 23 28 29 27 32 8 12 19 10 33 6 24 13 21 31 3 11 17 30 4 15 25 34 2 20 1 16 18 26 9 5
    32 17 19 27 9 24 13 5 3 23 26 30 7 29 2 12 4 14 6 15 21 34 10 18 25 1 8 33 16 20 11 28 22 31
    22 25 28 12 24 30 23 27 2 34 3 19 18 26 17 32 10 15 13 4 31 1 33 9 16 6 21 5 11 8 14 7 20 29
    1 13 12 10 33 22 20 28 5 18 25 29 3 7 34 11 15 4 26 30 6 19 21 24 23 16 31 8 32 14 27 9 2 17
    6 10 11 27 19 34 2 12 1 24 26 30 17 28 15 13 9 20 29 18 22 14 4 3 5 31 33 25 8 21 32 7 16 23
    27 16 5 29 4 15 32 25 30 28 14 6 10 23 33 19 9 34 20 1 7 3 11 18 12 8 2 24 31 13 26 17 21 22
    6 10 24 9 11 27 29 25 17 33 20 4 28 19 34 23 15 26 12 22 7 21 16 30 18 5 31 3 2 13 14 1 32 8
    14 10 26 31 20 3 8 4 1 17 32 11 29 22 34 24 16 7 13 2 15 28 12 18 6 25 5 23 27 21 19 33 30 9
    33 2 31 6 22 15 34 9 24 12 16 18 13 14 30 28 8 20 26 32 17 25 10 7 19 3 27 5 29 11 1 4 21 23
    25 32 2 22 15 29 19 30 23 26 14 28 10 16 5 4 21 20 7 18 3 12 13 33 9 34 24 1 11 8 27 17 31 6
    18 25 16 24 11 14 32 31 26 29 34 7 23 5 28 33 17 2 10 22 8 15 6 30 13 4 21 3 19 12 20 27 1 9
    12 27 23 8 3 21 25 16 1 17 10 13 31 14 15 33 4 5 29 28 9 34 19 6 2 24 7 22 26 18 32 30 11 20
    25 21 17 23 19 29 7 20 4 11 33 12 5 22 3 14 32 8 6 16 28 2 9 27 1 13 26 18 24 10 31 15 34 30
    22 28 25 29 16 23 3 33 15 20 4 5 6 7 30 26 17 21 1 9 14 10 34 27 11 12 19 32 13 8 2 18 31 24
    19 26 33 16 2 6 20 10 34 9 4 24 11 23 28 15 21 30 3 29 13 25 7 32 22 31 12 14 27 17 1 5 18 8
    18 19 4 12 32 10 15 21 28 33 24 3 1 25 23 31 20 17 2 7 30 8 14 5 11 29 9 22 16 34 6 26 13 27
    17 22 7 5 19 20 1 30 9 18 24 10 33 8 11 28 13 25 27 21 23 4 26 14 15 3 16 2 31 29 12 6 34 32
    2 12 32 24 26 4 17 34 13 19 10 1 11 20 14 29 28 27 9 5 6 31 18 7 30 15 16 25 21 22 8 3 33 23
    27 29 7 14 21 1 4 9 20 19 22 25 16 24 15 2 28 17 23 18 34 10 33 11 13 26 12 5 30 32 6 8 31 3
    32 8 24 13 7 9 1 18 30 4 25 17 26 27 20 10 14 12 33 23 2 16 22 15 28 29 19 6 5 3 34 31 11 21
    3 22 25 5 14 9 8 1 19 2 7 29 15 26 16 10 33 30 31 6 11 12 28 23 4 24 17 21 20 32 34 27 18 13
    23 32 29 3 20 1 33 30 12 22 19 10 21 5 17 13 14 2 31 27 16 15 18 11 8 6 26 24 7 34 4 25 9 28
    28 1 16 22 30 32 2 21 24 4 31 19 18 3 9 33 8 10 12 14 5 13 6 15 34 25 23 26 27 20 7 11 17 29
    23 30 29 6 15 13 9 2 12 26 8 5 34 14 4 24 20 18 19 11 7 1 17 33 16 10 21 22 27 25 32 31 28 3
    32 10 23 13 31 24 15 19 21 1 14 3 11 29 34 20 5 33 2 16 8 27 9 30 18 17 4 7 26 12 22 25 6 28
    11 18 5 2 21 24 29 7 10 12 28 1 22 6 25 3 30 27 19 32 31 16 20 23 4 13 17 9 33 26 15 8 34 14
    5 9 3 29 16 28 20 19 32 2 8 31 30 18 7 26 22 10 33 15 11 1 17 25 34 27 13 23 14 4 12 24 21 6
    3 34 10 28 17 11 13 8 21 6 25 20 27 7 5 29 32 4 24 12 23 19 1 2 22 26 18 31 16 30 9 14 15 33
    3 6 29 18 24 14 32 31 7 25 11 26 22 9 13 19 12 28 33 30 2 10 15 34 20 17 8 23 21 16 27 1 5 4
    29 4 14 19 23 12 28 15 16 24 13 2 5 22 6 21 3 27 8 9 7 17 33 18 20 25 11 31 30 32 1 34 26 10
    4 5 22 13 31 24 32 29 18 26 28 21 10 1 33 3 27 20 30 8 34 7 19 16 6 15 17 11 14 12 25 23 9 2
    16 10 3 23 2 11 7 21 30 22 17 12 28 6 24 34 14 1 31 32 20 33 19 15 27 18 13 25 26 8 9 5 29 4
    21 17 7 26 6 12 14 22 9 15 13 30 10 23 11 1 8 3 19 18 4 25 32 27 28 5 2 29 31 33 34 24 16 20
    15 12 18 27 32 23 31 25 30 4 33 19 3 24 1 7 20 2 22 29 5 34 17 11 9 26 10 8 6 13 28 14 16 21
    5 16 6 26 2 18 9 3 22 12 32 27 10 28 4 1 30 25 20 17 34 13 24 31 8 7 15 11 23 29 21 19 33 14
    14 13 29 26 27 18 20 5 4 7 19 24 34 31 16 15 10 25 33 22 17 30 21 28 8 9 12 32 1 6 2 3 11 23
    12 2 6 20 31 21 3 18 25 33 15 9 5 34 27 30 11 29 8 17 22 32 10 16 4 23 1 28 19 24 13 7 26 14
    18 9 16 6 5 31 20 7 4 19 1 32 27 15 3 33 10 29 34 8 14 25 26 2 30 13 28 24 22 17 23 11 12 21
    33 20 3 5 19 24 26 10 2 32 22 17 28 30 4 9 14 34 8 31 13 7 27 12 11 21 23 18 16 29 6 1 15 25
    25 2 26 19 28 7 3 34 24 5 14 27 32 29 16 30 1 13 33 18 4 21 15 23 6 31 9 11 22 20 10 12 8 17
    28 13 25 2 23 3 22 29 30 8 19 21 6 10 24 11 7 27 26 14 16 33 17 15 9 4 12 20 34 32 18 31 1 5
    5 11 14 30 26 19 9 25 31 21 32 29 34 10 18 12 8 17 2 20 28 27 24 33 13 1 7 15 22 4 23 3 6 16
    29 31 18 13 15 26 27 23 14 11 24 5 1 22 33 3 2 19 17 32 9 25 8 21 30 12 28 6 16 10 7 4 20 34
    8 26 29 1 6 34 7 3 24 15 31 13 27 28 14 9 33 30 23 12 19 16 17 5 25 20 2 21 32 4 11 18 10 22
    2 10 14 1 34 26 19 3 18 25 15 22 27 12 11 33 13 29 6 32 17 4 31 28 21 8 23 30 5 24 7 16 20 9
    29 3 27 11 16 2 15 18 30 4 32 17 19 22 6 34 5 1 33 28 26 7 8 31 20 14 25 24 21 10 13 9 23 12
    1 13 32 24 15 20 4 30 27 14 34 3 18 12 16 31 11 9 23 21 19 28 6 33 10 8 26 29 17 7 22 5 25 2
    27 15 12 20 31 1 22 24 25 34 23 30 3 32 29 17 9 28 8 21 33 14 11 26 18 10 5 4 2 13 7 6 19 16
    31 22 29 33 1 27 28 21 16 6 20 5 23 25 8 34 13 12 19 2 4 9 11 3 10 32 14 18 7 24 17 26 15 30
    15 17 22 11 18 16 30 6 23 10 13 26 7 28 34 21 1 29 19 31 5 12 32 3 27 24 14 20 8 4 9 2 33 25
    20 17 28 25 31 12 3 16 10 19 24 29 5 32 33 2 27 21 11 8 1 15 14 6 18 34 22 4 9 30 13 26 23 7
    28 1 2 20 3 9 25 13 29 33 14 19 34 21 23 30 32 7 5 26 27 31 16 6 8 18 11 15 10 22 24 12 4 17
    3 7 28 25 26 13 21 18 10 31 20 29 2 30 1 23 14 34 33 15 6 17 27 19 16 9 5 11 8 32 22 12 24 4
    29 22 20 30 23 15 27 17 34 18 11 6 32 26 8 9 21 16 33 25 24 12 7 13 1 5 10 2 31 28 14 19 3 4
    20 12 8 6 34 1 18 15 14 27 10 30 29 7 4 19 26 22 23 17 24 5 32 25 28 31 3 16 9 11 21 33 13 2
    30 20 23 12 21 31 1 32 14 19 10 34 28 26 8 9 16 25 3 6 15 33 17 13 18 29 24 11 7 4 2 5 27 22
    25 17 14 22 4 3 32 19 16 15 13 7 10 8 21 12 27 5 23 24 11 20 1 26 29 2 34 18 9 30 28 6 33 31
    23 30 8 24 2 19 21 20 5 11 14 32 3 17 34 13 27 15 31 6 10 16 1 28 22 26 7 9 33 12 25 4 29 18
    19 29 5 12 17 2 8 27 31 4 26 14 15 9 7 28 18 21 11 10 24 30 23 13 25 6 16 33 3 1 20 22 32 34
    13 28 2 25 17 33 9 1 26 29 24 14 15 11 3 21 32 27 20 4 23 12 8 5 30 10 6 31 7 18 19 16 34 22
    12 7 8 21 2 17 13 10 31 27 11 3 32 30 9 18 25 29 14 19 26 22 1 28 6 20 24 15 23 5 16 4 34 33
    20 19 4 24 21 10 28 26 15 32 2 16 5 14 25 9 33 34 7 22 30 27 31 29 23 1 13 18 3 11 12 6 8 17
    29 21 11 24 14 5 4 7 25 16 22 8 26 10 32 28 33 20 9 13 2 1 34 31 23 17 19 27 30 6 12 18 3 15
    18 16 10 7 11 26 1 5 20 9 32 30 28 4 25 19 17 27 14 24 13 3 6 33 2 34 8 15 31 22 12 21 29 23
    15 29 8 16 17 10 26 14 33 24 1 18 7 4 34 9 28 13 27 25 31 11 32 22 30 5 2 19 23 12 21 6 3 20
    24 11 30 34 31 7 6 26 13 10 20 3 23 22 2 9 19 15 8 5 29 27 4 18 16 33 32 21 14 1 12 25 17 28
    18 12 1 34 19 33 10 25 28 4 20 7 22 3 17 13 31 23 29 30 5 2 11 26 21 16 27 8 6 32 9 14 24 15
    15 12 24 20 29 18 30 9 19 21 7 27 28 4 10 26 25 33 34 31 8 11 6 22 5 13 1 2 3 17 23 14 32 16
    19 26 6 15 14 24 25 2 11 12 5 17 13 20 7 18 22 8 27 31 9 4 32 10 34 30 33 21 29 1 3 28 16 23
    10 25 26 21 33 22 28 5 18 20 29 7 1 24 14 34 17 11 19 32 27 13 16 12 30 3 4 8 15 9 6 23 2 31
    25 1 32 4 13 10 3 12 31 6 5 28 20 34 11 30 23 17 26 19 16 7 18 27 15 24 29 22 8 33 2 21 9 14

