35

    29 14 24 1 31 21 23 22 12 2 3 6 7 35 26 33 16 20 10 11 17 9 5 34 18 19 32 8 25 28 13 4 30 15 27
    21 9 23 26 2 12 18 11 14 17 32 22 3 8 20 27 13 30 5 34 35 4 29 25 15 33 31 10 19 6 24 28 1 16 7
    32 26 4 17 8 18 7 3 29 1 30 6 34 21 31 28 33 25 5 11 13 9 19 2 20 12 10 35 16 27 14 24 23 15 22
    8 21 27 9 4 10 15 11 28 34 23 14 13 35 22 33 1 30 16 20 26 6 19 31 32 7 25 24 3 18 5 29 2 12 17
    26 13 11 35 15 1 24 31 16 29 27 25 12 10 22 5 4 7 20 34 32 2 19 18 30 14 3 17 9 33 21 23 8 28 6
    22 3 6 8 7 13 11 21 32 26 19 34 29 16 35 4 25 14 12 10 15 24 17 5 18 2 33 20 1 31 30 27 23 28 9
    25 16 5 34 28 1 9 32 15 3 20 2 4 10 14 30 35 22 12 17 18 29 23 11 8 19 24 21 7 31 13 26 33 6 27
    28 6 17 1 32 7 16 24 18 31 19 25 12 13 22 10 30 23 14 33 4 3 27 26 5 11 29 9 34 20 35 21 8 15 2
    3 19 25 35 32 23 28 1 11 33 29 12 14 17 6 22 30 10 31 7 15 24 2 8 21 27 13 18 5 34 20 26 9 4 16
    14 20 32 17 8 27 10 11 21 25 29 34 18 4 16 2 1 15 5 35 30 24 28 6 12 23 33 19 7 22 26 3 13 31 9
    24 14 31 8 16 29 20 4 15 1 9 2 23 19 18 34 3 10 22 17 11 35 30 33 27 21 26 7 32 12 6 13 28 5 25
    29 19 17 21 32 8 22 25 26 13 23 18 2 4 1 12 11 9 34 14 27 6 5 35 16 3 24 28 20 10 33 15 30 31 7
    28 1 13 25 21 27 8 16 5 32 9 17 20 26 18 3 10 23 30 14 31 2 19 4 33 12 11 7 6 35 34 29 24 15 22
    26 15 30 13 34 28 7 6 9 4 22 29 17 12 32 31 25 19 24 35 18 5 33 14 27 20 8 23 1 11 21 3 16 10 2
    5 13 23 14 4 22 24 27 30 3 29 12 2 32 20 8 15 11 19 25 10 18 34 33 28 6 21 9 1 31 7 26 35 17 16
    4 9 29 19 13 26 17 22 8 3 33 12 34 14 1 6 28 20 21 15 35 11 18 25 23 2 7 5 24 10 27 30 16 32 31
    30 32 24 1 14 22 33 11 27 3 34 7 17 19 13 9 16 12 6 8 35 20 29 21 4 5 31 26 28 15 2 18 10 23 25
    1 18 16 14 21 28 3 6 30 8 4 23 11 34 32 33 24 5 19 7 35 13 10 29 27 31 20 2 26 12 15 17 25 22 9
    15 19 6 10 8 4 30 1 35 20 23 25 9 29 32 31 34 33 17 14 22 13 7 2 18 21 3 26 28 5 24 27 12 16 11
    1 13 35 7 11 21 9 5 16 31 15 26 4 6 29 10 19 34 28 25 32 27 12 23 20 2 24 30 3 33 22 8 17 18 14
    17 24 16 33 4 30 2 19 7 10 5 23 14 26 25 28 21 1 8 20 11 9 35 12 6 34 18 31 3 22 27 13 29 32 15
    3 29 32 30 15 4 18 21 5 35 31 17 22 12 13 27 26 16 19 7 33 34 14 9 2 11 20 8 24 1 10 23 25 28 6
    30 20 3 22 7 28 2 15 8 17 26 25 10 12 23 19 11 16 21 24 9 13 32 14 33 4 1 29 18 35 31 5 27 34 6
    14 22 6 19 27 2 30 20 8 13 16 34 31 29 33 25 12 23 32 26 24 7 1 4 18 28 5 21 15 3 17 9 11 35 10
    23 30 9 13 20 14 4 24 11 35 7 15 34 25 26 33 10 28 8 5 22 6 29 16 31 12 18 3 19 1 17 2 32 21 27
    5 19 9 6 14 22 29 27 15 31 28 26 11 23 4 30 18 2 33 24 1 25 32 8 34 3 21 12 13 16 20 10 17 35 7
    22 6 24 23 8 3 25 26 13 11 19 15 20 17 29 31 18 16 9 12 21 34 14 28 2 5 4 32 33 27 1 30 35 10 7
    13 27 14 19 33 23 35 17 22 16 2 15 8 21 11 5 10 18 24 30 28 3 7 26 20 32 31 34 12 6 1 9 25 4 29
    15 21 12 7 19 6 27 5 2 29 30 11 17 16 18 4 32 33 28 13 35 22 26 25 1 3 34 23 9 24 20 31 10 14 8
    4 33 16 7 10 28 23 27 14 22 11 17 25 21 9 34 31 5 13 19 2 24 12 35 32 8 3 6 18 15 30 26 1 29 20
    23 32 29 2 8 11 27 13 34 19 7 14 18 15 26 28 3 30 16 6 25 4 17 22 24 35 1 9 12 10 5 21 20 33 31
    29 26 5 20 11 17 32 30 6 21 34 9 35 25 27 13 22 8 4 28 2 16 15 24 3 33 12 18 14 7 1 23 31 19 10
    32 23 15 9 2 4 8 12 14 1 24 6 13 10 5 25 26 34 30 16 19 11 7 20 17 21 28 27 35 18 33 3 29 31 22
    2 32 6 18 27 22 28 11 9 24 23 10 31 3 4 21 12 30 19 8 5 15 33 7 14 13 29 20 1 26 17 16 35 25 34
    22 27 19 2 4 20 3 30 15 26 25 11 13 6 10 33 24 18 31 1 34 7 5 23 28 17 16 29 32 8 35 14 21 12 9
    34 13 8 29 35 14 28 9 27 19 3 22 30 4 16 32 6 11 25 15 24 18 26 31 17 7 2 23 1 10 33 12 21 20 5
    27 10 6 29 19 13 25 14 2 7 8 18 32 11 21 4 3 22 1 23 17 34 28 20 31 30 16 24 12 26 5 35 9 15 33
    34 1 31 3 14 27 30 8 28 18 21 33 17 9 7 15 24 10 16 26 4 23 20 6 22 11 2 32 19 5 25 13 29 35 12
    18 12 30 13 22 16 15 6 9 7 28 11 20 14 26 1 34 24 25 29 33 3 4 8 32 27 19 2 31 5 23 35 21 10 17
    26 8 15 33 11 4 17 3 24 19 34 16 18 5 1 28 30 23 32 7 13 21 31 6 9 22 10 29 35 2 27 20 12 25 14
    14 5 32 20 31 8 4 6 29 17 12 33 24 26 9 35 18 7 15 25 27 3 22 19 28 30 1 2 10 13 21 11 34 23 16
    20 3 25 10 2 22 5 8 13 23 12 17 32 28 30 15 19 4 33 26 24 27 21 34 9 14 11 31 29 7 35 1 6 18 16
    26 3 13 35 18 10 19 17 29 25 4 9 28 16 15 33 27 30 2 32 8 34 22 24 23 20 1 7 11 31 21 6 5 14 12
    28 27 29 35 12 26 25 18 31 22 30 15 8 17 5 3 1 14 24 20 21 19 9 10 6 16 7 34 23 11 13 32 33 4 2
    17 31 8 6 20 4 27 28 13 30 9 11 19 21 22 7 34 10 18 16 23 12 26 2 24 29 15 25 33 32 5 35 14 3 1
    14 34 2 21 10 18 30 31 22 29 6 27 23 35 24 26 9 16 5 15 3 17 4 11 12 13 20 8 19 33 1 32 7 25 28
    26 1 18 30 10 16 5 11 35 21 14 17 3 20 7 32 9 12 13 19 27 31 34 8 15 28 2 25 4 6 29 22 24 33 23
    30 16 19 22 1 17 3 28 4 35 11 9 27 34 21 32 25 8 23 26 29 20 13 5 15 10 14 7 18 31 12 2 33 24 6
    7 2 32 27 33 17 29 11 5 1 19 28 16 12 34 6 3 30 9 8 4 26 10 25 22 15 24 14 18 13 23 20 21 31 35
    26 10 7 28 18 2 21 9 8 22 33 30 19 32 5 35 23 31 16 24 29 3 20 4 12 27 34 15 1 25 17 6 11 13 14
    3 18 32 21 4 23 15 8 33 30 20 11 29 27 34 28 19 9 26 13 22 5 31 1 14 35 2 6 12 7 25 16 10 17 24
    9 35 8 6 23 32 13 10 5 17 7 28 34 33 3 30 29 19 16 12 26 21 31 11 14 1 24 4 15 27 22 18 2 20 25
    11 27 33 32 10 18 16 24 19 22 1 14 15 23 21 8 5 4 6 30 34 28 35 13 20 12 3 2 9 7 17 29 25 31 26
    7 22 33 1 5 24 25 34 13 30 9 14 17 31 4 20 19 26 18 32 12 35 15 11 3 6 28 16 8 10 23 21 27 29 2
    29 32 19 18 8 9 20 33 24 25 2 6 30 13 17 34 23 12 22 14 11 26 27 10 15 31 3 21 4 28 35 1 7 16 5
    29 30 10 3 35 5 11 24 13 8 21 22 34 33 4 27 31 16 25 19 9 17 28 18 12 26 23 32 20 6 2 15 14 7 1
    29 23 4 1 8 9 21 22 31 18 33 30 26 15 27 3 11 7 5 32 20 35 14 13 28 25 34 19 17 6 12 24 2 16 10
    21 25 35 14 13 9 29 20 4 23 18 8 1 28 34 5 19 31 10 12 33 27 15 11 3 6 16 24 30 7 32 22 17 26 2
    8 4 34 1 22 15 23 18 2 33 7 31 16 28 12 14 19 35 20 21 29 17 5 6 25 24 3 27 32 26 9 30 11 10 13
    35 14 12 7 27 6 19 33 24 21 9 31 5 20 23 1 32 13 26 29 17 8 25 18 2 10 15 4 16 3 28 11 34 22 30
    20 7 15 12 29 11 21 27 13 9 28 6 31 24 4 2 14 19 23 33 5 17 34 18 35 3 30 8 16 25 10 32 26 22 1
    24 31 28 15 30 27 2 3 5 7 34 10 23 1 17 4 8 14 9 26 22 21 29 18 11 16 35 12 6 19 13 32 20 33 25
    33 26 9 4 20 1 12 24 18 16 27 21 2 13 35 34 7 30 22 29 31 11 5 8 3 15 25 19 32 14 10 17 28 23 6
    27 9 26 3 10 23 29 30 28 13 31 14 21 2 34 19 22 7 4 20 18 5 11 24 6 16 8 17 15 12 32 25 1 35 33
    8 28 19 23 14 31 24 9 12 13 25 17 7 27 15 6 26 16 11 33 22 10 29 18 1 21 20 2 34 3 30 35 32 5 4
    18 6 9 35 24 1 4 21 22 31 3 14 34 19 2 29 11 30 8 28 33 20 25 5 12 15 13 7 32 17 23 16 26 27 10
    20 31 11 14 33 35 18 8 5 32 28 19 23 15 9 7 16 4 27 3 6 34 30 24 26 17 1 22 12 10 21 29 25 13 2
    33 21 23 16 12 14 28 1 30 8 6 15 29 20 35 24 32 11 25 2 19 4 26 17 3 34 10 5 22 7 13 31 18 27 9
    31 20 22 2 29 34 16 13 19 21 11 26 25 8 14 35 5 4 10 32 17 1 28 3 24 33 23 9 30 15 27 12 18 7 6
    9 17 19 31 22 4 32 25 26 1 10 35 11 14 21 8 33 3 24 27 23 18 6 7 5 16 15 12 29 30 20 2 13 34 28
    5 24 1 22 7 16 21 28 25 11 17 3 12 23 2 34 13 10 8 30 29 19 31 4 15 35 9 32 26 18 27 33 14 20 6
    31 5 15 12 21 8 29 28 25 6 27 13 16 3 32 18 9 17 35 26 7 14 24 11 4 10 1 30 23 34 19 33 22 2 20
    18 13 8 25 1 33 27 14 6 19 26 35 22 34 30 4 23 31 20 12 16 17 3 2 32 15 29 7 24 9 28 10 5 21 11
    7 12 15 31 9 18 34 1 2 22 32 20 23 21 16 19 17 26 24 13 10 27 28 33 8 14 5 29 35 25 30 11 3 4 6
    26 14 23 17 20 8 19 3 9 28 18 29 4 33 24 22 34 7 21 31 2 11 5 32 6 27 12 10 16 15 30 25 1 13 35
    9 12 22 2 20 31 29 14 27 21 15 32 4 34 7 8 13 23 30 19 16 35 1 18 28 33 10 5 6 11 24 26 3 25 17
    29 12 34 14 2 28 20 6 33 16 8 10 23 17 3 31 25 27 4 1 13 21 35 26 32 15 7 19 22 24 5 30 18 11 9
    20 22 30 29 2 6 12 17 15 25 4 13 26 16 31 35 10 19 32 1 23 24 21 9 18 33 8 14 7 3 34 27 11 5 28
    29 7 11 18 31 14 4 8 6 25 35 15 26 33 12 9 16 34 30 23 22 10 19 1 13 27 28 2 24 17 5 21 3 32 20
    6 1 13 26 15 28 23 20 19 10 29 11 8 34 5 4 32 33 12 7 30 17 35 24 16 2 14 25 21 18 22 31 3 27 9
    31 12 10 13 34 23 27 2 8 16 29 32 15 25 9 20 1 4 19 7 24 30 22 28 18 21 6 5 17 33 11 35 26 3 14
    3 4 34 18 7 35 31 15 11 25 14 2 12 33 26 30 29 8 20 23 27 5 28 10 6 22 1 21 13 9 17 19 32 24 16
    35 20 26 11 24 1 29 30 16 31 12 5 8 7 10 9 13 17 23 15 27 34 21 6 18 33 14 28 25 2 19 3 32 4 22
    8 18 13 15 20 34 21 6 1 7 16 4 23 12 9 29 26 35 19 31 14 27 17 24 11 32 5 22 3 30 10 28 33 25 2
    3 1 24 21 6 4 23 32 29 14 8 2 10 33 22 27 12 9 28 15 31 17 35 13 19 18 30 5 25 20 26 11 34 16 7
    31 7 9 15 10 23 22 17 1 28 34 24 2 18 3 26 14 19 25 13 6 5 29 16 20 32 27 12 33 30 11 21 35 8 4
    31 21 1 3 24 9 16 25 29 11 10 7 2 23 33 27 26 17 8 4 32 34 13 35 22 18 12 20 14 28 30 5 19 15 6
    35 32 27 12 19 13 26 5 24 3 10 14 25 18 16 11 2 22 7 29 30 23 8 17 1 21 34 20 6 33 4 28 15 31 9
    3 10 1 16 14 21 33 7 25 26 29 15 18 28 13 27 35 2 22 19 12 5 8 32 6 23 9 11 4 20 24 17 34 30 31
    21 17 14 5 10 28 26 32 4 18 1 12 2 24 22 13 33 9 30 16 29 35 15 8 23 11 27 34 6 7 3 31 19 25 20
    21 30 27 2 32 31 16 14 18 22 29 11 13 5 28 12 4 19 34 9 10 17 24 26 15 1 20 6 3 35 7 33 8 23 25
    35 16 30 1 10 3 8 32 13 7 33 9 29 31 24 4 14 34 6 20 5 2 23 19 15 28 18 26 11 12 21 27 17 22 25
    16 24 10 35 14 20 17 13 11 22 30 25 34 8 19 23 29 7 27 33 2 9 31 6 15 5 1 18 21 3 26 32 12 4 28
    14 4 29 6 11 28 8 32 1 27 31 16 20 33 3 19 21 15 17 22 9 18 25 12 26 35 30 2 7 10 13 24 34 5 23
    3 1 11 4 34 10 8 2 12 21 20 23 16 5 35 19 24 14 28 26 31 9 18 6 17 25 22 15 29 7 27 13 32 30 33
    21 19 12 15 34 33 29 32 28 9 26 35 16 6 1 3 31 2 20 24 18 25 8 5 11 13 22 4 7 27 10 17 23 14 30
    33 21 12 2 20 8 27 13 5 32 19 31 22 6 35 26 1 11 17 18 7 23 30 34 16 9 28 24 3 4 14 10 25 29 15
    14 2 31 17 6 29 20 7 35 12 33 22 27 32 16 11 23 9 28 34 25 15 5 21 1 24 26 30 18 8 4 19 3 10 13
    24 1 5 31 2 29 7 30 33 25 3 22 6 16 8 14 21 34 23 19 12 26 28 4 17 18 15 20 32 13 35 27 11 9 10
    6 24 29 30 9 22 20 11 12 1 25 23 14 2 10 32 7 26 21 31 8 16 18 13 15 28 35 17 34 19 33 5 27 3 4

