36


    2 25 20 24 3 15 22 19 13 23 21 30 4 16 35 1 34 28 17 27 10 36 9 31 11 5 29 26 12 7 18 33 32 6 8 14
    21 4 1 10 31 14 3 34 11 13 26 2 19 22 12 27 28 32 5 18 17 29 33 7 9 36 8 30 35 25 20 6 15 16 24 23
    27 9 17 34 33 24 13 5 21 18 23 1 6 30 4 31 3 2 32 15 14 22 11 12 26 36 19 25 8 20 28 29 10 35 16 7
    9 22 18 11 3 29 1 25 4 5 36 2 10 8 26 30 17 21 13 14 33 7 35 19 34 15 31 16 12 24 6 28 20 32 23 27
    27 21 2 23 4 26 17 9 30 35 28 15 14 13 36 25 12 33 22 20 29 5 11 8 18 19 10 1 34 6 24 16 7 3 32 31
    30 28 23 5 34 16 29 21 25 24 1 31 4 12 33 22 13 15 36 14 26 8 3 6 32 27 18 20 11 17 9 35 7 19 2 10
    32 22 33 19 12 29 36 2 31 6 28 14 1 25 18 16 20 5 10 9 4 3 17 26 30 21 34 13 27 23 8 15 7 35 11 24
    16 25 5 7 13 26 10 34 11 22 33 24 2 35 1 17 6 14 3 21 31 18 15 4 12 36 30 32 27 8 19 9 23 29 28 20
    9 36 2 27 12 15 20 8 13 22 33 3 14 5 24 23 29 28 32 11 30 18 26 16 10 34 17 35 21 6 1 7 31 4 25 19
    32 31 13 23 27 6 35 33 24 9 21 22 19 12 5 36 3 10 15 4 20 1 8 7 14 16 29 26 34 18 11 2 25 17 28 30
    14 36 13 1 5 15 11 17 34 23 26 22 35 9 33 19 25 20 29 21 27 32 3 18 2 10 16 8 4 12 28 6 7 30 31 24
    33 19 32 18 30 29 16 22 4 15 10 6 14 12 1 23 36 25 9 27 8 24 20 13 28 31 7 3 34 35 11 2 5 21 17 26
    33 4 6 29 25 3 5 12 35 13 24 32 34 14 31 15 10 21 7 23 18 26 19 27 28 17 9 36 22 8 16 11 30 1 2 20
    29 25 33 3 8 17 31 20 14 16 35 36 28 32 18 22 4 1 24 15 11 7 9 21 12 2 13 23 19 34 27 5 10 30 26 6
    30 27 2 8 35 7 33 23 1 11 26 4 16 19 20 34 25 32 6 31 24 13 5 18 3 21 9 10 17 14 12 29 15 36 22 28
    12 20 25 14 27 34 32 13 15 1 33 8 17 16 19 9 5 24 36 23 2 31 18 10 6 28 4 7 26 11 21 35 30 3 29 22
    32 15 33 18 34 5 11 6 3 20 21 25 22 4 19 16 8 29 28 27 35 13 31 26 30 24 14 23 10 36 7 2 1 9 12 17
    15 12 33 3 30 7 18 24 20 22 1 6 16 11 27 2 26 23 34 25 17 14 35 32 19 31 36 8 10 21 13 29 9 5 28 4
    36 16 13 23 30 21 3 4 15 12 20 28 22 14 17 11 34 33 2 7 9 31 26 8 24 18 25 19 35 1 29 32 6 27 10 5
    14 4 36 2 35 21 28 30 11 29 26 19 1 16 9 17 15 31 12 3 8 5 18 7 23 34 20 6 13 24 27 32 33 22 25 10
    13 6 15 31 32 27 5 8 22 34 25 14 9 12 26 36 35 4 23 30 19 11 17 33 16 24 20 28 1 18 21 3 10 29 7 2
    10 11 14 18 3 22 20 6 23 34 7 25 9 33 30 16 5 31 12 32 28 35 36 29 2 1 13 19 15 17 27 26 8 24 4 21
    6 16 21 7 29 28 17 34 4 20 12 8 13 36 3 2 31 14 15 32 9 30 26 18 5 24 11 22 23 33 25 1 35 19 10 27
    26 21 13 31 7 8 30 22 19 12 6 36 24 2 11 3 23 15 27 10 35 18 16 4 5 28 14 1 32 25 9 33 34 29 17 20
    6 17 30 10 7 2 9 20 33 36 27 34 31 23 32 4 5 1 21 24 16 26 28 22 29 13 15 19 25 35 14 12 11 3 8 18
    25 1 28 16 31 34 2 29 32 23 12 18 7 11 9 10 5 24 33 35 17 3 6 21 30 14 4 8 13 26 15 19 22 27 20 36
    12 10 8 18 4 26 9 25 30 15 5 19 31 17 36 20 13 32 24 21 23 11 33 28 29 6 27 16 22 14 7 3 35 2 1 34
    28 10 1 34 5 3 24 27 22 18 17 20 26 15 14 19 11 35 32 33 8 2 7 9 29 25 6 31 36 16 12 4 30 21 13 23
    13 7 31 19 25 3 26 8 15 14 29 9 5 28 20 35 22 1 27 10 21 6 23 34 17 12 36 16 4 11 18 32 24 30 33 2
    13 27 30 23 11 19 18 1 12 14 20 15 29 34 17 6 16 28 4 36 35 5 21 22 10 31 25 3 24 9 32 7 33 2 26 8
    9 8 4 6 26 17 5 29 11 33 7 1 36 35 12 13 23 34 15 27 31 32 2 21 16 3 24 30 28 22 10 20 18 19 14 25
    11 16 10 21 5 29 3 34 23 24 26 32 9 20 17 1 35 7 6 8 28 2 25 15 13 14 4 12 36 31 22 33 18 27 30 19
    30 23 27 3 11 5 31 4 32 26 7 1 21 8 19 2 34 22 18 15 9 29 25 17 33 6 35 12 24 10 16 14 13 36 28 20
    31 11 17 5 23 35 15 13 19 8 32 3 9 16 14 6 21 1 20 2 34 26 7 30 4 27 12 33 24 10 18 29 25 36 28 22
    36 10 12 32 5 23 6 15 8 28 4 7 35 30 21 11 3 24 31 26 33 13 2 9 20 27 18 17 25 29 16 34 22 1 14 19
    5 28 29 26 4 13 1 18 7 31 3 8 15 21 33 36 17 32 14 19 35 12 34 30 20 27 9 23 2 22 16 6 10 25 11 24
    25 26 14 2 11 5 29 15 12 18 35 22 31 4 19 8 1 20 27 32 28 6 21 13 34 36 33 16 10 30 3 7 17 23 9 24
    3 14 26 18 23 11 20 24 1 33 13 4 2 15 32 36 29 28 19 25 6 7 21 5 27 22 34 31 10 35 17 16 8 30 12 9
    33 6 36 2 27 35 3 16 12 30 25 20 17 31 22 10 9 18 29 21 34 5 1 24 32 23 26 8 19 13 15 7 11 4 14 28
    21 26 24 10 25 34 7 2 16 13 17 18 32 31 22 11 35 8 36 15 1 29 27 5 30 6 28 14 12 3 23 33 9 20 19 4
    10 3 30 26 5 25 29 21 31 33 7 13 12 36 9 4 17 15 8 23 20 1 34 24 2 19 18 35 11 14 32 16 27 28 6 22
    21 25 24 4 16 11 32 17 34 2 35 10 23 20 8 19 7 28 3 36 12 5 6 31 15 26 9 18 27 13 29 33 30 14 22 1
    1 33 22 21 28 19 30 17 5 23 27 4 7 32 25 3 20 16 36 18 9 31 29 10 13 35 12 24 34 2 15 8 6 11 14 26
    31 13 30 10 17 14 12 34 26 8 35 36 33 15 7 5 32 3 11 24 2 21 28 27 6 25 16 4 9 18 20 19 1 23 29 22
    21 34 22 30 16 1 9 23 26 32 36 19 3 17 11 10 7 13 2 12 35 24 8 20 18 6 15 25 33 29 28 14 31 4 27 5
    4 9 33 32 13 28 8 5 19 14 17 6 12 24 20 21 1 10 11 3 2 15 35 31 34 18 27 26 29 7 36 25 16 30 22 23
    34 11 21 24 27 4 32 12 20 2 31 16 15 3 36 33 10 17 25 26 29 23 28 22 30 7 1 19 13 5 35 18 14 6 9 8
    34 18 36 3 12 24 7 30 20 13 22 21 10 27 1 9 16 17 29 25 14 11 28 2 33 4 31 5 32 23 26 35 19 15 8 6
    5 31 34 16 11 32 27 33 17 23 6 25 15 19 29 12 7 4 2 3 30 1 18 10 21 8 36 35 13 9 20 14 24 26 22 28
    11 2 26 33 35 16 12 31 34 14 3 7 4 15 21 32 6 36 5 17 22 28 13 8 30 25 10 20 1 19 24 27 29 23 18 9
    6 15 26 3 36 16 30 12 20 29 31 35 24 5 4 9 21 25 2 22 19 27 7 14 34 10 33 23 11 13 28 1 17 8 18 32
    16 25 6 36 30 35 9 4 20 33 32 23 3 29 19 2 13 1 8 12 24 5 26 18 27 28 21 31 22 7 34 15 11 17 10 14
    32 1 18 13 36 14 35 2 22 21 3 19 23 8 10 9 16 17 24 7 4 27 30 26 6 20 5 25 33 31 28 11 29 12 15 34
    29 23 28 14 27 12 18 9 33 19 2 21 4 8 36 7 17 6 32 35 26 25 34 20 22 31 5 16 3 1 11 15 13 24 10 30
    8 14 36 24 26 28 9 21 1 16 11 22 32 23 15 19 17 12 2 31 6 29 13 34 30 35 18 5 27 3 10 7 20 4 33 25
    24 36 17 21 14 20 22 35 10 2 7 6 13 30 26 27 1 12 19 4 34 5 18 32 23 15 8 3 29 9 16 28 11 25 31 33
    25 32 9 15 12 3 30 18 26 10 8 4 36 29 34 21 16 11 33 13 7 1 5 27 28 2 6 22 35 24 31 14 19 17 23 20
    33 3 29 26 34 14 36 16 7 25 12 15 24 2 1 35 5 19 23 20 27 6 21 18 11 10 32 30 22 4 8 13 28 17 9 31
    14 36 20 16 29 12 30 34 2 27 35 9 21 31 32 18 25 17 22 19 4 1 26 13 10 23 6 8 3 33 11 7 24 15 28 5
    29 22 32 36 24 20 3 13 33 18 12 21 5 4 25 28 6 10 14 7 19 30 15 34 9 31 2 17 16 35 23 1 8 27 26 11
    5 18 16 31 36 9 4 3 32 30 29 34 35 6 23 21 28 33 24 22 7 12 27 1 10 19 11 14 17 13 20 15 8 26 25 2
    5 21 27 1 14 34 30 20 10 26 19 16 22 11 35 24 6 36 18 25 4 13 31 23 7 29 9 12 8 33 17 15 3 28 32 2
    6 22 10 20 31 36 1 3 19 21 27 29 9 8 4 2 5 32 15 35 28 30 17 13 7 14 34 33 12 11 16 18 24 25 26 23
    14 11 10 31 2 20 9 29 27 4 35 34 24 33 18 16 28 8 26 25 36 30 12 13 23 5 3 1 22 7 21 15 17 6 19 32
    22 9 32 29 1 17 19 21 23 20 36 18 27 8 10 3 14 13 2 25 6 33 31 35 4 16 11 12 28 7 5 26 24 30 34 15
    11 20 2 3 6 8 1 7 16 32 4 26 25 31 30 13 24 10 5 18 15 36 22 27 12 19 9 35 17 34 29 21 33 23 28 14
    24 30 16 6 18 19 27 33 5 34 4 35 1 21 11 13 9 12 17 29 3 36 8 7 31 32 26 15 22 20 23 28 10 25 2 14
    36 7 28 15 6 19 30 12 31 35 5 17 16 10 9 29 11 24 21 1 23 4 25 33 20 22 8 3 13 18 34 32 14 2 26 27
    1 15 35 23 14 12 29 31 8 36 7 16 27 33 5 21 13 34 30 3 24 28 10 22 6 4 2 20 32 18 19 11 25 26 17 9
    31 24 3 8 28 13 14 35 5 9 4 7 18 21 11 22 32 2 30 23 19 15 12 27 20 26 16 34 36 33 1 17 10 6 25 29
    7 11 4 3 35 19 14 31 15 8 20 9 25 1 36 5 6 16 24 27 18 30 28 2 23 10 21 22 33 34 32 12 26 29 17 13
    5 15 32 34 18 8 14 11 19 22 25 24 3 27 4 9 33 20 10 36 26 12 21 31 16 13 6 28 1 7 2 35 23 29 17 30
    14 12 28 17 7 5 32 34 29 2 16 30 9 24 25 15 4 1 13 36 21 20 33 6 3 22 11 8 26 27 18 35 10 23 31 19
    10 17 28 2 16 8 14 3 4 30 22 21 32 20 23 29 1 18 33 11 24 31 25 34 27 35 36 13 12 5 19 26 15 9 7 6
    13 18 6 25 26 21 20 12 4 22 24 11 3 35 15 29 33 34 2 5 8 36 31 10 19 30 16 27 28 7 32 9 23 1 14 17
    34 33 18 17 22 19 31 15 13 16 10 32 2 35 5 30 27 6 21 9 36 8 1 3 23 12 26 7 20 11 29 28 25 24 14 4
    18 34 5 36 12 8 13 33 35 25 19 23 29 32 30 22 20 3 4 16 2 9 17 15 14 24 21 31 6 10 11 28 1 27 7 26
    11 19 31 17 22 6 34 35 1 28 5 29 33 13 36 27 2 16 25 23 9 12 7 26 8 24 3 18 10 4 21 30 20 14 32 15
    31 20 34 7 13 16 9 26 17 3 11 21 36 18 6 12 33 24 30 35 5 32 27 19 10 14 4 2 15 23 1 22 28 29 25 8
    31 10 11 24 34 36 16 2 26 3 17 7 27 22 6 33 9 32 1 28 30 35 23 29 18 5 15 20 21 25 8 12 4 14 19 13
    7 9 22 28 1 32 20 36 25 14 30 26 17 11 8 5 16 2 33 10 21 4 19 35 27 31 23 3 15 6 12 18 29 24 34 13
    2 20 10 3 9 11 21 33 7 24 22 1 17 25 28 30 31 5 19 18 29 15 13 4 23 36 14 12 6 35 34 26 8 16 27 32
    32 25 15 26 24 29 10 18 7 36 12 13 2 3 17 6 27 11 21 33 23 28 20 19 16 8 31 4 22 5 35 14 1 30 9 34
    29 24 10 2 31 32 17 14 35 20 18 11 33 7 25 13 36 6 27 8 4 1 16 22 23 12 30 9 28 34 19 21 5 15 3 26
    18 22 6 5 7 20 27 24 30 9 3 23 16 15 17 10 34 2 14 32 31 28 13 26 29 8 12 1 11 19 25 33 36 21 4 35
    18 14 16 4 36 15 25 28 8 33 19 35 30 6 10 9 3 29 26 23 32 12 31 13 34 20 27 2 24 1 17 21 5 7 22 11
    10 34 21 9 36 23 18 2 22 1 12 17 28 15 24 35 4 30 6 3 25 26 20 29 8 13 5 16 11 32 31 33 19 7 27 14
    5 21 27 23 8 14 12 11 34 32 36 17 16 30 7 29 13 4 6 1 24 3 9 33 15 19 35 28 10 26 20 22 2 18 31 25
    30 2 32 28 7 4 6 11 14 19 15 33 5 10 8 35 3 26 23 9 25 20 1 18 12 22 13 17 21 29 36 34 24 31 27 16
    10 14 1 34 8 27 31 20 6 21 2 29 33 35 19 30 22 17 9 13 23 16 24 26 28 36 5 18 4 32 11 25 7 12 15 3
    27 4 18 28 16 15 34 1 24 17 21 33 23 5 30 7 19 36 25 32 20 8 10 31 26 14 13 22 12 6 29 9 11 2 35 3
    8 21 9 4 26 12 19 14 32 31 36 28 35 2 29 15 22 18 13 34 20 10 24 11 17 7 23 27 33 30 3 16 6 25 5 1
    18 24 19 2 27 34 12 20 7 28 11 30 1 21 35 32 33 5 17 8 22 10 25 23 36 13 3 14 6 9 31 15 4 16 29 26
    22 14 7 13 29 21 36 25 17 28 20 6 1 9 10 35 3 24 8 33 31 16 5 19 11 2 27 26 4 18 23 12 32 34 30 15
    7 32 17 24 2 3 33 15 30 31 12 23 36 25 16 13 35 4 29 19 28 11 5 10 20 26 14 34 9 18 1 21 27 6 8 22
    19 34 24 4 13 10 1 12 17 9 32 20 30 28 26 36 14 21 23 3 31 16 18 22 33 27 11 2 7 35 5 29 15 8 25 6
    12 3 19 14 9 35 26 34 22 36 5 23 16 28 8 2 18 31 13 32 4 17 33 10 29 30 21 20 15 27 24 6 11 25 7 1
    20 34 2 22 19 14 32 28 12 26 3 13 27 23 35 21 30 15 16 11 25 4 8 1 18 36 17 24 10 31 7 6 9 33 29 5
    27 26 7 3 16 20 12 10 34 25 4 21 19 13 36 32 5 8 28 15 11 22 35 2 33 18 29 14 30 23 24 1 6 9 31 17
    36 30 2 6 9 11 17 21 32 19 18 34 27 5 35 16 1 22 20 25 3 13 31 4 12 7 33 24 10 26 28 29 15 14 23 8

