37

    23 30 13 2 17 5 31 37 1 4 22 29 32 9 28 25 12 36 8 10 33 11 6 24 35 26 20 18 21 27 34 19 16 14 15 3 7
    25 23 28 31 33 24 15 14 12 29 7 30 26 32 11 27 10 8 18 35 2 37 5 22 19 1 6 9 21 36 16 34 3 17 4 13 20
    7 17 21 35 2 10 19 1 37 9 36 5 27 16 4 34 3 8 29 20 25 26 13 23 24 11 6 31 28 22 12 32 18 30 15 14 33
    26 31 22 27 5 16 34 17 15 20 29 13 1 11 19 37 3 2 25 33 21 32 8 24 35 18 12 28 23 7 9 10 36 4 14 6 30
    1 14 21 16 28 13 36 20 18 15 33 35 22 2 11 32 4 5 29 12 7 26 37 30 17 8 31 6 10 25 24 19 27 9 3 23 34
    2 20 3 14 29 17 12 24 30 7 1 25 37 5 23 27 13 28 26 11 31 4 35 16 33 8 21 19 32 36 10 15 18 22 6 34 9
    20 37 34 36 11 2 3 32 33 15 19 28 21 6 22 13 29 23 25 30 5 9 35 8 18 27 17 26 4 1 31 12 7 24 16 14 10
    27 20 12 9 30 1 15 16 23 21 22 2 3 19 29 26 24 6 25 8 14 34 35 33 31 36 37 17 4 11 32 28 7 18 5 13 10
    26 23 31 37 17 33 3 24 5 35 13 27 14 12 8 34 10 29 1 7 11 25 9 30 4 2 36 28 19 21 20 22 15 18 32 6 16
    24 22 20 10 25 26 18 19 6 13 1 29 12 4 21 34 17 27 14 9 15 28 37 2 35 31 36 33 7 5 11 23 30 3 32 8 16
    14 31 8 20 33 1 34 30 19 16 18 7 12 24 29 10 36 13 22 6 28 26 2 32 25 15 17 37 9 3 4 21 5 11 35 23 27
    23 6 8 4 5 19 35 37 33 25 17 11 7 34 29 21 15 22 27 10 36 18 31 1 2 3 16 24 14 26 32 13 28 20 12 9 30
    36 3 16 15 27 12 37 24 18 25 9 4 1 5 17 8 23 34 11 7 29 14 22 20 26 19 13 30 33 32 2 35 6 10 21 28 31
    29 7 8 6 13 4 11 2 27 9 18 20 1 37 16 23 3 10 19 28 30 36 22 32 25 14 5 34 26 35 33 17 12 21 15 31 24
    14 12 28 32 10 31 25 37 34 22 15 17 20 9 30 5 26 13 33 8 29 36 21 7 11 4 1 19 35 27 18 2 23 16 6 24 3
    10 3 20 8 11 35 21 36 33 12 15 9 22 16 23 26 14 29 32 18 27 1 17 28 7 31 34 37 2 5 24 30 4 6 25 19 13
    35 2 21 17 3 8 36 37 5 19 27 4 31 13 23 33 12 22 32 9 1 7 16 29 28 10 15 6 25 20 18 26 30 14 34 24 11
    6 37 30 22 23 4 29 20 7 33 9 34 35 21 26 14 31 5 28 11 25 1 8 10 27 17 13 3 16 36 18 12 2 32 19 15 24
    14 11 27 28 3 31 33 7 4 24 23 17 20 26 34 19 35 8 15 22 29 32 16 9 36 37 30 12 1 21 5 18 2 6 13 25 10
    24 31 11 9 20 30 4 28 3 15 26 37 33 36 18 32 5 19 7 23 22 34 21 1 14 8 29 25 35 27 2 6 16 10 12 13 17
    3 26 37 31 33 21 10 11 23 8 18 22 9 28 7 24 6 27 17 32 19 30 2 16 25 20 14 5 29 15 34 1 12 4 36 13 35
    6 27 19 1 28 24 33 30 16 23 4 20 26 31 32 9 10 14 36 3 13 25 35 12 5 7 21 2 8 37 17 11 15 34 29 18 22
    6 3 12 1 22 19 20 11 29 37 21 26 15 36 31 25 24 34 33 16 13 18 5 4 2 10 14 27 7 28 35 8 32 30 17 9 23
    23 35 18 31 30 25 12 34 5 11 4 17 14 8 10 3 24 6 19 21 15 9 26 16 33 20 36 22 13 37 27 1 29 32 7 2 28
    19 24 15 18 31 3 36 4 17 7 21 14 28 12 26 37 22 25 5 32 9 2 30 13 20 8 34 33 29 11 1 35 23 16 6 10 27
    8 22 33 21 35 5 32 20 36 6 1 3 26 30 16 7 14 19 23 29 18 37 13 10 9 31 15 28 4 27 25 34 17 24 11 2 12
    10 36 19 4 14 5 11 29 8 32 35 9 12 17 25 7 1 31 26 37 34 15 18 13 23 28 30 16 24 27 21 2 6 33 20 3 22
    1 10 9 37 30 32 3 12 14 29 36 27 2 4 17 26 22 6 31 33 24 23 28 15 8 16 19 34 13 21 11 25 5 20 7 35 18
    4 18 24 30 36 19 12 16 17 31 7 11 6 9 3 37 20 2 29 35 1 25 32 23 28 13 26 14 22 5 33 21 8 10 27 15 34
    2 16 25 33 12 36 37 15 31 18 30 22 11 17 35 29 34 27 21 14 1 23 6 32 13 24 7 10 28 3 19 8 5 4 9 26 20
    1 36 31 11 5 17 19 37 2 15 14 26 27 21 22 9 28 23 7 24 10 8 20 16 35 29 12 13 4 33 32 34 3 18 30 6 25
    13 3 21 35 5 11 9 27 37 29 8 23 7 36 25 16 17 30 14 15 19 32 28 34 2 12 22 24 18 31 6 1 10 33 26 20 4
    13 21 26 9 3 22 17 11 18 5 32 31 2 34 27 20 29 35 16 23 1 7 15 4 24 10 12 33 8 6 25 28 19 36 14 30 37
    3 2 25 30 4 13 23 27 16 18 31 21 6 10 24 15 19 22 14 17 29 26 33 8 9 12 36 32 7 34 35 28 11 1 37 20 5
    36 18 31 19 24 9 15 13 28 32 3 2 20 1 12 14 7 21 6 34 4 30 17 35 27 37 26 11 16 25 8 10 22 5 33 29 23
    23 13 26 15 31 9 14 16 8 25 10 20 28 29 3 6 22 11 7 32 5 37 12 1 21 36 19 24 17 30 2 4 33 18 34 27 35
    27 5 23 25 12 8 7 11 19 29 33 36 3 34 28 20 30 31 4 17 24 22 2 18 35 1 15 16 6 32 10 14 37 13 21 9 26
    20 22 18 34 1 8 17 33 21 25 9 35 28 4 37 29 14 26 32 36 10 30 2 16 5 13 15 31 12 6 23 7 27 19 24 11 3
    12 35 28 15 19 37 22 26 36 30 7 6 9 25 32 27 3 13 4 34 29 20 8 5 24 16 1 18 2 14 21 23 10 31 11 33 17
    10 13 15 21 8 34 18 5 31 29 16 35 4 37 19 9 26 23 12 33 1 36 7 6 22 14 28 2 20 17 3 11 27 30 32 25 24
    17 37 24 20 12 27 30 15 1 3 13 36 4 28 25 23 26 7 35 5 32 34 21 14 18 11 16 19 31 6 8 10 2 33 29 9 22
    16 14 6 11 13 7 23 37 30 33 28 18 24 1 8 3 20 21 17 27 22 25 4 12 34 10 5 9 29 36 35 15 19 26 2 32 31
    26 32 29 24 37 27 25 12 30 11 9 14 22 31 19 23 6 16 36 28 8 10 33 7 3 20 34 13 2 21 5 35 15 17 4 1 18
    34 16 7 29 36 26 2 33 14 5 13 15 23 28 32 18 8 24 27 11 3 20 25 4 12 9 22 6 19 37 30 10 31 17 21 1 35
    22 34 32 16 10 14 29 24 35 36 3 7 30 6 31 9 12 25 8 15 27 33 37 20 28 21 4 5 11 26 23 1 19 2 13 17 18
    22 35 32 2 36 24 3 25 8 33 31 6 1 26 4 23 9 34 28 14 10 15 16 29 17 19 5 20 13 18 12 30 21 37 27 7 11
    35 21 30 23 22 19 28 31 6 26 32 8 18 36 25 16 11 2 15 14 12 7 9 27 5 4 20 13 29 33 1 24 3 17 34 37 10
    24 37 18 36 14 35 34 8 27 9 21 26 19 3 31 7 22 25 29 11 16 4 5 33 2 15 10 32 20 17 1 23 13 28 12 30 6
    31 15 26 6 9 24 2 8 33 28 10 7 25 21 32 20 19 14 23 11 3 17 34 27 16 13 1 18 22 5 30 29 4 35 36 37 12
    35 14 19 16 36 20 5 31 22 3 33 13 17 28 8 11 7 37 18 29 12 27 1 32 21 26 24 10 4 2 6 15 34 23 30 9 25
    25 8 26 28 30 4 15 21 5 32 19 3 16 14 13 11 22 17 34 20 29 6 2 36 12 31 10 1 27 35 24 23 7 9 18 37 33
    13 12 23 9 7 6 5 15 16 33 31 24 25 3 21 18 14 20 17 28 22 8 1 30 27 19 2 26 10 34 36 37 29 11 32 4 35
    22 14 16 4 19 18 11 25 20 34 2 23 33 12 27 29 13 9 37 36 3 8 7 26 17 5 15 10 1 28 21 30 32 24 6 31 35
    2 31 37 4 36 6 13 5 35 32 23 19 27 14 34 26 15 29 10 18 9 20 7 33 22 3 24 21 12 8 1 30 17 11 25 16 28
    16 36 19 32 29 37 34 12 23 4 28 11 25 21 20 10 17 22 7 31 35 8 6 30 13 33 15 9 26 1 27 5 3 2 18 24 14
    16 18 22 4 37 5 21 33 10 28 32 12 6 7 17 3 35 36 14 1 30 27 25 20 24 19 11 26 8 15 9 29 34 2 13 31 23
    29 21 37 20 10 17 5 4 31 8 32 30 16 3 9 35 11 25 34 22 19 6 33 28 2 36 7 24 12 26 18 15 23 14 13 27 1
    30 10 32 31 24 21 9 36 26 25 11 37 22 4 18 8 19 5 3 15 13 1 7 16 12 29 35 34 27 33 2 20 23 6 17 28 14
    4 20 15 13 32 33 26 36 29 10 7 17 5 18 23 28 34 24 8 37 6 2 9 11 12 16 25 21 27 19 35 30 14 22 3 31 1
    24 26 13 5 3 17 11 29 30 14 33 23 21 27 16 15 19 35 4 20 25 22 28 31 32 1 37 12 18 34 36 7 10 2 6 9 8
    6 1 8 5 19 26 31 34 35 18 27 15 20 37 13 25 2 24 23 29 33 32 22 4 21 7 30 17 28 10 9 14 16 11 12 3 36
    31 6 13 37 25 5 8 24 17 19 14 29 16 2 36 32 28 23 7 1 21 27 34 4 33 20 18 11 30 3 15 9 22 35 12 26 10
    33 13 23 21 11 35 17 3 24 27 4 29 20 18 7 36 31 22 32 19 12 6 14 28 30 8 15 1 16 25 5 37 9 26 34 10 2
    33 9 23 35 34 18 36 4 3 2 5 26 19 6 30 37 27 25 20 15 12 7 8 17 14 16 21 29 1 10 13 24 31 28 11 22 32
    6 15 17 22 1 25 30 26 18 19 34 28 8 12 36 21 23 24 11 20 7 31 14 32 10 35 4 2 27 29 5 16 33 3 13 37 9
    1 37 21 3 5 22 8 31 24 29 17 25 19 33 4 10 9 15 16 26 11 34 32 2 35 18 13 7 30 12 27 14 28 6 36 20 23
    30 32 36 22 2 35 20 1 10 23 13 21 33 16 12 7 24 8 6 15 14 3 31 9 18 11 34 28 26 29 5 27 37 4 19 25 17
    22 17 21 25 29 27 10 1 8 30 35 32 15 5 11 3 36 13 20 34 2 4 31 14 16 9 19 37 12 23 33 26 28 18 24 6 7
    30 17 20 24 27 31 26 34 23 29 11 19 32 35 2 16 10 9 36 6 25 8 14 4 33 3 22 28 21 15 13 1 12 7 37 5 18
    22 10 31 25 35 34 15 2 9 6 5 14 18 23 12 8 16 28 20 3 27 17 24 7 37 13 21 4 36 30 26 19 29 32 11 33 1
    2 18 13 3 9 24 16 11 19 34 35 25 1 17 27 5 21 37 33 28 10 4 7 14 32 36 15 8 12 22 20 26 23 6 29 30 31
    13 15 27 2 26 29 8 24 14 1 4 16 30 18 19 37 7 21 34 10 6 17 12 11 31 25 35 23 20 5 33 36 32 28 9 3 22
    35 12 2 28 21 9 11 18 20 5 31 37 8 30 19 13 17 4 15 34 3 36 10 26 7 16 24 33 32 27 1 23 6 14 25 29 22
    22 17 36 30 9 29 33 8 10 34 15 35 26 14 32 5 20 19 16 27 11 1 12 25 6 24 18 7 3 37 4 28 13 21 23 31 2
    23 27 6 32 28 19 1 33 18 35 15 37 3 25 30 12 10 26 21 13 22 8 17 2 5 4 31 24 9 7 20 14 29 34 36 16 11
    29 9 31 25 34 8 20 33 5 26 35 3 6 14 28 37 10 18 24 7 13 15 12 19 4 11 17 16 27 2 32 23 1 22 30 36 21
    22 11 18 29 16 9 20 14 2 33 28 3 17 36 23 32 4 31 24 15 19 35 13 5 21 12 6 37 8 10 1 27 7 30 34 26 25
    20 28 31 22 17 9 8 36 32 30 25 1 19 29 27 4 24 3 5 15 16 6 14 26 33 34 12 7 2 21 35 13 11 10 18 37 23
    15 8 34 29 1 9 31 28 35 16 25 5 37 11 24 36 21 18 7 19 12 32 20 14 22 33 10 23 4 13 30 27 26 2 3 6 17
    6 1 12 34 13 26 32 3 19 23 21 28 15 10 9 35 2 5 4 33 14 24 27 37 11 18 16 22 29 36 7 20 25 31 30 8 17
    37 20 36 19 8 28 21 9 18 11 1 23 35 17 32 26 15 4 6 25 12 3 27 33 13 10 31 30 24 14 2 7 22 5 16 34 29
    22 6 30 25 9 21 36 35 11 1 27 37 23 4 26 5 20 16 31 29 24 19 34 8 13 7 32 15 18 28 33 3 2 10 17 12 14
    26 14 21 2 5 34 33 28 35 11 15 23 31 13 37 4 6 3 30 36 12 7 20 9 29 32 25 1 8 22 27 10 18 19 16 24 17
    27 18 32 22 9 21 15 23 36 20 26 29 2 11 24 3 33 8 37 30 6 5 14 4 16 19 1 28 10 31 13 7 34 17 35 25 12
    15 6 18 33 23 17 28 2 10 25 12 1 36 35 29 30 19 34 8 14 31 27 5 26 32 37 11 24 9 3 13 20 7 4 22 16 21
    29 22 33 4 12 6 25 3 18 27 13 2 5 35 20 21 15 30 14 34 24 10 16 9 19 36 7 17 37 1 23 28 26 32 31 8 11
    19 13 10 27 25 12 11 35 24 16 17 37 1 15 2 30 5 21 33 36 7 22 6 23 20 14 3 31 32 4 34 18 29 26 9 8 28
    16 26 14 17 33 24 27 2 36 35 23 25 22 34 29 12 10 7 11 18 31 3 20 21 1 8 13 32 30 28 15 5 9 37 6 4 19
    5 11 2 30 34 21 28 1 18 12 24 26 35 6 29 14 33 22 3 32 17 13 37 4 9 27 7 25 16 31 36 19 15 23 10 20 8
    8 29 27 7 13 32 12 31 17 21 22 18 19 1 2 23 15 26 30 24 14 36 4 25 34 5 10 11 16 9 6 37 35 3 33 28 20
    32 28 27 22 4 36 6 9 3 15 26 30 35 21 7 19 16 33 25 31 5 23 10 11 37 24 8 20 13 29 18 17 12 34 2 14 1
    31 15 14 22 4 37 16 21 12 34 13 18 10 35 20 32 25 36 8 28 33 19 2 9 26 11 5 7 30 29 23 6 17 3 1 24 27
    23 21 13 30 24 19 22 34 25 4 16 36 37 14 9 17 1 28 6 32 18 5 27 15 31 29 35 10 11 3 8 26 20 2 33 12 7
    24 27 15 37 13 20 23 34 11 2 18 8 28 25 35 33 19 16 36 7 4 5 32 14 30 6 9 31 10 17 1 22 29 21 3 26 12
    10 7 6 11 5 30 13 16 34 8 26 17 18 31 1 35 28 29 22 2 15 32 23 19 9 25 14 36 33 37 3 20 21 24 4 27 12
    11 20 36 23 32 13 4 17 5 1 33 21 27 2 14 18 30 24 19 8 9 31 7 3 16 29 34 15 12 10 26 37 35 28 25 22 6
    3 19 8 12 21 18 16 13 25 31 9 28 35 15 37 34 27 17 32 36 4 33 20 11 7 24 22 14 2 5 26 29 23 6 30 1 10
    9 1 5 33 34 18 32 28 26 3 12 4 25 27 15 2 21 8 11 24 29 23 20 16 30 22 6 7 35 19 37 17 31 13 10 14 36
    4 24 25 10 28 23 2 22 36 17 32 6 31 37 3 1 8 34 35 20 5 15 18 33 12 30 26 7 14 21 19 11 16 29 13 9 27
    5 20 17 21 32 7 8 18 24 37 4 11 27 16 2 19 9 26 35 36 13 14 10 25 31 30 1 33 3 34 15 22 29 6 28 12 23

