38

    26 30 36 3 4 8 2 18 5 27 32 21 12 28 17 23 24 20 37 16 13 1 19 25 31 15 7 6 35 14 22 38 29 10 34 33 9 11
    16 20 36 3 2 14 35 7 18 23 11 25 37 31 30 34 10 8 21 24 17 22 4 19 26 12 29 27 33 13 5 28 38 15 9 1 32 6
    13 15 24 20 25 17 7 23 12 33 37 19 2 36 9 30 10 1 38 26 32 16 31 11 28 3 8 5 4 29 18 6 27 22 34 35 21 14
    17 8 6 24 2 15 13 16 7 12 34 18 5 25 11 27 30 29 4 32 3 28 26 20 37 36 10 31 14 9 22 33 23 21 38 1 35 19
    30 5 10 34 3 37 19 38 8 4 36 11 29 33 28 21 25 35 31 15 14 22 27 16 12 9 1 32 13 17 2 20 24 26 7 18 6 23
    33 17 26 16 9 20 13 8 25 34 23 32 2 37 10 38 11 27 35 5 24 6 15 30 4 19 18 29 31 28 14 1 12 21 3 7 36 22
    16 32 27 20 8 36 1 22 30 17 4 13 35 14 25 19 12 10 9 18 24 33 11 6 37 28 38 26 3 34 23 21 2 7 15 31 5 29
    15 13 12 27 26 18 33 32 30 29 20 19 35 9 17 10 38 22 4 7 24 25 34 2 5 37 28 11 6 36 23 21 8 14 3 16 31 1
    22 25 36 30 34 14 5 13 33 8 18 6 38 24 1 29 3 31 12 15 20 26 7 37 17 16 28 35 4 32 2 10 11 21 23 27 19 9
    35 17 29 34 18 15 2 4 21 20 38 6 36 8 11 14 16 26 9 33 22 10 27 37 25 32 19 31 1 5 24 28 3 12 7 30 13 23
    18 16 28 24 38 11 3 30 35 19 10 34 9 8 5 12 25 17 1 20 22 6 15 37 27 31 32 36 23 4 2 26 14 33 13 29 7 21
    34 38 16 13 1 11 25 6 37 3 26 32 36 14 19 10 7 2 21 24 5 9 33 23 35 31 30 27 28 17 15 18 12 20 29 4 22 8
    10 12 16 9 30 34 23 17 5 33 24 8 3 37 2 18 7 38 4 36 25 21 13 29 6 26 35 1 31 19 11 28 20 15 27 14 22 32
    37 14 30 13 7 8 12 25 3 2 21 28 4 31 34 9 22 11 17 10 27 19 6 38 15 32 23 18 16 35 29 36 20 1 24 33 5 26
    27 32 9 33 16 21 17 29 6 11 22 35 19 20 8 5 14 3 37 2 7 10 38 23 13 18 26 31 25 36 12 34 28 1 24 30 15 4
    4 5 15 38 21 22 24 25 3 34 10 19 2 36 30 14 37 7 32 13 18 8 20 16 12 6 29 31 33 35 9 28 26 11 23 27 1 17
    27 31 33 22 30 16 4 26 25 34 35 7 15 28 11 3 14 20 29 9 38 2 21 6 13 8 19 32 37 36 24 5 17 10 18 23 1 12
    6 7 35 4 22 34 18 19 21 10 26 37 29 24 15 3 16 23 17 13 12 31 2 1 36 25 38 5 28 20 30 14 8 9 33 32 11 27
    11 13 28 37 8 14 7 27 2 23 20 26 10 31 19 38 33 5 24 15 21 16 34 22 17 12 1 6 29 3 9 35 36 25 32 4 30 18
    8 23 27 24 12 33 1 15 29 37 32 18 9 2 35 5 14 13 30 16 4 21 6 38 22 19 11 36 7 25 17 34 26 3 28 31 10 20
    27 6 11 29 1 21 32 15 38 7 9 34 31 2 19 13 8 5 30 22 20 33 28 4 17 16 23 35 18 3 37 10 14 26 25 12 36 24
    20 38 35 34 8 27 29 9 15 11 17 23 28 33 2 21 14 1 31 36 10 26 30 7 24 6 32 12 25 16 18 5 22 37 4 3 13 19
    9 14 25 2 29 38 11 31 18 7 20 34 33 1 23 17 5 4 24 12 3 22 15 28 6 8 10 26 35 16 36 13 30 19 37 21 32 27
    14 16 8 10 9 20 33 23 31 34 21 6 4 1 19 35 17 7 3 15 36 29 25 11 12 22 37 2 32 24 30 28 5 13 18 27 38 26
    21 38 14 15 13 26 24 35 34 19 28 8 2 17 4 12 7 36 33 16 18 1 32 5 10 30 37 6 23 22 31 3 20 29 27 11 25 9
    1 15 11 24 14 18 35 12 31 5 9 25 8 27 29 32 3 22 38 30 33 34 20 26 17 13 4 10 37 16 28 6 36 21 7 2 23 19
    5 26 1 20 35 28 14 17 33 16 37 6 22 34 10 31 11 32 18 21 7 25 38 9 4 2 8 12 23 15 29 27 19 24 36 13 30 3
    16 4 15 23 37 2 1 28 8 9 34 14 24 3 38 12 5 17 31 26 29 21 22 33 13 11 30 32 19 25 18 10 6 20 35 36 7 27
    2 32 1 16 35 31 20 28 25 17 6 33 27 4 21 23 12 13 37 5 26 3 24 18 34 29 38 11 9 22 15 7 8 10 36 19 30 14
    22 24 10 33 25 15 17 4 16 18 12 1 23 26 35 34 32 30 38 13 5 21 36 11 3 2 8 27 6 14 20 29 19 31 9 37 28 7
    15 16 5 34 7 9 17 35 8 20 18 32 30 2 6 23 14 4 21 25 13 28 29 37 11 12 27 31 1 33 24 36 26 19 3 22 38 10
    36 18 31 27 2 37 30 16 8 21 25 10 26 1 3 20 34 24 11 35 5 22 17 23 19 14 38 7 32 12 6 33 4 9 13 28 15 29
    5 22 37 17 7 26 3 10 31 20 11 30 9 34 27 21 2 16 33 23 28 24 13 32 18 15 6 4 25 38 8 19 35 14 36 1 29 12
    30 14 6 31 36 1 12 8 26 33 32 28 34 20 13 27 25 22 10 21 3 5 2 19 23 7 17 37 9 35 24 11 4 16 15 18 38 29
    29 5 28 16 31 33 8 6 14 17 35 15 7 32 22 20 26 4 12 30 36 37 21 24 3 9 23 1 18 2 27 25 19 10 38 11 13 34
    10 34 20 4 35 5 18 11 16 7 37 32 38 12 29 26 6 24 19 28 3 36 30 33 25 22 9 13 31 27 14 23 8 15 17 2 21 1
    10 30 38 35 8 21 23 37 4 15 6 12 11 17 18 29 24 14 1 3 34 27 31 7 36 32 28 22 2 5 9 13 19 26 20 25 33 16
    23 36 7 32 22 14 15 31 1 17 25 2 4 33 6 35 8 13 34 28 18 11 9 24 19 16 21 3 30 26 38 10 27 5 12 20 37 29
    22 26 14 16 28 24 38 10 20 2 3 13 11 4 6 31 27 7 17 5 29 30 32 21 36 1 33 8 25 9 12 35 23 37 19 18 15 34
    22 38 5 19 12 21 23 26 16 35 24 7 9 17 31 37 10 8 25 14 13 28 1 6 36 32 30 3 29 18 2 33 34 27 15 11 4 20
    10 11 19 12 24 34 16 29 21 28 17 8 3 23 5 2 30 14 36 18 37 26 27 33 22 31 4 7 38 35 20 13 6 9 32 1 15 25
    9 27 34 15 12 18 21 29 33 6 36 22 30 16 2 4 25 10 1 19 13 26 3 14 23 8 38 5 35 24 31 11 28 7 32 17 37 20
    9 17 29 14 8 25 15 32 37 23 19 18 3 34 4 31 33 6 2 22 26 38 20 11 1 35 36 10 21 5 28 16 7 30 24 12 27 13
    34 14 29 5 27 13 35 1 18 2 26 25 12 32 38 7 21 30 20 3 28 22 19 37 17 33 24 4 11 31 16 10 15 9 36 8 23 6
    23 35 6 22 7 26 17 18 20 12 14 31 8 30 28 25 19 15 29 21 5 32 4 24 11 38 33 16 36 10 34 27 1 9 2 37 13 3
    38 9 34 28 20 10 32 2 24 7 36 11 19 26 1 37 31 13 33 14 25 23 35 4 12 21 16 22 5 27 15 17 30 6 29 18 8 3
    13 22 37 2 8 33 17 25 28 19 12 32 35 18 7 16 1 6 30 31 3 11 5 36 9 14 21 15 29 10 27 4 24 20 23 34 38 26
    19 10 26 8 29 24 25 1 33 30 31 28 2 14 37 38 22 27 3 15 35 13 16 11 12 23 7 36 32 5 17 34 9 21 6 20 18 4
    37 30 3 18 36 35 9 1 27 32 19 11 16 21 28 25 5 26 24 6 4 7 15 14 2 20 31 38 22 23 34 12 33 13 29 17 8 10
    6 36 38 5 13 2 10 29 12 14 17 23 25 8 33 9 22 15 28 16 18 35 4 7 30 32 3 37 34 27 31 21 19 20 11 26 24 1
    2 36 7 26 10 33 9 29 32 28 31 38 3 15 5 6 35 21 24 20 8 4 37 18 16 34 11 13 12 22 30 1 27 23 25 17 14 19
    2 38 12 24 11 35 31 4 21 33 14 18 3 9 36 17 1 23 8 6 19 10 32 30 34 16 22 28 29 20 37 13 7 27 5 15 26 25
    20 30 33 8 34 2 14 11 1 31 22 27 3 19 25 32 5 29 28 36 23 7 38 10 18 15 9 35 6 4 26 16 21 13 17 24 37 12
    25 28 8 37 29 1 5 32 20 11 23 15 38 12 17 13 31 2 26 34 10 33 30 9 6 35 7 3 24 27 4 14 16 36 22 18 21 19
    37 1 28 24 6 30 22 38 4 31 10 33 12 7 21 20 19 35 14 25 36 9 5 18 11 3 27 15 2 16 8 26 17 23 13 29 32 34
    34 9 5 38 10 16 6 12 29 30 2 24 19 32 35 1 13 4 7 36 23 14 8 20 11 3 25 31 28 26 37 21 17 22 33 15 27 18
    27 14 32 28 17 9 34 33 5 24 21 3 20 11 10 12 4 23 37 8 36 38 18 13 16 6 25 29 2 26 19 7 1 35 31 15 30 22
    7 35 36 2 10 6 15 12 14 33 27 8 11 29 30 4 1 3 38 25 21 9 31 13 18 26 19 20 23 24 17 32 22 37 28 34 16 5
    19 5 3 23 31 6 33 21 16 9 13 28 4 34 32 17 29 2 30 18 27 35 1 7 24 12 38 36 25 10 14 20 8 26 22 15 11 37
    35 11 33 9 12 30 4 3 34 21 8 22 25 5 6 31 24 15 17 26 27 23 19 2 36 1 37 10 29 18 14 38 20 32 13 16 7 28
    12 35 17 31 6 33 37 15 19 2 27 11 13 3 14 29 10 20 25 36 28 18 21 38 23 34 22 26 9 24 5 30 16 32 4 8 1 7
    14 35 11 27 38 23 21 33 1 8 37 25 30 5 32 22 10 6 9 17 19 18 15 26 28 16 24 36 34 12 29 31 20 13 3 7 4 2
    36 9 13 16 6 27 4 5 8 37 28 20 26 34 17 30 1 35 7 25 10 24 38 29 33 12 15 31 11 3 14 23 18 32 21 2 19 22
    23 11 21 24 13 14 4 18 33 5 2 25 26 17 16 27 36 10 12 28 38 31 1 37 30 32 29 3 7 9 20 15 6 34 22 19 8 35
    24 18 32 25 23 7 5 29 8 21 3 13 2 4 27 6 15 19 17 14 11 16 38 20 10 37 1 36 33 28 35 30 22 26 31 34 9 12
    3 16 22 1 14 38 20 17 30 35 24 32 36 7 12 23 26 6 19 8 13 33 37 4 25 28 27 31 29 10 34 9 11 2 15 18 21 5
    19 9 36 27 33 32 11 20 14 30 28 25 10 22 38 8 7 3 5 1 31 35 21 34 17 2 4 24 26 29 6 13 12 16 18 15 23 37
    35 12 6 30 9 25 37 38 18 15 16 36 8 14 10 29 31 21 19 24 4 23 7 27 13 3 33 32 22 1 17 20 26 34 5 2 28 11
    3 22 15 5 2 8 24 25 9 26 21 16 18 6 36 19 38 1 37 33 23 29 31 4 13 11 20 7 10 14 12 27 34 17 28 32 35 30
    27 21 15 17 37 19 9 25 20 13 30 36 18 3 11 10 31 32 16 14 26 5 12 24 35 7 34 8 33 1 6 2 38 29 28 23 22 4
    11 25 31 8 37 32 3 15 13 24 16 29 4 14 23 2 10 21 17 12 19 36 7 34 5 9 20 18 27 28 6 33 30 22 1 26 35 38
    31 29 28 36 11 10 17 26 4 18 5 24 37 9 21 13 30 27 32 34 14 16 33 8 38 12 19 1 7 3 22 25 2 6 20 35 23 15
    12 25 2 33 13 4 9 17 38 35 24 20 29 18 6 23 16 21 3 7 31 28 1 27 36 15 10 19 14 11 5 30 22 37 8 26 34 32
    24 38 8 5 7 27 16 1 22 21 23 4 29 19 13 9 35 32 31 14 26 11 30 2 3 37 33 12 20 36 34 18 25 15 6 17 28 10
    19 5 36 16 10 29 35 9 31 7 26 4 21 8 13 20 38 3 27 22 18 6 28 24 12 25 23 2 32 17 15 30 14 11 34 1 37 33
    11 13 12 25 21 16 14 34 7 28 29 4 19 30 37 23 18 33 20 26 32 17 36 9 31 1 27 10 2 3 38 6 8 35 15 5 22 24
    25 23 38 12 18 1 20 21 27 31 3 29 19 8 28 15 34 16 4 37 14 22 11 17 36 32 30 2 35 13 5 9 24 26 33 10 6 7
    22 5 20 28 37 33 18 4 21 12 15 35 31 19 11 1 38 27 24 2 9 34 16 8 3 23 30 10 25 32 6 7 13 26 17 29 14 36
    1 8 31 6 7 37 21 36 28 19 17 30 14 12 24 32 5 33 3 26 23 13 4 20 18 29 35 11 34 15 2 25 22 38 9 10 16 27
    3 16 2 20 33 38 11 6 28 24 15 35 21 19 14 27 5 25 9 26 31 7 8 30 23 12 18 37 34 32 29 13 36 17 1 22 4 10
    10 23 3 32 9 16 34 6 28 11 35 12 5 19 36 2 30 26 4 13 24 14 38 17 18 29 37 25 22 31 27 15 21 1 8 20 33 7
    11 21 31 2 33 32 27 20 8 18 19 24 25 4 38 15 3 17 10 22 30 29 6 9 28 16 37 23 34 36 13 12 14 26 35 1 5 7
    16 35 22 31 8 18 11 24 34 9 13 1 38 10 25 2 32 23 5 4 36 33 6 27 14 30 3 17 12 7 29 20 28 26 37 19 21 15
    9 1 37 8 28 30 5 22 16 31 32 4 6 19 12 20 26 34 14 18 17 35 38 7 25 10 23 36 27 13 15 11 2 33 3 21 29 24
    7 11 17 15 6 28 38 4 12 29 25 16 26 10 2 9 33 18 22 31 3 24 20 36 21 27 5 37 23 8 14 1 32 13 30 19 34 35
    34 4 30 26 25 2 11 28 35 9 33 36 22 29 27 5 6 38 12 3 31 14 20 37 13 1 10 21 7 23 32 15 18 8 17 16 24 19
    16 9 13 38 30 34 11 1 7 15 32 24 10 2 6 20 12 22 28 27 3 35 5 33 14 26 18 21 29 23 19 4 25 8 17 31 36 37
    15 11 16 31 21 14 22 8 20 32 28 9 24 33 2 36 5 27 10 3 23 13 38 4 17 19 6 29 35 37 12 18 26 7 30 1 34 25
    37 31 18 17 34 10 32 33 21 27 30 24 15 35 38 13 3 9 26 25 19 7 2 4 5 22 12 23 11 16 28 14 29 36 8 6 1 20
    30 7 31 2 32 34 3 1 23 6 27 9 11 25 21 33 37 18 14 35 13 16 12 15 17 36 4 38 10 5 8 20 28 26 29 24 19 22
    17 28 1 38 19 32 13 9 21 22 11 26 29 14 33 15 31 3 23 30 16 8 10 36 25 12 34 24 6 35 27 4 20 5 18 2 37 7
    7 20 21 10 6 36 4 1 15 19 12 9 25 23 27 29 16 37 26 8 22 35 13 3 11 14 2 24 33 31 28 17 34 5 18 38 32 30
    18 12 1 20 26 16 37 6 3 5 8 21 13 2 31 19 32 30 25 10 33 7 15 36 11 35 9 28 38 29 22 34 27 4 23 17 14 24
    1 18 33 8 11 34 22 9 2 10 26 16 27 29 25 13 17 32 20 5 14 23 35 4 19 37 12 36 6 31 21 15 30 7 3 24 38 28
    38 18 21 37 33 34 31 12 16 20 30 32 35 7 25 1 6 17 26 27 19 24 23 11 3 36 29 15 8 13 2 14 28 4 10 5 22 9
    14 2 4 29 10 16 11 35 27 18 21 20 13 34 5 38 30 32 7 12 3 24 15 17 6 33 28 36 19 26 1 23 31 9 22 8 25 37
    34 4 19 17 9 32 21 38 24 35 23 1 29 20 25 7 11 28 36 27 26 6 15 31 22 5 8 3 37 10 12 14 30 2 33 13 16 18
    20 2 34 17 19 1 9 22 15 16 32 30 24 31 38 8 11 10 5 4 26 7 37 14 27 12 6 23 13 33 18 36 29 21 28 35 25 3
    21 38 28 7 10 27 33 35 16 8 26 13 6 25 19 1 31 4 18 3 34 12 11 30 24 9 32 2 37 15 29 20 17 36 22 14 5 23
    10 14 24 33 21 4 3 18 6 26 27 28 36 22 1 20 11 7 30 32 13 23 29 37 8 35 34 16 31 5 9 12 19 15 25 17 38 2

