39

    25 27 9 1 13 28 39 38 16 33 36 35 3 15 21 12 23 6 37 18 29 8 10 11 19 14 2 4 22 34 26 20 30 32 5 7 31 17 24
    22 38 4 25 14 24 9 1 37 11 7 8 34 5 35 33 21 20 3 29 2 19 12 10 16 6 18 28 26 39 17 15 30 32 27 23 31 13 36
    31 14 39 26 11 21 24 22 1 5 2 10 12 7 30 8 23 32 18 36 15 16 38 9 34 28 4 19 6 37 29 17 35 20 27 3 25 33 13
    15 6 14 7 21 8 34 26 17 1 19 18 4 20 24 28 38 37 10 39 22 23 25 32 5 29 11 16 36 35 27 12 33 3 30 13 2 31 9
    11 19 3 36 20 17 4 28 5 38 31 25 27 29 1 37 32 18 24 23 13 34 10 21 15 8 6 35 7 30 2 22 26 33 16 9 14 39 12
    1 32 36 35 31 3 30 20 34 13 25 5 38 8 23 21 2 27 4 6 33 24 26 22 19 11 15 28 18 16 9 14 29 17 10 7 37 12 39
    13 31 2 17 14 35 23 34 39 37 32 22 19 5 30 33 36 3 16 29 1 11 6 27 4 25 10 12 20 21 18 9 7 38 15 8 26 28 24
    17 39 24 21 4 6 1 13 9 8 37 23 32 31 7 14 15 22 11 16 2 29 33 38 26 10 28 5 34 18 30 25 19 3 36 27 12 35 20
    22 20 28 6 24 7 21 8 23 14 19 31 39 10 5 35 3 15 37 1 4 13 29 11 33 26 17 34 18 38 16 36 12 27 25 32 9 2 30
    6 32 13 11 15 39 25 33 18 38 10 34 20 4 27 16 24 26 19 37 30 35 21 36 12 8 5 2 17 28 14 3 29 7 1 23 31 9 22
    18 38 21 4 6 16 5 37 24 22 7 30 14 39 19 17 32 11 28 20 10 3 34 33 1 36 35 27 13 31 8 23 12 26 29 25 2 15 9
    36 26 23 34 16 30 8 13 29 9 7 25 12 15 1 18 32 20 6 38 28 17 10 37 11 19 33 21 3 4 24 14 2 39 22 31 27 5 35
    39 8 32 15 1 22 25 4 37 20 34 16 23 29 18 2 9 12 19 38 35 30 17 7 31 10 6 26 13 11 24 5 21 3 28 33 14 36 27
    21 18 29 34 13 39 20 27 4 35 12 17 31 30 28 10 23 24 33 38 1 11 14 8 6 5 37 19 7 16 2 9 26 36 22 15 32 3 25
    30 8 36 18 3 12 10 21 13 7 22 11 25 26 5 9 19 4 32 31 27 6 1 34 14 28 15 37 35 39 38 24 17 2 29 23 16 20 33
    25 6 9 31 5 19 7 3 27 10 35 24 30 37 4 11 12 16 32 33 28 29 38 2 17 13 20 26 14 21 23 34 15 39 22 18 1 8 36
    13 38 24 20 21 31 30 19 10 39 16 1 34 18 32 35 29 23 11 17 27 4 28 12 37 3 26 14 9 8 7 5 25 22 2 33 36 6 15
    20 37 25 19 17 6 23 13 4 2 21 29 33 34 10 14 18 7 5 15 38 35 24 32 28 26 3 30 12 31 8 22 39 1 11 36 16 9 27
    16 31 30 37 26 8 38 6 33 2 36 4 17 27 20 14 19 9 13 24 15 7 22 29 10 39 28 35 34 5 32 12 23 21 1 25 3 11 18
    30 19 37 12 38 35 24 39 4 16 17 36 21 33 29 34 11 15 9 22 31 32 5 26 28 18 1 8 23 13 10 20 25 7 6 3 14 2 27
    32 18 39 35 24 20 38 19 37 9 16 26 15 1 12 10 6 3 4 28 21 8 5 25 14 27 29 2 31 11 7 13 33 17 34 30 22 23 36
    13 2 9 36 19 24 22 7 26 6 21 8 38 39 34 29 4 20 33 23 3 14 11 17 27 1 16 15 37 30 31 35 32 28 18 12 10 5 25
    34 18 29 14 25 17 35 19 16 39 28 27 33 21 8 37 6 26 2 1 15 30 20 36 9 24 13 10 5 23 31 32 11 22 4 38 12 7 3
    5 36 35 19 3 37 7 26 9 30 31 39 8 23 29 13 20 12 16 14 6 24 21 32 22 18 27 2 4 17 1 10 28 25 11 34 33 15 38
    27 34 33 21 4 8 6 19 30 18 36 16 1 14 9 25 23 17 10 29 28 24 32 39 35 20 37 31 13 22 38 15 26 3 2 12 11 7 5
    13 6 27 9 28 19 31 15 29 30 7 39 21 36 5 26 3 35 12 18 24 25 11 38 16 32 17 8 37 2 4 10 20 33 34 22 1 23 14
    10 38 33 26 11 6 25 29 35 39 37 20 34 19 30 2 5 7 17 21 14 23 1 12 9 3 28 32 22 8 31 36 4 15 27 13 24 18 16
    1 22 4 7 21 14 6 18 24 38 32 35 12 3 9 17 33 2 10 39 5 27 20 8 36 30 11 16 23 15 28 31 19 29 13 25 37 34 26
    14 9 30 29 3 26 27 17 18 33 12 11 8 35 31 36 19 20 16 37 38 21 39 22 7 1 13 5 2 25 34 4 6 15 23 24 10 32 28
    12 15 8 27 16 34 9 29 7 20 14 21 18 38 17 32 5 19 2 6 11 10 31 3 28 1 33 35 36 25 39 30 26 22 13 37 4 23 24
    17 12 14 13 5 29 31 35 1 24 6 4 2 38 15 22 18 33 27 25 19 20 32 23 28 39 8 21 9 34 11 10 30 26 7 37 16 3 36
    13 3 7 37 32 33 14 38 4 15 30 9 25 16 12 10 35 2 27 22 5 6 34 26 24 18 1 19 21 23 20 36 17 11 28 31 29 39 8
    15 32 11 27 3 7 23 10 25 34 33 36 35 9 12 4 24 19 8 30 38 21 16 17 14 37 29 6 22 5 18 20 31 13 28 2 1 26 39
    15 16 29 39 28 7 1 21 9 35 20 36 37 13 3 23 19 6 4 30 38 22 32 33 14 24 12 17 18 27 34 31 25 5 11 2 8 10 26
    37 26 38 22 33 35 39 36 9 23 25 1 27 14 19 3 10 8 15 17 11 31 34 30 24 16 12 29 13 2 18 32 6 20 5 28 7 21 4
    29 30 28 31 21 6 12 22 36 38 23 13 33 37 32 8 4 1 17 16 18 34 7 19 11 35 24 2 5 20 15 27 26 9 14 3 10 25 39
    28 1 13 14 12 11 18 34 38 29 25 20 6 9 19 4 31 7 27 16 26 36 32 22 23 2 8 5 15 17 39 10 37 24 21 35 3 33 30
    7 11 34 17 1 30 10 15 2 39 24 38 35 33 26 25 36 13 19 9 20 5 31 27 6 8 32 12 4 3 21 23 16 22 14 37 18 28 29
    25 15 24 19 18 11 14 33 3 36 38 4 6 2 30 39 35 34 29 9 22 10 16 21 12 8 5 27 37 28 31 32 7 17 13 1 23 26 20
    8 37 22 11 19 29 5 30 25 24 10 18 15 2 23 20 6 14 1 38 32 4 16 33 39 36 3 7 21 35 34 17 27 26 31 12 13 28 9
    14 31 2 19 18 17 29 32 20 9 36 8 6 11 33 26 13 23 24 7 4 35 15 12 16 1 30 25 38 10 5 27 3 22 21 34 37 28 39
    29 35 21 31 11 6 36 5 12 28 25 39 18 26 24 13 8 33 27 10 7 19 14 17 15 3 20 2 37 4 30 22 34 1 23 9 32 38 16
    11 26 13 14 19 4 22 8 38 21 28 17 27 18 6 5 37 15 23 29 34 31 30 3 9 16 1 7 36 25 20 32 35 12 39 24 10 2 33
    9 39 15 32 27 24 35 34 33 26 23 31 8 19 16 4 13 18 38 36 30 14 6 1 12 17 25 29 5 2 11 21 22 20 3 37 28 10 7
    33 12 39 15 5 32 10 1 11 26 4 14 30 18 31 8 19 25 37 35 36 28 16 3 17 29 24 2 9 22 34 13 7 6 23 20 27 21 38
    3 23 29 19 5 39 20 28 21 14 34 22 13 12 4 1 36 35 2 7 26 31 32 17 11 6 25 9 8 38 37 15 30 16 10 24 27 18 33
    36 23 30 3 9 20 22 10 27 24 26 1 31 18 5 7 19 16 6 38 2 11 35 39 12 37 21 33 25 17 15 34 29 13 32 8 4 28 14
    15 12 7 27 17 37 33 10 22 38 26 11 32 9 2 36 19 24 31 4 20 3 39 5 28 18 8 16 29 14 21 35 30 25 6 23 34 1 13
    37 26 10 15 24 9 35 17 6 38 5 18 1 22 27 20 39 11 16 29 21 32 36 30 12 28 23 14 2 33 4 8 3 34 13 7 19 31 25
    26 31 30 19 8 32 39 16 27 18 17 21 37 4 15 35 11 5 12 38 28 14 9 29 3 33 22 20 23 34 1 7 24 2 13 36 25 10 6
    22 13 3 24 12 36 15 30 7 6 14 2 39 19 8 1 17 33 31 38 10 29 4 35 20 5 27 21 23 34 32 26 25 18 28 37 9 16 11
    6 21 32 10 29 12 31 25 8 22 16 9 23 14 4 5 7 33 3 38 13 2 18 19 20 36 37 24 1 27 26 34 28 30 39 15 11 35 17
    15 36 9 1 38 22 3 2 35 11 20 16 19 18 6 14 4 10 12 28 27 25 30 32 5 26 21 23 37 29 13 17 24 39 31 34 8 33 7
    21 23 10 8 29 12 26 19 6 33 39 35 28 30 36 3 25 1 15 2 16 14 13 31 34 4 11 27 32 38 7 37 20 9 24 17 18 22 5
    18 26 32 33 8 13 29 23 5 15 4 11 14 31 20 35 30 17 21 39 2 36 3 9 27 6 10 28 1 16 25 37 12 7 22 19 38 34 24
    25 16 18 15 17 30 12 13 22 26 6 33 19 1 4 29 38 8 9 10 24 31 39 35 27 32 23 34 5 2 36 21 11 7 3 28 14 20 37
    23 17 7 26 30 11 36 24 13 15 31 8 19 2 3 4 25 6 39 9 20 10 18 37 27 28 29 12 38 5 35 14 16 22 32 33 1 21 34
    24 26 28 14 17 13 23 39 30 29 5 34 33 9 6 11 16 31 36 20 1 4 38 18 32 21 10 7 19 27 25 15 35 3 12 22 2 8 37
    28 4 2 20 8 10 38 3 37 25 26 34 27 35 13 31 18 16 29 23 36 1 6 5 30 11 32 7 12 22 19 39 17 14 33 15 9 24 21
    3 37 24 17 8 27 10 18 23 19 30 28 16 32 4 7 38 5 11 12 9 35 33 39 2 29 36 15 1 20 31 13 21 6 25 14 26 22 34
    34 23 1 10 7 33 14 5 15 29 19 32 8 24 2 16 6 13 4 30 9 12 18 31 22 20 39 27 25 17 37 35 38 36 21 28 3 11 26
    29 3 35 4 5 17 37 20 19 31 36 18 8 9 27 30 24 10 34 22 28 25 21 11 23 33 6 14 13 38 32 16 7 15 26 39 12 1 2
    24 38 30 6 4 15 25 19 23 21 5 16 32 31 14 11 17 20 36 33 22 2 10 35 28 12 26 1 39 13 29 27 8 9 37 7 34 18 3
    18 9 30 21 13 20 15 5 12 17 35 34 26 36 31 8 4 7 2 23 38 16 37 33 27 14 1 10 29 22 39 3 11 19 24 32 28 25 6
    24 11 8 37 19 36 5 2 7 17 6 35 16 38 28 25 22 34 10 13 14 3 31 20 18 32 12 15 21 39 27 26 29 30 23 9 4 33 1
    21 37 18 30 10 3 7 19 2 1 24 23 35 38 11 26 31 8 17 6 27 29 14 20 39 32 36 25 22 28 4 15 16 34 5 12 13 9 33
    28 8 22 24 27 17 6 20 10 2 9 16 18 7 32 11 23 19 1 38 29 4 5 30 37 33 13 12 31 3 14 34 15 39 21 35 36 26 25
    10 16 33 15 5 21 8 11 38 39 6 7 35 9 19 31 29 32 27 1 30 23 13 26 28 3 2 17 14 34 12 25 36 18 22 4 24 37 20
    37 26 10 38 8 29 28 24 1 4 31 17 7 15 6 18 3 5 36 34 33 35 13 12 11 9 32 39 19 14 22 23 20 16 21 25 30 27 2
    35 4 28 2 19 1 37 9 21 15 26 13 27 33 16 8 18 12 22 20 5 3 38 25 14 23 36 34 24 7 32 6 17 30 11 29 10 39 31
    8 10 38 37 5 15 23 35 17 36 22 2 9 13 1 24 7 26 29 28 30 20 18 21 14 12 6 32 19 16 3 11 39 33 25 4 31 34 27
    11 1 33 34 6 35 28 8 22 19 32 38 30 9 4 17 31 13 14 39 26 10 37 25 3 24 29 2 16 7 27 21 15 12 36 20 18 5 23
    6 3 28 5 2 38 19 26 30 21 1 18 37 20 32 25 36 17 15 23 13 9 24 8 11 22 7 33 10 16 27 4 34 12 39 14 35 29 31
    23 3 20 11 36 24 17 26 13 31 22 29 6 2 1 5 27 8 30 16 14 4 21 32 33 19 35 39 18 15 10 9 37 12 34 7 28 38 25
    18 27 20 29 21 35 11 38 26 25 22 3 6 2 7 17 16 14 19 15 33 37 5 36 30 1 28 39 13 8 31 34 32 10 9 24 4 12 23
    30 34 32 9 35 19 2 25 15 23 12 14 18 26 10 3 8 5 27 28 13 21 36 4 6 17 38 33 37 31 7 20 11 1 16 29 22 39 24
    8 32 14 12 29 17 4 13 19 1 16 20 28 27 6 21 26 10 5 37 35 24 23 31 33 39 34 3 36 7 22 11 9 2 38 18 25 15 30
    35 10 3 15 27 34 38 18 24 28 30 2 9 26 4 5 16 31 33 22 39 32 8 19 6 21 36 7 11 12 23 17 14 13 1 29 25 20 37
    26 32 14 11 7 16 19 12 13 10 23 27 5 8 17 1 18 28 36 34 20 31 25 35 33 6 29 4 24 30 21 15 39 2 22 3 38 9 37
    39 36 32 38 34 20 23 5 31 19 11 27 30 25 24 1 8 22 29 18 35 21 12 28 33 10 9 3 2 17 4 13 37 7 16 26 14 6 15
    34 25 1 2 9 11 29 13 32 20 35 16 21 33 6 19 26 31 12 5 18 38 4 22 3 23 28 24 27 17 36 30 7 39 15 10 8 14 37
    31 34 30 23 12 37 10 2 19 8 29 25 33 9 14 26 22 24 11 1 36 39 28 21 18 3 17 7 13 20 32 4 5 35 6 16 15 38 27
    7 3 12 10 22 2 26 30 5 15 32 24 38 37 11 18 21 1 25 35 20 19 36 34 33 39 13 4 23 8 16 17 31 28 14 6 29 27 9
    14 2 30 1 24 34 15 16 4 33 7 35 25 20 18 22 26 37 12 31 32 9 36 38 10 3 29 21 13 17 27 28 6 23 19 11 39 5 8
    8 1 33 6 22 37 18 23 12 27 31 24 32 4 5 38 35 19 28 14 2 3 17 13 15 20 11 30 36 29 39 21 34 16 7 26 10 25 9
    32 4 10 14 24 12 31 16 29 26 39 28 17 30 34 20 8 38 35 13 36 2 9 27 21 25 19 6 15 7 37 11 1 33 18 5 22 3 23
    15 2 32 39 18 30 38 13 4 20 25 7 11 34 28 35 37 12 21 8 19 24 9 6 10 27 3 29 33 16 5 26 14 1 23 31 17 36 22
    22 18 1 29 36 5 32 7 30 13 15 27 26 16 8 10 3 4 38 31 34 23 35 14 25 12 33 6 21 19 28 17 24 39 37 20 11 2 9
    37 21 6 28 32 14 30 23 13 33 9 35 22 7 5 15 1 26 8 11 34 12 19 18 29 2 27 16 38 10 25 36 4 39 20 3 24 31 17
    8 36 35 29 24 23 10 37 3 14 25 6 21 20 32 12 15 33 22 2 39 7 27 38 11 5 17 30 4 19 18 31 28 9 1 34 13 16 26
    34 19 39 17 5 6 12 3 10 24 30 20 15 14 18 16 8 21 37 1 13 22 25 29 31 36 38 33 23 7 4 11 35 26 28 32 9 27 2
    35 11 29 24 32 27 21 33 15 28 30 39 31 13 10 8 23 36 14 4 3 20 38 18 26 19 2 16 12 6 7 34 25 9 5 37 17 22 1
    26 10 3 5 30 38 34 17 14 33 16 19 39 20 8 15 11 4 23 37 22 12 18 35 1 29 7 24 25 6 2 28 32 31 21 13 36 27 9
    22 19 32 3 13 12 38 29 5 28 11 17 6 27 39 7 34 1 35 4 21 30 24 9 8 23 37 25 2 10 33 20 16 18 36 14 26 31 15
    27 20 15 1 36 23 29 10 18 17 37 38 16 26 22 34 33 2 12 25 19 30 24 32 14 28 7 9 31 8 13 11 6 39 3 35 21 4 5
    30 18 25 29 19 4 23 8 12 35 24 20 16 1 34 7 38 28 3 2 14 33 5 13 10 31 22 37 21 9 39 36 15 11 32 6 17 26 27
    28 20 3 35 14 10 16 21 27 8 37 36 17 25 33 5 26 9 30 24 39 31 15 19 38 23 2 12 11 29 7 34 18 1 6 13 22 32 4
    5 30 29 18 38 33 22 28 36 39 23 8 9 1 17 4 31 14 25 20 35 12 10 27 13 37 11 19 7 3 32 6 21 24 2 16 26 34 15
    9 6 8 30 7 26 5 27 14 29 10 31 37 20 17 11 12 19 16 4 28 23 36 1 2 39 33 21 15 32 34 38 24 35 18 3 13 25 22
    36 21 15 1 10 31 14 23 8 28 13 24 20 3 29 11 25 27 5 2 34 37 39 22 35 17 9 18 4 30 16 33 19 32 7 12 26 38 6

