40

    18 39 36 3 38 19 25 17 40 5 14 26 30 2 27 34 23 31 1 12 16 9 10 24 37 13 4 7 6 32 22 20 33 11 21 28 35 15 29 8
    28 23 31 30 19 13 6 35 38 7 34 33 21 14 10 1 32 20 11 27 17 3 16 24 36 26 12 18 40 4 25 15 22 29 9 37 5 8 39 2
    33 23 9 8 22 6 30 25 12 18 7 5 34 11 21 38 1 17 32 40 28 3 36 31 14 10 16 24 4 37 35 13 29 2 19 15 20 27 39 26
    31 40 21 4 16 22 1 9 37 15 35 7 38 26 19 39 34 25 14 29 28 6 18 23 12 5 27 30 11 32 24 3 2 8 13 17 10 33 20 36
    38 9 13 34 14 28 20 29 16 32 22 3 35 10 19 8 25 17 21 24 12 4 40 2 6 1 30 7 37 33 39 5 31 23 36 11 27 15 18 26
    24 15 33 7 38 8 22 30 12 37 28 39 3 35 5 40 23 13 6 1 16 31 36 18 17 25 19 32 34 4 10 20 2 11 26 27 21 14 9 29
    36 2 10 23 27 16 21 37 6 34 38 26 8 32 9 25 13 18 15 31 19 30 24 17 11 20 1 39 7 5 33 14 35 40 29 28 12 4 22 3
    39 40 5 28 30 27 19 11 32 29 21 35 2 3 34 14 17 25 23 20 26 33 24 8 4 15 22 1 7 36 38 37 31 6 16 9 13 12 10 18
    9 31 20 18 14 28 24 32 12 27 8 34 40 33 2 15 1 10 36 25 7 19 5 22 37 3 35 26 38 11 30 39 23 21 29 4 6 13 17 16
    8 26 20 23 17 30 21 4 31 7 25 5 12 19 39 27 2 3 18 15 29 34 13 11 6 35 37 9 10 1 32 16 38 28 24 36 22 40 14 33
    3 25 38 27 16 31 36 1 24 20 34 4 39 22 35 13 6 29 30 2 15 32 28 40 5 21 8 10 9 17 26 19 11 33 12 18 7 23 37 14
    16 1 37 24 17 26 29 12 18 9 20 13 33 15 22 32 19 8 7 2 6 14 3 5 30 11 21 36 35 39 25 34 23 40 31 38 4 10 27 28
    38 29 3 8 22 9 14 6 17 24 36 18 26 11 28 20 19 35 13 10 21 25 15 31 30 23 40 32 27 37 1 2 33 5 4 12 7 34 16 39
    14 25 27 33 40 16 32 7 19 28 20 39 31 22 11 23 38 12 34 4 8 24 5 36 10 29 17 35 9 2 15 26 18 13 37 21 6 30 3 1
    31 23 13 18 1 10 33 8 19 35 4 38 32 37 39 24 15 12 5 6 21 17 7 34 22 20 2 30 28 40 25 29 16 9 36 11 26 3 27 14
    4 23 16 33 5 22 17 18 15 37 26 8 29 24 7 6 34 31 30 32 25 12 14 13 11 2 10 19 3 20 40 28 1 9 35 21 27 38 36 39
    1 26 33 34 4 14 12 29 10 5 32 16 39 25 11 3 21 17 30 19 2 22 27 37 15 9 6 35 36 40 23 28 18 24 7 13 31 20 38 8
    8 28 13 16 19 24 25 21 17 12 20 14 2 39 31 40 6 32 30 23 11 33 29 3 37 27 5 22 18 4 1 26 15 7 38 9 36 10 34 35
    19 1 10 32 37 12 22 13 31 6 2 17 23 24 28 30 39 21 34 5 9 16 40 11 4 26 36 3 25 18 8 29 27 20 38 15 7 14 33 35
    38 25 36 1 17 34 3 40 26 12 31 15 29 9 7 13 28 21 22 14 8 10 37 23 33 11 2 27 39 6 24 16 30 19 32 5 35 20 4 18
    28 17 40 30 27 9 1 31 20 32 19 6 33 14 2 3 4 34 35 8 18 5 38 37 22 15 23 36 29 26 7 13 39 16 12 10 24 21 11 25
    21 14 7 3 36 25 16 23 17 26 2 9 8 29 10 24 22 11 20 38 27 6 32 13 33 40 5 12 35 15 18 37 31 30 1 34 28 4 39 19
    37 3 20 28 1 27 31 5 29 17 36 39 40 26 4 12 13 9 35 7 25 22 18 2 14 34 38 10 19 32 30 8 23 11 24 33 21 6 15 16
    19 36 17 20 37 4 28 23 3 1 31 22 26 29 15 25 10 7 24 5 27 2 12 18 35 32 6 14 13 16 30 33 9 38 11 40 8 21 39 34
    13 39 18 33 15 8 14 30 4 9 1 11 32 19 38 27 36 34 29 6 24 10 21 40 20 26 23 3 28 31 37 35 12 2 17 16 25 5 22 7
    26 1 12 18 36 21 3 32 16 23 31 34 7 13 30 39 2 38 33 25 14 6 9 5 22 10 11 27 8 35 40 37 19 15 29 4 17 20 28 24
    21 32 10 36 1 6 29 33 34 15 31 39 37 26 40 12 16 8 4 30 22 23 7 35 24 18 27 5 17 19 20 3 9 14 13 38 25 11 2 28
    33 37 6 40 14 4 13 16 30 9 26 17 1 25 27 34 2 32 29 15 22 7 38 21 11 5 8 20 35 31 10 28 3 24 36 18 19 39 12 23
    27 31 12 16 38 32 17 25 4 1 6 15 39 9 11 28 37 21 30 36 33 29 13 7 24 40 3 8 20 5 14 26 34 22 23 2 19 18 10 35
    11 39 23 16 40 6 9 30 33 26 34 4 15 20 5 31 1 17 25 18 12 29 10 28 27 37 7 2 21 8 3 13 35 24 36 19 22 32 14 38
    5 37 7 14 26 28 39 18 24 22 9 40 27 10 30 1 13 25 23 15 34 6 29 11 4 36 20 21 19 8 32 38 16 31 17 12 35 33 2 3
    18 40 15 33 12 25 22 29 5 3 39 17 2 30 8 32 31 24 34 26 16 27 19 13 38 36 4 35 21 9 37 10 1 20 28 14 6 7 23 11
    11 1 5 23 37 28 33 4 26 9 34 29 3 15 10 24 27 30 17 6 32 2 21 12 16 38 13 20 39 7 14 18 25 36 8 19 22 31 40 35
    36 9 40 13 12 34 39 31 14 6 30 28 5 35 25 7 2 8 15 3 38 33 18 17 4 26 11 20 10 16 21 23 32 27 37 19 29 1 24 22
    25 17 34 6 9 8 4 3 31 39 26 32 11 24 21 5 29 7 33 1 14 16 15 12 23 40 22 36 19 2 28 27 20 10 38 18 30 35 37 13
    15 30 2 36 16 40 21 9 13 11 28 26 1 20 31 27 38 24 7 32 17 14 35 22 6 25 33 37 29 39 8 4 5 23 12 18 19 34 3 10
    40 10 31 39 5 19 7 36 20 6 24 30 37 8 38 18 13 23 11 21 32 26 27 17 16 25 3 9 29 14 33 34 4 12 35 15 22 2 28 1
    13 34 19 33 40 5 35 14 28 27 3 17 32 16 2 8 15 12 18 7 23 31 1 6 4 25 22 26 38 10 36 21 9 20 30 11 24 37 39 29
    19 33 35 8 40 4 1 37 11 2 25 16 29 6 21 14 23 7 30 24 15 38 31 27 3 36 26 5 13 39 32 17 9 18 12 22 28 20 10 34
    31 16 15 32 36 33 38 9 8 25 23 14 37 3 7 11 24 30 13 27 22 18 26 10 19 1 6 28 35 5 39 40 34 29 2 20 21 12 17 4
    8 27 7 29 30 19 17 15 39 13 21 35 20 10 37 26 24 31 2 1 14 18 9 32 3 28 23 40 16 11 38 6 33 4 36 34 12 5 25 22
    27 5 8 9 35 15 31 34 17 23 20 12 33 37 1 11 26 24 38 40 22 29 16 25 19 14 7 3 21 6 10 13 36 28 30 18 39 4 32 2
    38 7 14 33 13 20 4 9 24 10 6 21 31 34 22 5 12 15 32 23 19 2 29 8 16 35 39 3 11 17 40 25 27 1 28 36 26 30 18 37
    40 11 33 31 9 7 25 5 13 8 29 10 14 37 23 21 28 16 27 36 1 34 38 12 30 24 22 19 32 4 15 18 35 17 6 20 3 2 26 39
    27 2 34 39 10 13 38 16 17 40 26 8 31 37 12 4 25 7 3 6 20 9 29 30 32 22 24 35 36 15 21 33 23 1 18 14 11 28 19 5
    25 16 9 37 32 38 33 15 3 23 21 22 17 6 29 11 26 5 31 14 2 40 1 24 35 10 34 30 19 13 36 4 28 7 39 8 18 27 20 12
    16 22 18 28 27 39 36 11 33 2 17 13 14 12 38 4 40 8 20 5 19 24 21 35 31 34 3 29 25 7 10 15 37 30 32 6 1 26 23 9
    20 22 29 12 14 21 19 39 28 34 18 11 13 36 1 8 27 24 25 31 32 9 4 37 10 3 40 33 15 17 16 35 7 23 2 38 5 30 26 6
    35 4 39 11 30 15 34 7 14 3 29 18 33 20 9 19 21 37 10 25 6 36 23 31 17 32 22 13 38 40 12 27 8 1 2 24 5 28 26 16
    22 23 1 19 2 15 28 3 29 11 27 25 7 24 9 12 13 6 5 18 32 20 37 30 21 14 16 17 4 38 35 39 34 31 40 33 8 26 10 36
    11 8 33 24 27 28 16 15 40 25 22 34 10 29 13 32 30 18 19 38 4 17 35 31 37 36 26 14 7 12 23 6 1 20 5 21 2 9 39 3
    27 30 16 4 17 18 28 33 11 25 34 10 39 21 20 19 6 38 24 9 35 23 14 5 36 3 7 1 26 8 12 32 31 37 22 29 2 13 15 40
    5 18 37 12 26 38 34 39 23 40 16 28 36 7 15 27 9 30 17 20 24 22 4 21 31 3 8 19 11 33 35 2 6 13 10 25 29 32 1 14
    14 22 1 6 27 32 30 7 33 13 9 28 3 10 36 19 18 29 24 23 38 39 21 15 20 25 16 17 26 34 37 40 8 2 5 4 12 11 31 35
    33 3 12 37 7 2 22 14 9 31 39 28 32 40 36 27 19 13 23 20 10 11 1 18 6 5 29 24 25 26 15 4 17 16 8 35 21 38 30 34
    11 37 22 7 10 2 28 9 17 16 21 4 5 20 12 24 29 26 40 19 8 39 25 36 13 30 6 1 35 3 18 38 23 33 34 15 14 31 27 32
    38 19 28 9 29 18 23 25 24 21 31 37 36 32 2 27 8 20 35 13 16 17 3 6 1 22 15 30 34 4 5 40 11 14 12 10 7 33 26 39
    24 32 33 26 12 8 35 36 10 34 29 17 25 2 27 5 28 39 22 23 6 40 11 16 38 9 21 31 13 37 14 7 4 20 18 15 30 19 1 3
    26 6 18 9 14 21 31 12 8 28 37 25 40 36 17 33 11 16 24 13 3 2 23 4 27 1 19 35 20 22 34 39 38 10 29 5 30 32 7 15
    22 37 17 33 29 18 27 1 16 6 31 28 38 24 11 2 34 10 19 30 13 25 12 5 36 40 20 32 14 9 15 7 21 39 4 8 3 23 35 26
    40 9 37 17 28 23 1 20 14 18 38 21 35 13 2 33 6 3 36 34 8 16 32 25 4 15 24 30 12 29 5 39 10 27 7 22 19 31 26 11
    10 24 6 26 1 25 2 7 30 5 3 38 4 20 13 14 15 11 37 27 32 17 21 23 35 34 12 8 18 9 40 31 28 39 16 36 33 29 19 22
    37 6 20 30 35 16 12 17 18 38 26 1 28 2 27 39 29 8 15 36 24 9 10 3 22 33 4 32 40 21 13 34 31 11 19 23 5 7 14 25
    15 34 1 22 19 2 25 39 23 20 14 28 36 9 33 27 31 40 5 17 12 37 8 21 3 13 6 24 10 4 30 29 11 7 18 16 32 38 26 35
    14 8 37 7 31 9 24 38 2 3 19 15 16 27 23 13 10 21 25 28 30 29 22 5 1 20 12 32 11 4 36 40 34 26 17 6 39 35 18 33
    9 19 7 32 12 31 6 8 10 23 38 4 28 36 14 15 22 24 27 35 34 39 5 20 29 37 21 25 40 13 11 16 2 1 26 3 18 17 33 30
    38 37 21 33 32 9 26 34 14 39 35 7 6 5 25 22 1 27 17 16 10 8 24 15 2 28 19 23 13 29 30 12 11 31 4 36 18 3 20 40
    38 20 13 34 21 35 29 18 11 32 3 28 7 25 16 33 23 36 4 26 10 2 27 1 24 5 8 37 19 39 22 6 9 40 30 15 31 14 12 17
    25 8 35 38 17 30 28 33 40 15 32 1 19 7 27 3 2 29 18 20 14 12 5 9 22 6 39 36 11 31 26 10 13 34 37 21 23 24 16 4
    21 37 15 24 38 5 34 26 10 1 14 2 32 25 28 12 13 8 29 3 4 11 19 7 23 30 27 18 39 35 22 36 16 20 9 31 6 40 33 17
    19 27 34 4 28 40 14 31 35 16 25 18 10 5 1 15 20 13 21 17 30 32 9 12 3 26 2 33 11 36 22 39 8 38 37 29 6 23 24 7
    27 34 40 36 38 9 20 11 10 25 15 26 1 37 21 8 3 28 19 13 7 18 31 23 30 33 29 39 12 5 24 17 4 35 22 16 2 32 14 6
    9 4 8 17 22 10 37 1 18 35 40 24 29 31 30 33 38 3 36 13 21 6 7 27 16 15 25 20 2 19 28 32 39 14 23 26 34 12 5 11
    10 9 30 28 2 27 40 12 22 14 33 18 19 17 5 7 25 1 34 3 13 36 6 11 37 15 4 31 23 21 29 26 32 8 16 24 35 20 38 39
    5 1 40 23 29 12 2 22 4 28 16 7 38 6 30 34 17 26 32 36 25 35 24 10 31 21 39 19 9 33 20 37 18 15 13 11 3 27 8 14
    14 5 32 40 30 31 15 21 25 28 39 29 18 3 24 36 8 10 33 2 35 22 17 20 1 4 16 11 9 6 27 26 38 34 13 23 12 7 19 37
    5 40 1 35 32 12 30 27 25 34 21 23 13 17 39 24 31 18 36 8 26 16 11 19 6 33 38 29 3 4 10 2 22 20 37 28 15 7 14 9
    26 32 16 5 23 37 19 3 14 20 39 29 27 11 4 24 28 9 8 22 35 31 34 13 2 33 12 18 40 1 7 36 30 6 15 38 25 10 17 21
    26 38 23 18 34 2 21 7 4 13 22 33 37 14 1 8 17 30 27 15 36 19 31 11 28 16 20 39 9 25 6 3 32 24 12 29 35 5 40 10
    14 18 22 20 25 26 9 23 39 2 5 27 11 29 38 16 19 17 8 33 15 12 7 4 28 13 36 32 34 30 24 35 1 21 6 3 37 31 40 10
    8 32 36 15 30 26 17 31 4 35 6 20 33 28 22 13 1 25 12 21 9 37 3 38 7 34 10 39 5 11 18 14 40 23 29 2 27 16 19 24
    37 6 15 29 34 40 23 2 27 25 18 1 4 5 36 33 30 12 35 11 21 14 19 3 22 28 39 17 26 13 9 8 10 38 32 31 7 16 20 24
    20 4 30 21 5 27 19 32 17 13 9 38 29 3 10 2 31 14 8 16 26 6 35 24 12 39 33 23 34 22 7 37 15 40 1 11 28 25 18 36
    23 36 5 34 10 32 28 35 24 8 30 13 26 7 12 6 4 9 38 22 40 1 19 11 33 27 37 3 31 16 25 18 14 2 15 20 21 29 17 39
    29 3 15 27 2 30 13 38 23 28 17 18 5 32 4 11 12 37 35 34 10 7 26 25 31 24 19 21 6 20 16 36 40 33 39 1 14 8 22 9
    12 31 21 35 30 33 9 39 2 20 14 6 16 26 36 1 13 34 25 7 27 28 24 38 17 4 3 8 19 11 5 29 40 10 18 37 23 32 22 15
    5 1 30 40 17 13 11 7 14 23 33 15 21 37 28 26 38 16 6 29 10 20 25 4 34 27 32 39 24 36 31 35 3 8 9 18 12 19 22 2
    36 18 28 10 39 23 38 4 17 20 12 15 27 26 33 2 30 7 37 31 29 13 24 32 21 34 35 14 3 1 16 22 40 5 8 19 11 6 9 25
    27 4 22 18 2 12 35 14 6 38 11 13 17 40 19 8 34 5 30 32 37 29 24 31 9 15 36 25 21 16 10 20 3 39 7 23 1 33 26 28
    21 35 14 29 15 17 3 40 26 20 30 32 4 12 27 7 36 19 8 2 31 28 10 9 38 6 24 13 37 18 22 23 25 16 11 1 33 5 39 34
    21 6 26 29 12 23 8 3 35 5 9 37 24 13 10 11 2 39 38 20 32 17 7 18 25 30 14 4 31 33 28 16 22 34 1 27 19 15 36 40
    6 7 28 35 12 26 37 27 8 3 30 40 18 11 22 39 34 31 20 15 16 32 9 21 14 5 17 2 24 10 33 36 1 4 29 25 19 13 38 23
    4 27 25 15 13 14 40 29 5 17 34 31 21 39 24 28 32 6 8 23 18 37 2 20 11 12 26 22 7 1 30 38 10 33 36 19 9 35 3 16
    2 4 21 27 20 10 38 33 28 26 9 6 11 24 25 39 1 36 22 12 16 7 5 23 19 32 8 3 31 30 34 17 35 37 13 18 14 29 15 40
    37 38 33 16 19 40 7 24 5 2 36 8 3 23 39 17 22 28 20 34 30 4 26 32 35 10 14 31 9 13 25 11 6 21 27 29 12 15 1 18
    35 28 4 8 2 6 37 11 27 18 39 29 14 23 40 1 31 38 25 22 5 24 16 7 10 33 9 3 21 36 17 15 20 19 26 32 30 13 12 34
    5 19 16 4 25 30 38 17 29 40 13 37 22 10 8 23 39 24 11 14 36 33 6 18 35 34 28 26 15 3 12 7 9 32 21 20 31 1 27 2
    25 32 19 26 33 37 28 23 4 3 7 38 21 18 17 34 6 12 5 20 14 31 10 11 35 30 22 9 29 2 24 36 15 40 27 1 13 8 39 16
    38 5 24 27 26 35 3 33 31 30 21 32 15 37 6 28 12 29 19 9 36 13 39 7 34 40 22 18 10 25 20 14 11 1 16 2 23 17 8 4
    34 12 7 4 21 27 31 20 9 6 2 25 22 35 18 39 38 19 26 15 10 17 29 23 30 33 28 24 36 3 37 1 40 32 14 13 8 5 16 11

