41

    26 10 7 38 15 33 32 37 19 27 24 30 34 35 31 29 8 6 14 9 1 22 25 3 39 17 16 23 28 40 41 21 18 11 20 4 12 2 36 5 13
    6 26 14 19 16 15 5 37 29 8 41 25 38 32 12 35 28 20 3 7 17 11 1 18 30 4 21 31 22 10 36 13 40 23 34 33 27 39 2 24 9
    1 10 33 32 12 21 23 18 31 16 38 41 37 36 7 25 26 30 34 20 28 24 17 39 5 27 3 29 13 22 8 40 4 6 2 11 14 19 9 15 35
    24 15 36 1 7 11 14 27 37 34 38 12 18 10 30 3 2 23 29 13 32 28 19 25 6 41 21 20 4 26 39 40 35 16 5 22 31 17 33 8 9
    7 4 13 23 27 38 22 41 1 21 37 39 6 15 31 20 29 8 35 17 32 14 19 12 26 5 3 18 40 9 2 11 34 33 25 30 16 10 24 36 28
    33 5 18 32 28 9 40 14 11 31 20 34 38 36 26 13 23 29 3 21 12 17 6 24 19 7 22 4 25 15 30 27 16 39 35 2 37 10 8 1 41
    19 3 15 6 38 10 37 9 31 5 35 11 13 27 17 40 4 29 7 14 8 30 20 33 28 34 12 36 26 2 16 24 18 1 41 32 22 39 23 25 21
    17 21 39 13 7 22 6 33 18 35 40 14 3 11 25 34 28 4 20 29 23 8 41 31 9 36 26 27 2 32 30 10 1 16 5 38 24 15 37 19 12
    40 12 41 22 24 14 37 39 34 23 19 13 5 15 32 31 28 35 17 10 11 9 38 26 29 27 8 18 3 25 36 20 16 4 30 2 6 1 21 7 33
    38 15 26 29 12 35 41 39 11 25 21 34 24 27 18 28 2 36 10 32 19 5 3 33 40 23 22 20 4 13 17 30 16 31 7 8 1 37 6 9 14
    3 27 32 12 37 20 24 31 23 34 2 7 16 11 30 6 33 10 21 18 25 22 13 35 40 38 17 15 5 26 8 29 9 28 4 1 41 14 19 36 39
    14 37 18 22 38 25 35 9 29 40 7 28 10 19 1 26 8 24 33 16 32 34 11 30 5 23 27 2 20 3 15 31 41 36 39 6 4 13 17 21 12
    23 1 3 38 31 16 32 39 5 35 21 7 13 12 6 17 14 19 41 10 27 34 2 18 8 40 29 24 20 36 4 15 33 9 37 30 26 22 28 25 11
    30 19 35 37 31 4 33 39 29 18 36 41 16 14 15 8 1 12 20 23 32 7 22 9 34 24 28 27 6 17 40 38 13 3 2 10 11 5 21 26 25
    10 3 40 31 2 24 17 13 35 25 19 39 16 22 41 33 27 28 6 18 11 34 36 14 8 15 23 21 12 29 5 7 20 38 1 30 4 9 26 32 37
    5 26 19 39 13 6 37 38 8 14 41 2 22 20 31 36 15 10 18 4 33 1 24 12 23 27 28 30 25 34 17 21 29 40 35 16 9 3 32 7 11
    38 40 18 8 14 12 17 26 27 1 34 32 37 28 20 35 36 13 6 5 4 21 23 30 2 10 29 19 24 31 41 22 15 9 7 25 3 39 16 33 11
    26 16 9 4 32 11 35 24 27 14 34 15 30 10 25 38 31 33 2 17 21 7 39 29 13 8 5 36 12 37 22 18 28 41 3 40 1 23 20 19 6
    1 20 22 18 25 10 17 30 27 4 39 15 2 8 41 23 13 11 14 34 35 29 9 5 37 3 6 36 21 38 40 31 33 28 16 26 19 7 32 12 24
    14 23 25 34 10 31 16 15 6 26 13 3 19 9 33 35 8 21 11 39 27 22 7 2 12 28 17 20 36 41 18 38 32 30 1 5 24 37 4 40 29
    26 6 39 22 4 38 24 1 31 9 3 2 17 33 18 30 32 11 27 41 10 28 35 25 40 20 8 19 21 12 14 29 13 37 16 7 34 23 5 15 36
    20 22 14 30 8 34 23 9 31 4 27 25 5 21 7 18 33 37 1 15 35 3 10 26 38 11 12 13 28 41 32 40 2 17 16 24 29 39 19 36 6
    30 16 6 11 2 12 23 15 22 29 38 10 19 34 24 39 21 18 8 40 37 17 33 14 31 13 26 36 32 27 3 35 20 5 41 7 4 25 1 9 28
    39 8 1 40 35 36 6 21 31 23 22 2 33 9 20 17 41 18 37 4 30 11 5 34 13 10 25 19 29 7 28 15 38 16 14 3 24 12 27 32 26
    6 15 27 39 31 18 40 12 41 13 1 26 9 3 21 19 22 4 11 25 16 20 7 28 35 23 38 14 8 32 29 33 37 10 17 24 30 36 34 5 2
    18 30 27 8 23 12 14 40 39 37 41 5 28 36 25 35 10 21 19 24 3 6 2 34 1 17 13 31 20 29 38 4 16 22 15 32 33 26 9 11 7
    21 20 30 28 33 11 15 13 41 39 26 24 29 16 35 23 7 17 34 10 19 2 36 6 1 37 12 3 40 14 5 38 27 18 31 25 4 9 32 8 22
    12 29 23 17 11 39 5 35 16 37 22 15 18 36 9 26 41 4 8 34 38 1 31 19 6 27 3 25 40 21 30 2 28 20 7 13 10 24 32 14 33
    29 39 1 6 7 28 36 19 4 26 35 9 12 34 30 8 17 3 27 24 2 25 21 15 14 41 20 31 16 32 22 11 18 13 38 5 37 10 40 33 23
    41 28 34 31 22 29 39 23 3 24 20 21 12 32 10 16 5 19 14 6 36 33 7 35 40 25 17 37 11 8 27 26 30 38 18 4 9 15 13 2 1
    15 33 10 37 17 29 4 20 1 24 36 38 2 21 31 5 27 30 9 6 8 35 28 34 39 23 11 25 26 18 7 12 32 14 19 22 40 16 13 3 41
    18 27 14 26 11 4 35 29 2 3 19 9 10 41 31 32 25 1 24 30 13 12 16 5 6 8 15 40 37 22 33 20 17 7 34 28 21 39 36 38 23
    3 6 13 18 40 33 17 7 23 22 35 28 36 37 34 8 16 11 38 21 41 30 26 39 12 25 29 14 1 32 31 27 20 5 10 9 19 2 4 24 15
    40 9 12 7 27 24 38 17 5 31 35 6 10 25 26 23 8 18 21 2 4 16 15 19 1 13 30 34 14 29 33 39 32 28 20 37 41 36 22 3 11
    39 4 9 8 14 3 35 29 23 16 28 26 30 31 27 15 41 21 6 36 17 5 18 25 37 2 38 19 10 12 40 33 7 1 34 20 32 11 22 13 24
    8 19 28 10 18 29 31 4 12 39 33 25 26 24 9 14 11 1 23 34 16 3 35 17 37 20 21 5 2 36 38 15 40 13 32 41 6 7 30 22 27
    1 23 9 32 29 5 12 33 34 4 31 36 7 41 8 38 13 11 24 18 17 3 25 26 35 28 19 15 21 2 40 20 6 39 27 22 10 37 16 30 14
    32 31 21 4 37 41 36 9 10 30 7 27 40 8 12 26 24 19 35 2 11 25 3 28 39 15 22 34 33 20 38 29 13 1 14 17 16 6 5 23 18
    26 15 34 5 13 20 16 8 31 3 2 30 33 4 11 27 21 38 37 9 40 41 25 19 23 24 7 39 22 17 35 28 36 14 18 1 10 32 29 12 6
    17 26 19 12 9 14 10 28 4 23 25 6 11 27 38 1 29 22 21 34 5 8 32 31 18 7 13 39 40 33 37 41 35 15 2 24 20 16 36 30 3
    2 4 35 8 36 28 22 19 41 21 29 13 40 12 30 7 17 38 23 33 24 9 20 18 16 3 26 32 25 37 27 1 39 5 15 10 34 31 11 6 14
    9 41 29 32 18 40 7 22 30 12 28 13 33 19 3 35 8 39 5 38 16 31 11 10 23 24 26 6 21 17 34 20 36 2 1 37 15 14 27 4 25
    1 36 4 32 28 13 10 2 11 41 9 38 25 5 22 34 20 23 35 16 31 12 3 24 37 21 19 18 30 6 14 39 33 40 17 15 7 27 8 26 29
    23 2 8 22 39 36 28 37 6 3 33 9 31 21 34 5 25 41 12 13 26 27 35 40 30 17 10 1 15 18 20 11 7 24 32 29 38 4 19 16 14
    7 16 22 27 41 13 9 26 11 4 12 20 17 3 5 35 18 37 29 25 19 8 23 32 28 15 30 14 24 31 38 33 39 1 21 36 2 40 34 6 10
    39 12 22 9 10 27 7 29 6 26 23 14 28 30 21 25 33 20 17 16 31 24 1 11 2 36 35 18 38 37 34 41 5 32 3 19 40 4 8 15 13
    31 39 15 40 20 25 6 18 5 28 2 29 19 16 37 27 21 13 35 32 10 12 30 41 38 22 17 7 23 24 9 1 14 33 8 11 26 36 34 3 4
    16 2 7 10 8 22 30 6 4 34 38 40 20 17 21 31 25 23 5 11 36 24 28 27 41 12 35 13 32 15 19 18 14 37 26 1 39 29 9 33 3
    27 26 30 28 6 20 4 18 19 11 8 41 22 10 35 21 3 39 38 13 5 36 25 7 29 9 23 31 14 33 17 1 37 34 32 16 40 15 12 2 24
    22 23 10 15 12 19 35 2 37 33 39 31 30 7 27 11 26 1 9 28 18 13 16 4 21 40 6 14 3 32 20 24 41 29 8 5 38 25 34 36 17
    19 34 3 1 24 21 37 17 31 27 10 26 22 23 7 38 32 28 8 36 41 39 35 9 12 25 4 40 2 29 11 18 33 6 20 13 30 16 15 5 14
    34 41 37 5 12 11 20 36 13 26 7 31 33 14 23 32 40 28 17 24 6 16 19 30 8 21 25 38 2 39 35 27 15 22 1 4 10 3 29 9 18
    24 29 9 2 23 6 12 36 19 16 35 5 40 28 1 27 13 17 10 22 3 18 8 26 4 41 31 33 39 37 21 32 15 25 20 30 7 38 14 34 11
    13 15 19 23 39 1 3 34 7 30 29 35 26 27 31 16 21 6 17 8 36 20 2 11 12 32 4 37 14 41 25 18 24 33 38 5 22 28 10 40 9
    22 34 23 10 24 40 7 26 35 33 19 17 29 8 9 18 39 1 41 20 14 4 27 28 11 36 15 32 38 37 5 25 30 3 31 2 21 13 6 12 16
    38 3 21 16 32 6 22 1 36 14 13 27 10 37 26 35 7 23 9 12 29 34 2 31 39 28 25 18 8 20 41 33 17 4 15 5 11 30 40 19 24
    35 26 27 23 16 19 25 37 24 15 4 9 1 20 5 38 6 36 29 32 14 34 8 30 12 2 11 31 28 39 18 41 17 13 22 7 33 10 21 3 40
    31 1 35 13 29 19 18 7 39 12 32 14 24 16 4 34 20 26 2 25 40 37 15 41 11 22 5 36 38 10 30 27 9 33 21 17 3 23 28 8 6
    34 20 41 19 24 5 11 36 40 7 28 4 2 26 25 39 37 14 10 38 17 31 8 6 3 23 27 9 30 12 32 22 18 35 13 16 1 33 29 21 15
    15 35 4 2 41 39 24 18 37 27 6 7 32 34 8 13 10 5 26 33 22 17 23 28 31 3 14 38 19 30 36 9 21 40 25 20 1 12 16 29 11
    12 11 8 37 17 23 1 28 30 24 14 13 20 31 10 2 35 4 9 16 5 26 29 40 21 41 22 38 36 18 34 7 33 3 25 39 27 19 15 32 6
    6 12 16 19 9 22 30 24 36 27 28 4 1 34 23 2 31 3 13 11 8 17 41 40 29 38 25 39 14 20 7 32 5 10 35 15 18 21 26 33 37
    6 9 7 15 12 35 14 13 37 19 26 23 32 40 30 17 27 11 8 34 31 25 2 36 16 24 21 41 33 20 4 10 1 18 28 29 22 38 3 5 39
    4 14 41 11 33 29 36 9 21 38 28 6 32 40 5 8 1 10 18 26 30 35 39 25 37 3 23 20 24 31 17 19 34 2 13 15 22 7 12 27 16
    33 7 40 1 17 35 19 3 18 15 22 2 6 21 14 36 28 23 26 39 4 32 38 25 31 11 20 41 5 27 8 34 13 16 37 24 9 10 29 12 30
    35 24 31 16 29 15 6 20 19 11 2 33 1 36 7 39 38 9 14 34 8 10 26 12 22 25 23 30 3 21 41 18 4 32 27 37 40 13 17 5 28
    15 41 22 4 32 26 39 12 14 6 24 16 33 20 23 25 36 10 11 28 30 17 18 40 2 5 19 9 13 3 7 38 29 27 34 37 8 35 31 1 21
    37 35 7 31 11 26 23 3 4 25 29 28 15 34 17 10 22 33 2 38 24 30 39 40 13 14 5 41 36 16 18 20 21 6 27 32 8 12 19 1 9
    40 8 4 32 31 21 23 15 35 5 38 17 7 3 13 34 29 37 12 24 16 2 1 26 20 41 11 36 9 25 39 18 33 30 22 27 19 10 28 14 6
    19 31 25 11 14 9 41 40 13 4 2 10 5 35 1 32 39 3 8 7 20 12 26 38 33 30 17 24 34 27 29 28 23 16 22 6 18 37 21 36 15
    16 21 18 15 13 22 40 3 4 6 9 33 17 26 37 12 10 23 14 5 35 19 39 8 36 28 32 1 24 34 2 41 31 27 7 38 20 29 25 30 11
    36 1 8 39 19 5 28 2 29 14 40 38 32 41 9 7 10 15 18 24 35 21 31 6 22 13 17 34 20 23 37 30 3 4 27 25 26 16 12 33 11
    29 9 40 37 24 25 4 16 1 30 33 18 6 2 21 34 13 41 31 19 27 3 5 35 12 39 36 26 32 11 8 23 17 22 14 10 38 7 20 15 28
    32 35 7 6 12 14 41 13 19 37 33 16 40 5 34 1 10 3 27 29 30 25 18 38 22 4 20 9 26 39 8 23 17 24 36 15 2 21 31 28 11
    9 16 38 18 31 2 28 39 22 6 41 33 26 15 7 10 30 23 1 12 3 19 25 24 35 20 14 27 36 29 13 37 40 5 4 8 32 17 21 11 34
    33 11 21 10 8 41 20 19 36 28 37 40 5 12 7 3 16 39 26 34 32 9 15 23 25 17 14 30 29 22 13 2 4 27 31 35 18 1 38 24 6
    14 10 11 38 19 29 21 15 23 5 32 7 31 8 1 17 34 12 30 26 22 16 25 13 37 36 18 28 35 20 9 41 24 3 27 39 33 6 40 2 4
    41 8 16 34 38 25 6 13 19 2 31 33 23 1 24 5 10 22 21 9 30 18 4 20 28 14 7 37 40 12 36 11 26 27 17 29 35 3 32 39 15
    21 18 2 27 39 19 5 14 28 4 3 6 12 25 38 29 9 30 36 13 35 32 20 1 7 22 31 23 15 8 24 33 41 11 40 16 17 26 37 34 10
    10 6 15 5 8 7 20 34 21 33 12 13 28 39 31 25 16 4 37 17 36 35 14 30 23 41 9 26 3 32 19 38 2 29 27 1 18 22 11 40 24
    8 26 41 29 2 19 34 25 4 20 22 12 31 23 21 28 6 38 37 33 36 18 17 9 5 13 1 10 27 15 40 16 7 39 32 30 35 11 14 24 3
    5 8 13 41 2 3 15 19 40 30 24 25 18 26 28 9 16 12 1 27 20 34 10 29 39 6 11 21 38 33 23 4 17 7 36 31 37 22 32 35 14
    41 8 38 24 19 27 29 15 21 14 18 35 31 28 7 1 25 6 20 5 2 39 32 11 34 17 30 26 4 16 10 33 9 37 22 23 36 13 3 40 12
    21 10 13 4 32 26 5 18 34 29 12 35 38 22 14 6 7 36 30 33 41 19 39 3 27 28 15 17 11 9 25 8 31 24 23 1 37 40 2 16 20
    31 26 9 11 25 7 15 34 37 41 8 19 20 38 1 28 33 30 27 29 5 4 24 17 36 32 12 2 6 21 39 13 16 23 14 40 10 35 22 18 3
    33 39 14 6 10 7 11 4 5 2 40 3 25 38 9 27 28 13 21 29 34 1 24 22 32 20 17 18 36 19 31 35 8 30 16 23 41 15 37 12 26
    13 17 25 26 3 22 9 4 12 2 16 39 19 41 18 29 38 6 31 11 35 7 20 15 27 1 37 21 8 10 5 40 28 14 30 32 33 23 36 24 34
    9 40 20 29 19 37 22 17 31 1 11 41 16 34 6 23 18 36 12 32 25 30 3 2 26 14 28 39 5 35 21 33 13 4 8 27 24 10 15 7 38
    15 35 24 29 10 19 9 16 26 28 4 17 27 6 12 37 32 33 5 7 8 3 36 1 38 18 21 25 22 2 13 23 31 40 34 20 30 41 11 14 39
    32 31 5 38 13 37 3 26 24 25 35 21 10 41 17 16 15 12 2 30 19 20 1 29 40 36 7 23 11 34 39 4 14 6 9 8 28 18 33 22 27
    16 12 9 2 5 17 34 30 39 3 15 41 23 10 13 4 6 35 31 19 8 18 38 1 27 32 21 28 11 24 36 33 40 26 22 7 14 37 29 25 20
    27 18 12 1 41 11 31 5 30 6 10 26 36 32 22 9 13 15 33 7 2 3 28 39 38 35 24 16 21 19 37 4 23 14 8 29 40 17 34 25 20
    33 9 40 16 20 31 35 24 26 6 19 12 29 7 4 32 14 5 13 15 41 30 2 23 36 28 17 1 18 3 22 34 8 21 10 38 37 11 27 25 39
    28 21 15 37 14 12 36 40 35 39 6 13 22 31 41 7 33 27 5 25 38 9 26 2 34 8 3 19 20 10 17 30 29 18 11 24 23 16 4 1 32
    30 23 25 22 16 40 27 5 8 29 38 24 4 39 12 19 35 36 15 28 14 11 10 26 18 31 34 9 6 13 21 2 3 33 20 41 1 37 7 17 32
    7 20 40 36 28 25 24 3 23 2 37 10 5 30 27 16 35 34 11 21 15 33 8 41 12 13 29 17 4 9 39 1 19 32 14 26 6 38 31 18 22
    24 33 12 3 19 37 20 14 8 16 2 41 22 17 11 31 6 10 1 13 21 9 29 5 38 7 26 23 39 18 34 40 27 25 32 4 35 36 28 15 30
    8 14 3 30 9 28 2 31 6 1 33 24 13 4 26 40 17 18 41 37 32 15 12 27 19 21 7 38 34 10 22 16 29 11 35 36 23 20 25 39 5
    34 24 14 10 35 12 36 29 5 41 2 7 1 15 37 6 38 20 25 32 39 4 18 31 26 13 40 30 19 16 21 8 33 9 17 28 27 11 22 23 3
    28 39 7 1 34 15 3 8 25 27 14 30 31 18 21 6 11 24 19 4 22 29 10 9 12 2 20 5 33 26 36 23 40 37 38 32 41 16 35 17 13

