42

    31 12 24 34 26 35 14 22 7 30 3 11 18 21 13 33 23 6 25 37 32 19 41 42 39 27 40 38 20 5 4 16 28 1 29 36 8 9 17 10 2 15
    32 11 14 35 36 26 10 42 33 24 3 9 1 41 21 12 18 4 5 20 39 19 31 27 2 8 29 25 28 13 38 23 7 30 40 37 22 6 34 17 16 15
    42 25 5 24 11 2 6 17 9 4 41 16 39 30 10 34 14 15 27 18 29 21 36 12 37 40 32 38 28 13 3 20 19 23 8 26 31 35 33 22 7 1
    23 9 12 2 35 8 22 33 1 7 11 3 29 41 31 27 21 40 36 18 38 42 30 34 26 17 39 32 13 16 6 20 28 24 5 37 15 14 25 4 10 19
    42 29 14 1 32 41 13 21 31 38 9 6 18 24 16 19 3 35 33 34 17 23 7 8 15 10 28 5 26 39 2 25 11 30 12 22 27 20 40 36 37 4
    1 37 8 39 28 17 21 13 26 33 23 16 15 42 14 35 4 5 19 29 3 27 7 40 32 34 38 9 11 10 30 31 41 24 6 12 2 22 25 20 18 36
    36 24 34 10 20 27 30 40 23 16 42 41 19 32 21 1 9 5 22 25 26 15 6 17 7 18 12 11 33 38 37 8 35 39 3 2 28 13 31 4 14 29
    22 17 26 6 2 11 37 34 9 13 41 38 15 5 16 24 27 33 14 1 23 29 3 4 12 30 35 36 8 32 19 28 40 18 10 20 31 42 25 39 21 7
    5 41 3 21 16 13 12 23 14 27 35 39 7 17 33 20 24 2 6 22 11 28 1 18 42 30 26 25 15 4 36 38 37 19 10 9 40 31 8 32 34 29
    29 6 34 36 38 9 26 17 8 10 32 22 12 40 14 13 16 19 35 30 11 4 39 5 20 28 2 31 1 41 24 21 7 15 25 33 27 42 3 18 37 23
    23 12 7 20 18 2 14 25 6 24 9 8 22 3 39 29 40 32 36 21 13 19 38 4 16 41 33 42 34 37 15 30 1 28 27 35 11 26 31 10 5 17
    36 11 19 42 1 40 38 5 17 30 6 25 10 41 39 34 24 37 26 35 18 12 20 32 13 2 14 15 3 4 27 8 31 28 29 23 7 16 21 33 9 22
    37 6 26 16 17 8 3 13 32 19 20 11 18 12 34 30 41 27 42 14 36 7 22 21 31 5 40 1 4 2 25 28 10 33 15 23 35 39 9 29 24 38
    2 18 7 3 42 17 10 36 35 33 5 15 9 40 31 6 16 11 22 19 27 29 12 25 8 30 34 24 26 39 20 37 13 41 38 32 23 21 14 28 1 4
    14 3 13 24 21 35 4 12 28 5 11 7 6 23 36 39 37 15 17 38 10 1 8 32 20 19 41 40 16 31 29 30 9 18 25 34 26 2 33 42 27 22
    3 19 16 22 10 18 26 4 7 35 42 25 5 1 27 12 9 21 34 11 28 20 36 14 2 29 30 32 6 38 17 37 15 31 24 33 39 41 8 23 13 40
    24 3 5 1 15 21 8 37 12 17 20 25 13 23 34 9 32 14 31 40 33 30 38 27 42 39 26 11 41 6 7 2 16 28 35 36 10 22 29 19 4 18
    23 12 35 11 38 24 6 10 25 39 4 42 3 26 41 16 21 5 29 8 15 40 13 17 28 36 14 32 31 20 18 22 30 37 1 2 9 33 7 34 19 27
    40 33 9 6 11 25 12 28 42 2 34 19 13 38 21 17 24 18 32 41 14 4 37 3 7 20 36 8 5 16 35 27 1 30 23 26 10 15 31 39 29 22
    28 1 8 21 30 4 26 37 17 5 40 34 18 20 38 9 27 25 14 2 22 29 42 19 39 33 3 32 31 11 16 7 10 36 15 41 13 23 12 35 6 24
    29 20 39 16 41 13 21 15 23 6 10 2 19 9 32 18 26 5 36 34 14 17 30 35 8 4 12 38 24 22 40 33 11 28 1 31 7 25 3 37 27 42
    33 10 9 18 23 2 36 28 30 3 12 41 32 1 17 37 7 27 11 16 35 29 25 39 13 38 21 5 20 34 31 24 6 26 8 40 15 22 14 42 19 4
    26 9 25 33 4 40 42 16 5 13 39 32 7 36 11 35 38 2 3 20 28 10 37 1 17 22 6 30 19 18 8 21 15 29 24 23 34 31 41 12 27 14
    21 3 25 9 19 7 11 16 35 28 36 8 23 41 18 42 33 6 37 20 13 30 39 24 22 40 1 14 32 15 2 38 10 26 31 29 5 34 27 4 17 12
    41 27 34 13 12 32 18 8 40 28 31 33 3 38 29 9 39 36 30 5 35 37 16 4 26 42 24 1 6 7 23 22 21 2 10 15 11 25 19 17 20 14
    8 38 4 5 16 22 24 37 42 32 6 34 10 40 35 31 39 26 19 17 20 14 11 2 23 36 15 12 13 18 21 25 29 30 7 1 9 28 41 3 27 33
    22 24 40 18 13 19 14 4 8 15 34 38 10 9 1 20 23 41 36 33 32 28 27 35 5 29 7 26 31 2 42 21 25 12 39 6 17 30 37 16 3 11
    40 37 6 22 36 21 33 30 31 11 1 35 15 5 27 4 25 17 28 12 38 7 3 18 29 32 19 41 23 26 20 13 2 24 14 34 42 10 39 8 9 16
    17 36 39 12 31 37 22 30 25 18 1 41 13 14 10 8 24 16 4 20 19 38 32 6 7 42 33 35 28 34 3 40 5 29 21 27 23 15 26 11 2 9
    30 6 38 37 13 16 31 34 42 1 9 23 32 7 25 24 4 12 5 10 40 36 20 35 3 21 14 18 41 33 27 22 8 15 39 2 28 11 19 26 29 17
    13 38 42 27 16 5 41 8 26 1 4 10 11 25 34 28 39 31 36 3 21 7 17 19 29 32 22 15 9 14 6 37 12 35 30 2 18 20 23 24 33 40
    30 24 4 42 26 19 34 33 12 41 3 37 17 28 20 6 1 13 29 9 38 16 27 22 31 35 23 7 36 15 40 25 10 8 32 18 5 2 21 39 14 11
    27 37 39 13 38 34 40 12 5 23 31 30 21 26 8 24 15 4 7 20 19 42 14 3 9 41 22 32 18 35 17 1 29 28 10 25 33 11 36 6 2 16
    19 10 34 21 15 42 11 3 25 2 17 38 14 32 16 27 30 26 28 7 4 37 33 29 12 6 18 31 40 41 13 35 5 36 20 1 39 9 23 8 22 24
    20 7 1 5 36 22 14 24 17 39 3 4 41 30 2 28 27 16 12 23 29 26 9 38 40 31 11 42 15 21 8 13 10 33 32 18 34 37 25 19 35 6
    2 18 35 4 41 11 21 23 19 3 31 32 14 28 6 1 16 5 36 25 42 39 22 38 9 26 33 13 7 10 24 34 8 15 12 37 20 40 27 30 17 29
    36 29 16 12 15 42 24 34 11 33 35 38 31 8 32 10 20 7 18 13 9 19 28 23 26 40 21 5 3 17 14 25 41 22 30 6 37 2 4 39 1 27
    1 17 7 35 27 9 15 40 19 38 28 25 5 8 37 31 14 21 26 34 22 16 29 2 39 36 32 23 33 13 20 11 6 3 18 24 42 12 30 41 10 4
    17 7 36 4 25 40 24 11 35 22 12 21 37 41 6 2 32 27 39 19 26 1 28 5 3 8 9 38 33 13 20 18 16 23 29 34 30 31 15 14 42 10
    9 24 38 25 31 5 30 37 15 8 2 26 6 39 36 28 13 1 35 4 10 12 32 23 19 29 3 22 11 33 7 42 20 40 21 27 18 16 41 14 17 34
    17 8 41 19 40 4 42 22 14 38 7 15 10 28 34 35 33 20 9 24 6 11 13 27 1 2 31 23 32 21 16 30 3 5 25 18 12 29 26 36 37 39
    29 40 31 21 20 11 5 7 28 6 1 38 16 41 23 15 32 19 33 35 24 3 22 9 37 4 14 2 17 18 8 12 39 36 25 42 26 27 10 30 34 13
    9 3 22 13 21 10 39 8 15 7 12 5 37 16 38 33 27 26 28 31 35 40 24 1 29 6 36 2 14 42 18 11 17 23 19 4 30 25 41 34 32 20
    11 28 4 39 30 10 25 13 16 34 24 18 27 42 3 9 14 37 21 31 26 29 33 38 12 23 17 8 40 35 19 1 22 32 2 41 36 6 5 7 20 15
    6 2 32 18 25 14 11 15 38 41 24 36 27 1 40 26 21 28 4 8 37 12 10 30 22 34 29 42 13 35 39 9 17 19 31 33 23 16 5 20 3 7
    16 23 41 33 39 18 22 36 29 25 35 42 40 34 2 27 6 5 32 37 24 13 10 15 14 1 19 8 31 30 7 12 3 38 9 11 21 17 20 4 26 28
    9 42 13 20 29 41 35 6 30 16 34 17 39 22 23 40 2 28 14 19 25 31 7 18 1 12 3 8 27 36 32 38 24 33 4 11 37 15 10 26 21 5
    21 37 17 36 32 27 39 19 31 18 11 15 20 38 28 9 42 35 22 24 25 1 4 34 5 29 12 16 13 41 2 10 26 8 14 40 6 3 33 23 7 30
    41 20 2 15 40 18 19 4 10 11 3 38 26 36 1 22 24 21 6 23 29 12 16 42 27 25 35 31 14 13 8 7 28 17 32 37 5 33 34 30 9 39
    9 2 29 23 12 5 22 20 32 37 8 38 35 15 4 13 40 26 41 33 1 31 7 27 36 42 30 11 16 3 21 19 17 25 39 24 6 34 28 14 18 10
    40 4 35 13 14 34 12 20 37 30 26 19 18 1 23 16 27 21 10 39 24 17 7 9 11 22 2 29 38 41 31 8 28 32 25 42 6 5 15 33 36 3
    29 5 37 20 33 32 35 25 10 23 2 21 13 12 1 16 14 3 38 7 34 41 19 9 17 6 15 4 8 39 40 27 28 22 24 18 11 42 36 31 26 30
    8 7 39 34 15 5 4 27 22 26 35 24 9 6 19 3 14 2 38 40 23 36 18 32 21 10 28 20 13 31 11 30 12 41 42 33 37 1 29 25 16 17
    36 20 29 30 15 33 37 5 2 16 26 41 12 31 21 14 8 19 22 6 11 24 40 10 9 7 28 32 25 23 39 42 38 34 35 13 17 3 1 4 18 27
    19 41 15 3 24 38 6 7 8 32 14 42 27 36 33 22 16 39 2 18 20 40 23 30 28 25 34 29 17 26 31 10 5 9 12 21 35 1 11 37 4 13
    16 26 42 31 30 29 3 28 21 36 23 17 9 33 34 6 38 25 4 1 14 12 2 13 19 11 22 8 5 10 20 40 37 15 18 24 32 35 27 41 39 7
    32 23 25 31 41 18 39 6 15 34 42 20 16 10 37 9 21 4 35 2 24 14 27 1 22 28 5 17 11 30 40 13 19 38 12 7 8 26 33 3 36 29
    1 41 40 37 21 35 29 15 13 32 24 39 36 23 7 6 17 28 38 4 26 18 42 30 10 25 11 33 5 12 27 19 22 3 31 16 14 8 34 20 2 9
    33 14 36 7 8 25 22 15 31 5 27 40 17 4 9 37 38 41 28 11 34 35 20 39 1 29 42 26 23 18 3 16 32 13 21 2 10 12 24 6 19 30
    32 17 1 12 18 39 27 22 6 20 11 33 8 21 25 30 13 29 7 41 16 24 15 40 28 37 35 31 9 4 23 10 19 34 14 2 38 5 42 3 26 36
    17 7 29 26 6 2 19 28 1 23 20 30 39 35 22 21 3 11 5 34 42 10 25 33 4 40 27 41 13 9 15 37 14 31 36 12 8 16 38 18 24 32
    33 39 19 29 13 24 41 23 25 31 16 21 28 10 7 18 17 11 20 35 32 15 38 42 9 6 37 30 12 8 2 36 40 5 27 34 3 14 4 1 26 22
    30 29 14 3 9 13 21 39 2 1 4 5 33 34 11 16 23 38 26 27 12 32 18 6 17 31 37 42 7 35 10 15 20 8 22 40 19 36 28 24 41 25
    8 15 9 34 16 23 26 7 29 19 20 38 2 21 1 36 35 14 28 6 39 24 12 25 10 3 17 33 18 32 30 22 41 11 5 4 31 13 42 40 27 37
    2 38 24 25 9 39 35 14 22 12 16 34 1 11 5 33 21 40 31 30 26 29 27 32 41 13 8 10 37 18 23 7 20 6 15 3 42 36 28 17 4 19
    11 3 2 40 14 12 13 1 24 15 8 27 42 34 4 5 20 10 33 26 25 35 39 23 38 28 6 7 19 32 37 31 30 22 29 41 9 21 18 16 17 36
    41 28 24 25 15 27 14 22 8 29 18 38 13 35 34 10 6 36 9 4 3 40 12 17 20 7 26 32 1 2 21 37 23 42 19 39 5 31 33 30 16 11
    7 8 17 29 6 19 10 12 42 33 4 13 36 22 27 32 11 25 28 21 38 41 14 40 20 26 5 2 15 37 24 30 34 3 9 31 16 23 18 39 35 1
    39 31 36 19 8 1 11 18 26 20 34 21 25 10 35 33 13 16 38 41 22 6 15 24 3 27 29 42 5 4 14 28 32 12 23 9 37 17 7 40 30 2
    8 16 29 33 9 35 41 19 30 12 31 28 26 11 25 1 7 23 22 3 5 40 10 37 4 42 2 34 18 20 38 17 15 39 32 24 13 27 6 36 14 21
    35 27 33 41 32 40 42 23 19 13 7 14 30 16 11 25 36 39 4 22 21 38 5 18 20 29 8 10 34 3 24 26 31 12 1 17 6 37 2 15 9 28
    36 37 16 9 18 34 1 30 4 8 12 35 19 27 20 40 26 2 17 23 14 41 11 10 39 25 24 31 13 42 15 33 32 38 28 29 22 6 21 5 3 7
    41 25 35 9 16 42 10 17 1 30 8 3 19 20 34 27 38 2 40 32 31 21 39 14 6 18 23 36 24 11 7 29 26 13 22 5 4 12 28 33 37 15
    22 11 25 7 15 28 2 8 20 14 24 39 30 38 12 33 17 26 41 23 19 9 27 5 18 16 6 21 40 37 35 10 29 4 36 42 13 3 34 32 31 1
    35 4 20 31 11 36 13 39 28 16 22 1 6 33 12 3 19 14 41 25 37 8 17 24 34 10 42 32 26 15 2 21 18 5 38 27 9 40 23 29 7 30
    5 36 40 2 9 21 42 31 33 16 14 10 4 30 35 38 34 12 22 41 32 27 24 15 26 3 29 20 17 39 8 13 28 19 37 7 23 25 6 11 1 18
    27 30 21 31 15 11 4 9 8 14 33 12 20 34 42 25 23 2 22 36 3 35 5 7 28 41 10 13 39 16 19 38 24 32 17 18 26 40 6 37 1 29
    23 8 21 11 5 20 40 16 22 28 14 29 9 13 34 36 38 19 26 41 30 1 17 25 42 24 7 31 32 35 18 33 6 3 4 10 39 2 15 37 12 27
    20 3 27 26 38 25 12 13 40 39 19 22 31 9 15 21 42 16 34 36 14 10 18 7 2 41 1 35 5 8 30 24 29 4 6 11 37 17 23 32 33 28
    18 25 2 3 15 32 19 9 11 35 39 30 17 6 10 4 24 22 5 16 29 8 21 38 31 12 1 27 7 28 42 41 20 23 13 40 33 36 37 34 14 26
    30 10 1 2 4 22 17 25 34 36 23 14 38 13 39 18 29 5 42 3 41 21 16 27 11 37 31 33 9 40 7 6 20 12 32 15 24 35 26 19 28 8
    6 25 22 35 23 34 18 36 24 5 14 37 26 29 21 11 10 2 28 9 12 38 40 7 30 1 39 19 17 42 15 41 3 13 8 33 27 16 4 20 32 31
    41 30 33 26 28 22 20 38 4 10 39 16 31 21 13 11 35 27 24 8 29 42 3 12 6 34 15 18 14 17 23 40 37 1 5 25 7 19 9 2 36 32
    32 23 34 35 4 6 39 29 15 20 11 16 19 42 28 3 10 18 37 8 25 1 14 13 33 5 38 40 27 36 9 30 12 21 7 2 17 22 24 26 31 41
    21 15 23 16 32 9 40 1 14 28 29 41 10 18 35 13 2 17 36 11 33 30 37 5 38 39 3 7 8 42 6 25 22 27 26 4 20 31 34 19 24 12
    5 33 39 4 9 7 17 41 6 20 15 14 3 36 32 16 2 31 28 21 13 22 27 37 18 35 8 29 12 38 40 26 34 11 30 19 1 24 10 42 23 25
    42 13 11 30 29 12 16 8 23 3 25 15 32 14 2 17 21 20 28 41 38 39 27 40 7 34 37 24 4 9 22 26 31 1 36 10 18 5 6 35 19 33
    34 42 2 25 12 27 24 13 15 16 26 1 38 30 28 37 11 9 20 7 39 19 5 17 10 23 14 35 33 29 41 4 22 6 3 40 21 32 36 18 31 8
    13 23 25 22 9 42 2 8 32 41 21 37 30 11 36 33 27 5 39 28 12 16 29 3 6 31 19 7 26 14 10 20 18 34 4 24 1 35 17 15 40 38
    12 18 32 20 10 30 8 38 31 42 29 13 25 39 36 26 4 19 7 15 9 24 27 14 1 23 28 6 37 11 21 34 41 16 33 2 35 5 3 22 17 40
    8 24 11 6 13 41 34 19 17 27 35 26 14 31 28 15 42 7 23 18 25 1 30 5 9 38 40 10 4 37 20 16 36 12 21 22 2 39 32 3 33 29
    17 35 34 25 1 31 15 5 26 9 18 3 11 2 23 41 6 19 14 22 27 42 28 20 13 30 36 7 16 8 24 12 33 4 40 32 37 38 10 29 39 21
    19 5 16 40 29 31 37 24 11 3 15 20 33 25 14 28 7 6 35 4 13 32 10 23 36 42 38 12 8 39 1 27 2 30 34 21 18 17 22 9 41 26
    36 19 7 13 10 32 38 20 15 41 21 23 17 14 12 9 11 8 22 2 27 26 28 16 31 1 30 33 5 29 25 3 6 42 18 37 40 39 24 34 35 4
    38 1 34 42 19 20 10 15 39 29 13 22 36 41 28 9 24 26 5 2 3 18 17 35 23 4 25 12 27 16 32 37 21 40 8 6 33 30 31 14 7 11
    39 17 22 26 20 31 21 1 13 9 40 16 28 38 24 27 6 10 37 18 32 14 23 2 8 7 15 36 3 19 5 34 42 11 41 29 30 4 25 12 33 35
    33 21 11 30 36 12 31 5 14 20 34 19 9 26 7 22 37 41 42 6 15 16 39 40 23 25 13 38 18 3 27 8 1 17 10 4 28 35 32 29 24 2
    18 16 39 6 2 11 33 41 10 36 42 25 1 32 17 37 13 35 23 4 19 26 15 28 8 22 24 7 31 29 30 9 5 27 40 14 12 21 34 3 38 20
    15 24 42 7 8 17 40 31 18 2 3 12 20 37 11 14 25 39 41 16 35 26 19 29 33 6 32 21 1 23 28 36 13 22 10 5 27 38 34 9 4 30
    13 41 30 6 1 8 29 3 17 23 7 35 26 25 16 27 34 20 15 21 33 10 42 19 11 5 9 22 2 4 28 32 24 18 14 37 36 40 39 31 38 12

