43

    15 23 21 28 11 29 25 30 36 9 4 43 2 40 16 37 3 6 26 12 34 32 5 20 13 24 8 19 31 17 39 33 42 38 14 22 18 10 27 35 1 41 7
    39 22 8 16 7 43 32 34 9 29 27 31 12 2 14 41 33 42 15 21 23 11 40 20 1 6 35 37 13 18 19 25 10 3 5 36 4 38 17 24 30 28 26
    30 3 19 15 38 11 22 5 39 4 1 8 36 2 6 41 33 43 17 21 42 37 7 35 20 10 25 16 13 23 18 24 9 40 14 27 26 31 29 28 34 12 32
    24 2 41 19 26 12 7 18 8 38 1 36 40 32 22 13 17 28 27 31 30 6 39 21 43 16 3 37 23 11 25 10 42 15 14 5 34 20 33 9 4 35 29
    39 27 16 35 23 40 43 24 1 33 7 17 14 28 34 18 4 6 29 12 22 21 36 25 15 26 32 11 2 20 41 38 42 31 13 37 9 3 8 30 19 10 5
    35 12 13 41 9 15 29 36 18 37 22 34 16 20 42 26 6 21 5 23 24 40 43 39 19 7 30 33 11 3 38 10 4 28 31 8 32 27 17 25 2 1 14
    27 17 42 19 30 29 24 21 31 22 11 13 18 28 39 37 4 34 33 40 3 9 14 5 23 25 1 6 12 10 16 36 2 38 35 41 32 20 7 8 15 43 26
    25 36 40 10 19 32 39 14 15 5 6 23 20 43 41 18 21 37 24 27 38 13 9 1 3 28 17 30 16 12 29 11 42 4 31 33 26 22 7 35 34 8 2
    28 16 38 31 33 39 2 22 23 12 10 30 35 3 29 19 41 32 40 7 5 17 18 36 34 9 37 20 1 21 27 42 13 4 43 14 24 15 11 25 26 6 8
    19 17 21 36 26 39 15 30 29 33 11 40 35 8 38 13 31 24 34 25 9 41 4 12 22 32 20 23 2 10 16 27 1 18 42 28 3 14 6 37 43 7 5
    9 27 42 31 12 25 17 28 18 34 36 5 15 29 2 1 30 7 40 22 19 35 37 14 39 41 43 26 20 8 38 11 10 3 16 33 6 23 24 4 13 21 32
    13 10 9 23 32 26 30 24 36 35 7 5 18 42 39 31 40 8 29 4 11 3 20 37 28 33 16 1 38 17 21 14 6 34 15 22 2 27 25 12 19 43 41
    27 17 37 19 13 28 30 25 41 7 11 15 43 23 14 31 21 1 22 32 38 5 33 26 2 8 3 10 6 35 24 40 18 39 16 34 12 9 20 36 42 4 29
    31 18 6 4 7 9 22 13 30 39 21 10 15 2 24 3 38 42 14 8 16 25 23 1 19 11 5 35 37 26 41 12 36 29 32 20 28 43 40 17 33 27 34
    6 16 27 32 5 10 26 22 3 4 13 19 31 8 24 40 9 43 28 36 37 35 38 21 30 12 33 42 29 25 11 18 23 20 34 41 14 39 1 2 7 17 15
    29 8 22 13 26 32 20 35 6 27 2 16 1 33 28 34 23 43 30 5 19 21 18 39 10 9 3 38 14 25 7 42 40 37 41 36 11 17 15 4 24 12 31
    18 10 23 17 33 19 29 42 4 31 24 27 5 30 21 3 26 13 12 6 14 25 7 38 8 34 37 39 35 15 28 32 2 36 40 22 11 43 41 16 9 1 20
    16 13 32 29 43 23 5 35 11 37 2 9 1 33 4 31 20 41 36 19 34 40 14 22 27 39 12 7 15 38 8 24 25 17 3 6 42 21 26 30 18 10 28
    17 42 14 27 4 15 39 5 3 1 35 19 34 38 23 7 37 10 12 9 28 8 21 32 29 40 36 22 11 16 41 13 20 18 6 30 2 31 26 43 25 33 24
    43 7 16 32 18 9 40 30 38 39 34 3 29 6 2 23 42 5 4 21 10 17 24 35 28 22 20 25 15 33 37 26 27 31 13 8 41 19 12 14 11 1 36
    30 7 24 43 9 2 33 13 23 17 41 14 35 8 4 20 31 6 39 36 3 28 18 16 22 1 11 27 21 5 37 25 38 34 32 26 10 40 42 12 15 19 29
    4 38 6 21 30 22 3 15 11 41 28 8 40 17 42 19 24 12 43 32 33 10 27 9 1 7 2 26 14 35 37 5 23 20 16 18 25 34 39 29 13 31 36
    18 22 15 29 23 28 31 26 5 41 34 37 19 24 12 3 20 25 21 36 42 2 32 43 14 10 8 13 11 1 27 7 35 9 30 4 38 6 16 33 17 39 40
    25 15 23 28 34 1 3 11 33 35 36 4 6 12 8 9 19 41 5 40 43 26 29 17 13 20 16 42 30 32 10 27 37 18 7 21 2 22 39 14 38 31 24
    39 42 43 35 12 1 23 11 30 18 27 17 21 36 22 19 32 31 15 4 25 6 5 40 28 34 20 37 41 2 3 33 9 13 29 16 8 24 38 10 26 14 7
    42 23 30 40 20 24 6 11 35 28 34 41 14 21 2 9 13 1 32 8 17 27 37 7 12 36 19 4 26 43 25 29 22 3 33 31 18 38 5 39 15 10 16
    25 6 19 7 8 43 18 10 23 39 27 2 5 36 22 40 20 3 33 35 32 9 41 38 12 42 11 13 1 29 4 34 17 21 16 31 14 26 15 30 24 37 28
    39 21 12 2 38 43 29 24 19 31 41 42 15 10 23 1 7 25 13 37 27 26 16 20 22 3 28 36 5 34 14 30 35 32 4 8 9 17 6 40 33 18 11
    39 40 31 28 38 37 3 16 8 22 24 29 33 9 23 20 42 4 11 12 30 6 2 41 14 36 17 19 34 13 21 43 27 10 26 15 5 7 18 25 32 35 1
    4 19 12 13 17 1 24 6 8 20 41 2 26 32 10 38 39 9 16 21 28 27 25 37 23 42 22 11 15 5 33 34 30 31 43 18 40 3 35 7 36 14 29
    32 22 2 39 21 7 43 12 30 42 36 35 11 40 33 23 13 20 26 18 5 16 8 14 9 31 38 37 25 1 4 17 10 3 6 15 29 19 27 34 24 28 41
    11 12 41 9 6 31 43 40 22 1 21 35 5 14 10 34 16 19 20 4 24 26 25 30 39 36 7 8 42 13 15 28 23 29 2 37 38 3 18 33 17 27 32
    11 6 38 28 4 12 10 42 29 34 41 43 30 40 36 21 2 19 33 1 24 20 3 14 9 32 13 35 15 16 37 17 8 25 23 18 22 27 5 39 26 7 31
    28 26 20 7 11 27 8 35 37 32 31 21 9 2 3 13 19 4 10 16 41 42 30 38 14 40 5 34 1 23 15 22 43 39 36 33 18 17 6 24 29 12 25
    9 41 1 36 2 21 33 17 34 10 13 35 39 12 16 20 7 19 40 38 4 15 30 26 31 25 43 23 3 37 14 6 27 29 28 42 11 24 5 22 32 18 8
    38 37 41 25 19 16 12 30 7 11 33 28 24 18 5 26 10 2 32 14 40 17 22 29 36 23 4 21 27 35 6 13 9 1 43 34 20 3 8 42 15 31 39
    34 14 33 15 42 30 8 22 41 17 20 35 3 13 28 7 9 5 12 25 29 16 4 37 24 39 43 19 38 11 18 32 23 26 27 40 10 21 36 2 1 31 6
    18 17 7 37 35 39 31 16 8 9 14 5 19 34 29 24 25 27 21 41 42 4 28 6 32 30 13 20 43 2 10 23 38 33 3 26 40 1 12 22 11 15 36
    34 15 3 19 41 35 18 36 31 22 42 33 26 21 10 5 9 20 27 4 43 14 8 25 2 13 39 16 1 37 23 7 32 38 24 11 30 12 17 28 29 6 40
    20 33 21 22 18 14 10 37 16 23 9 8 40 39 28 19 24 7 27 6 38 25 11 41 35 26 42 31 29 30 13 3 15 1 43 17 5 12 32 34 2 36 4
    36 25 10 6 8 18 17 26 38 34 31 13 22 40 41 30 2 39 1 14 9 29 21 4 16 24 7 32 11 23 35 27 3 28 19 42 15 33 12 37 43 20 5
    25 3 8 36 32 17 21 37 5 11 10 22 18 41 31 13 6 12 4 15 28 16 40 23 26 7 1 19 38 24 33 27 43 9 39 30 2 29 20 34 35 42 14
    25 37 35 7 38 33 32 27 20 8 4 1 22 21 43 13 28 2 30 42 5 39 40 10 11 36 24 14 19 26 9 12 34 17 29 3 18 31 16 6 41 15 23
    39 6 17 12 7 22 10 43 40 5 25 34 26 35 16 9 11 37 13 18 41 30 29 19 36 14 32 21 23 4 3 20 27 33 8 31 38 1 42 2 28 15 24
    6 28 27 31 16 26 4 33 37 12 18 7 43 14 17 19 35 32 29 42 34 10 2 30 38 15 8 20 21 36 22 13 25 1 41 3 23 40 5 24 9 11 39
    2 11 3 8 34 36 38 27 10 17 19 33 37 7 32 26 5 6 20 1 22 4 35 13 28 12 31 40 21 15 43 25 18 23 14 30 41 39 42 16 29 9 24
    4 7 40 25 26 35 20 13 14 37 31 43 24 39 17 29 10 5 6 34 15 36 2 18 1 30 16 27 33 3 21 32 9 38 19 11 23 28 41 8 42 12 22
    25 1 43 42 27 22 24 36 4 33 8 28 23 5 11 41 10 19 9 34 39 35 6 12 38 7 26 13 40 18 21 37 31 32 15 2 17 20 14 30 29 3 16
    34 22 13 25 27 2 38 14 7 1 37 5 42 36 29 32 9 28 8 31 40 41 16 4 3 43 17 21 6 33 10 19 26 12 35 30 39 24 15 11 23 18 20
    36 4 26 3 1 23 43 8 20 38 11 27 29 6 28 25 2 13 33 21 37 22 15 12 42 32 17 5 34 24 14 31 19 39 30 40 35 7 41 9 16 10 18
    36 11 23 8 19 13 28 32 12 4 22 31 7 43 1 42 25 2 14 30 20 15 10 34 29 5 24 39 40 38 37 26 9 35 27 33 16 6 41 17 3 18 21
    1 38 28 43 22 35 5 36 37 17 20 25 26 30 16 33 32 27 6 34 3 40 19 12 2 13 29 9 7 18 4 39 23 41 15 10 42 14 8 11 21 31 24
    1 5 35 25 14 12 43 26 16 38 30 28 20 17 21 7 18 2 29 42 22 33 41 24 34 39 3 4 6 10 27 19 37 31 13 9 40 15 11 8 36 23 32
    35 23 40 4 20 34 6 22 3 31 39 10 13 41 33 30 14 36 38 27 12 2 15 25 26 8 21 24 1 5 17 29 9 37 19 11 42 32 16 7 43 28 18
    33 35 29 11 4 22 25 37 8 36 34 41 20 2 14 21 1 23 28 43 6 10 3 38 27 42 40 39 5 15 30 13 12 16 9 32 7 18 31 24 26 19 17
    27 2 24 16 28 42 12 41 43 22 25 10 36 37 39 20 17 1 5 35 3 32 38 29 14 21 26 33 6 34 18 13 8 23 4 40 19 31 30 9 11 15 7
    26 13 24 40 11 2 32 42 16 30 38 27 15 5 4 35 6 41 29 21 34 14 1 36 39 31 3 23 8 18 20 12 25 17 28 22 9 33 37 7 10 19 43
    42 8 12 14 30 10 23 21 13 29 22 19 41 1 38 34 40 18 6 24 15 35 28 31 36 7 43 5 37 9 2 16 26 3 39 17 33 11 4 25 32 27 20
    34 17 23 41 5 31 1 33 40 4 38 3 22 10 20 16 7 35 32 15 11 37 28 12 14 2 8 30 18 9 6 43 42 19 29 25 27 21 13 26 24 36 39
    13 38 5 20 23 17 36 10 31 42 29 19 33 35 37 15 16 11 24 28 14 34 25 18 30 2 4 6 3 39 41 27 1 9 43 12 32 22 7 40 21 26 8
    42 35 37 36 7 30 16 41 26 39 1 24 32 18 31 27 12 40 21 13 15 2 3 4 25 34 19 8 6 9 43 5 11 28 22 23 14 33 29 20 17 10 38
    15 7 34 1 42 26 33 19 14 18 32 11 12 27 30 22 13 28 29 25 2 40 8 3 38 10 17 37 43 4 23 36 31 24 16 20 35 39 41 21 6 9 5
    11 16 5 33 40 8 37 23 27 24 39 28 9 14 2 43 30 25 38 31 13 17 1 36 19 18 7 34 22 3 4 26 12 15 42 20 29 10 35 6 41 21 32
    9 31 39 12 35 7 26 37 27 16 19 36 18 1 41 33 30 28 29 17 15 8 23 13 34 5 10 11 32 6 22 40 38 42 43 21 24 14 4 3 20 25 2
    35 19 36 41 3 31 40 29 32 14 42 12 43 9 10 18 34 28 4 11 21 15 33 5 8 37 6 30 1 20 27 26 16 17 25 39 38 2 7 22 23 13 24
    13 41 23 3 25 20 27 29 19 24 26 18 15 21 2 1 12 33 35 5 7 43 9 32 39 38 14 40 37 17 6 10 36 22 11 31 34 42 8 4 30 28 16
    6 26 38 22 31 21 20 19 33 2 9 17 30 27 29 18 41 39 42 16 32 28 43 3 13 1 35 11 15 25 24 14 7 10 12 34 23 37 5 8 40 36 4
    11 27 13 10 32 3 21 29 42 4 5 35 6 9 23 39 31 38 2 12 14 24 16 15 33 22 20 30 36 26 1 19 41 7 43 37 40 25 28 34 8 17 18
    28 14 8 34 24 11 39 25 16 40 35 36 26 41 20 21 17 43 31 10 13 1 9 3 22 37 19 7 23 27 15 42 6 29 33 4 5 18 38 30 12 2 32
    39 12 2 7 19 11 3 14 40 31 41 20 21 25 30 26 27 43 35 5 32 34 37 13 8 1 17 16 4 10 38 9 42 28 6 23 29 33 15 22 18 24 36
    7 11 26 2 31 13 5 12 32 27 19 28 16 3 35 40 23 21 36 9 8 1 30 43 37 17 4 22 14 10 24 29 38 25 39 15 33 18 42 6 41 34 20
    1 2 32 15 9 39 6 41 28 14 23 18 36 31 17 27 25 13 21 5 30 35 26 7 20 40 12 4 37 38 33 22 42 43 16 34 8 11 10 19 3 29 24
    6 14 18 33 41 9 23 10 28 3 19 20 1 26 17 35 24 37 13 2 40 43 8 25 29 42 22 16 4 39 5 34 21 36 31 7 27 30 15 32 11 12 38
    5 12 21 13 7 30 1 20 14 33 31 25 2 40 34 4 28 23 36 43 11 6 10 32 39 18 3 29 38 24 8 17 19 16 27 37 22 35 42 41 26 9 15
    3 32 13 11 30 41 34 22 28 16 12 37 25 10 27 18 8 33 39 35 23 36 40 17 15 2 29 20 6 26 21 7 5 31 19 14 38 9 24 42 1 43 4
    18 26 17 36 31 6 9 37 7 28 15 39 10 27 29 23 30 33 5 19 20 1 3 41 4 43 25 11 12 2 34 40 32 22 35 42 38 24 21 13 8 14 16
    37 20 31 23 43 10 25 11 5 42 30 16 29 34 40 1 14 41 36 7 8 39 38 12 4 3 27 2 17 21 9 13 24 33 28 32 15 6 19 18 22 26 35
    15 20 29 18 4 43 25 40 32 41 16 22 23 12 26 8 36 19 28 42 38 27 9 3 21 34 17 2 6 37 7 14 35 5 30 39 10 24 33 13 11 31 1
    31 7 19 9 8 3 5 28 25 10 34 37 12 24 16 2 27 11 6 21 42 32 1 22 15 29 43 4 41 38 39 26 33 14 17 13 18 20 23 40 36 30 35
    2 5 29 4 6 20 23 18 24 31 39 41 42 28 35 14 9 25 40 26 13 15 17 33 7 3 16 43 12 38 34 19 21 30 8 22 11 37 27 36 10 32 1
    27 13 19 21 7 38 32 15 1 41 22 11 30 36 10 8 34 43 24 5 42 9 20 17 25 4 31 18 29 37 14 6 33 3 40 28 16 23 39 2 26 12 35
    42 41 14 20 43 15 3 25 4 33 11 29 1 40 10 12 21 26 32 31 35 19 5 34 8 22 2 24 18 6 36 28 38 16 13 7 37 27 17 39 9 30 23
    2 17 20 1 19 9 34 4 24 37 6 35 40 16 12 27 5 43 39 32 30 3 11 10 31 18 7 33 29 42 26 36 41 25 38 13 23 14 28 8 15 21 22
    34 4 43 13 35 10 20 25 27 15 42 29 30 17 18 11 38 21 5 39 31 37 22 12 6 28 33 9 36 14 3 24 16 8 19 26 41 40 23 32 2 7 1
    40 23 43 8 14 9 13 34 6 38 24 11 15 21 1 5 39 7 17 32 16 29 26 22 20 19 42 28 41 37 4 35 30 3 18 10 2 27 12 25 31 36 33
    35 34 13 1 27 17 9 32 21 19 6 28 36 23 33 42 2 26 12 31 22 39 5 15 24 30 14 18 43 29 37 3 11 8 4 40 38 25 10 7 16 20 41
    36 32 14 42 15 21 38 25 9 5 33 26 18 20 7 6 3 43 31 19 41 40 17 13 35 16 22 23 24 28 2 4 39 10 29 34 12 27 37 1 11 30 8
    19 15 43 18 9 31 2 41 33 16 20 39 35 37 42 36 11 4 3 21 8 22 17 14 40 1 25 38 26 30 13 12 7 24 34 10 5 29 27 6 28 32 23
    10 34 31 17 25 24 4 41 32 36 37 22 1 5 21 14 30 3 27 19 26 8 42 38 12 33 28 16 9 20 29 39 2 35 23 40 6 7 43 15 13 18 11
    9 3 43 21 35 10 34 4 23 7 14 33 20 40 16 12 25 32 17 38 30 36 18 42 15 27 22 8 13 2 6 28 26 41 29 24 19 31 37 39 11 5 1
    27 15 22 37 23 30 20 26 35 19 18 41 4 8 39 36 2 42 40 31 28 32 24 5 14 6 16 43 34 11 1 33 29 13 25 9 7 21 3 12 38 17 10
    26 41 40 37 17 21 25 35 7 9 8 14 28 42 15 32 4 31 2 13 5 3 20 22 10 11 23 1 6 38 33 18 30 29 16 36 24 27 19 34 39 12 43
    3 41 17 6 14 19 16 5 31 23 1 18 7 20 29 33 11 37 38 22 30 26 40 12 4 24 15 28 36 43 2 9 8 10 42 34 25 39 21 27 13 35 32
    39 1 19 12 20 36 13 23 31 7 6 21 3 38 43 28 35 15 40 42 8 26 41 33 16 22 10 5 17 27 37 25 9 34 4 30 2 24 32 14 18 11 29
    25 2 10 36 22 20 4 34 19 1 39 3 31 41 9 43 12 37 7 24 27 40 17 5 35 32 8 23 15 11 33 16 26 30 42 18 28 13 38 14 29 6 21
    2 7 39 4 10 33 26 38 28 23 11 25 22 16 13 30 36 6 14 12 18 17 35 29 32 1 41 19 20 34 5 8 3 42 15 9 31 43 37 40 27 24 21
    2 16 31 43 38 41 4 12 15 34 6 33 20 9 18 40 19 1 35 32 10 24 26 3 11 8 28 13 42 22 37 17 30 14 5 36 25 23 39 29 21 7 27
    15 31 1 6 34 24 40 11 5 12 17 14 27 3 20 9 41 16 30 10 38 35 28 19 8 37 23 36 2 32 43 42 29 39 18 4 33 25 22 13 26 21 7
    31 17 6 9 27 23 5 26 7 40 13 14 29 19 2 30 33 11 15 1 22 4 43 18 25 37 10 28 39 24 3 32 41 20 21 35 42 8 38 34 16 12 36
    33 19 30 14 7 6 11 37 27 13 35 16 34 28 4 22 29 15 40 5 38 23 24 3 31 25 26 18 41 20 39 42 9 8 32 10 1 12 2 21 36 17 43

