44

    7 4 35 43 9 44 26 36 19 11 10 37 2 13 29 8 3 17 40 6 27 18 25 21 31 34 24 39 5 42 20 23 41 16 12 32 14 15 33 28 30 22 1 38
    39 21 11 12 17 18 22 19 4 5 3 33 40 20 2 10 7 16 43 26 30 44 8 6 34 1 31 32 29 42 9 35 14 23 38 36 24 27 25 13 15 28 37 41
    36 30 13 41 15 9 12 38 32 1 25 2 7 6 35 17 34 40 26 3 10 33 28 27 43 19 14 31 4 44 8 16 22 37 5 20 18 21 24 42 23 11 39 29
    24 27 21 42 43 28 31 34 40 37 19 13 32 29 1 41 36 12 23 6 44 14 8 26 9 2 22 39 10 5 17 20 16 30 18 35 38 15 4 33 3 11 25 7
    3 42 2 21 19 17 26 1 31 6 23 10 16 40 44 9 13 41 5 22 8 7 4 30 34 39 14 38 35 43 36 37 25 33 27 11 15 32 20 18 24 29 12 28
    22 7 17 42 11 4 41 18 6 34 14 1 40 13 2 26 19 8 39 15 9 27 20 24 10 23 5 36 31 37 12 25 3 43 21 33 29 44 32 16 38 30 28 35
    30 20 44 14 42 33 24 7 35 16 19 43 13 22 37 29 38 1 8 5 6 23 28 34 12 21 31 26 18 15 25 27 41 11 3 36 4 10 32 40 9 39 17 2
    31 10 9 21 30 16 18 33 15 6 8 20 32 24 41 29 5 38 35 4 26 3 2 27 11 36 13 37 1 28 44 14 12 23 40 19 17 22 43 7 42 25 34 39
    39 9 25 41 30 21 28 16 36 15 13 14 5 42 29 8 2 31 17 23 34 27 6 18 32 1 33 3 43 24 20 7 10 19 35 4 37 38 12 44 40 22 26 11
    12 29 14 19 27 4 24 44 41 33 35 2 7 13 43 36 23 1 6 20 25 10 34 31 39 37 17 5 40 15 21 22 42 26 11 38 16 30 32 18 3 28 8 9
    3 18 38 25 35 33 29 6 19 17 4 9 34 16 10 28 44 40 37 36 1 14 24 5 11 13 23 43 7 42 21 22 27 12 41 30 20 2 26 8 32 31 15 39
    42 37 36 25 11 19 5 15 4 30 24 38 33 16 3 28 2 29 20 41 14 44 35 22 10 27 17 6 23 8 18 21 32 34 43 26 40 1 7 39 13 12 31 9
    24 13 7 25 9 36 15 43 42 32 35 27 37 20 18 41 19 8 14 34 6 22 10 28 3 23 17 2 5 38 31 30 12 40 44 26 39 16 21 33 29 4 11 1
    16 32 2 12 18 43 25 5 13 22 39 14 37 11 1 28 17 34 21 6 24 8 44 23 20 40 9 36 41 30 29 27 19 7 26 15 35 33 4 42 10 31 38 3
    38 32 8 12 6 17 29 9 2 31 33 23 41 35 1 5 36 16 10 42 28 22 25 21 19 4 27 43 18 44 20 40 26 11 13 15 7 24 3 37 39 34 30 14
    21 19 9 34 3 36 39 18 10 43 8 5 15 14 1 44 16 4 24 31 35 22 12 23 2 13 27 7 26 28 32 29 42 41 25 33 17 40 37 30 6 20 11 38
    25 40 18 3 24 30 43 33 44 7 19 12 36 10 32 14 8 34 20 2 39 35 37 26 21 17 27 38 5 42 13 41 29 4 16 11 15 6 9 23 31 28 22 1
    7 33 30 4 19 31 3 40 42 20 6 41 39 21 37 15 22 2 36 27 24 10 34 17 11 23 43 35 28 8 12 14 5 9 25 32 29 26 18 44 13 16 38 1
    5 32 44 6 42 38 22 24 27 20 21 11 10 13 12 25 37 3 18 19 7 33 1 31 23 14 35 40 28 9 16 41 2 29 39 43 15 26 17 30 34 8 4 36
    40 28 29 11 15 5 25 6 30 16 19 26 42 9 31 34 33 39 44 10 14 21 18 41 24 17 43 7 35 37 32 23 1 38 13 8 12 3 22 36 2 20 4 27
    18 37 31 29 21 42 23 40 32 26 3 14 41 35 33 38 5 25 1 6 8 15 36 39 30 27 10 44 11 43 24 2 34 16 17 7 13 9 19 12 22 4 20 28
    11 13 27 10 14 42 28 9 35 39 23 2 6 22 25 5 8 3 1 24 38 44 7 31 36 18 34 32 4 16 33 37 15 30 43 20 26 21 19 41 12 29 40 17
    20 13 35 8 5 19 30 29 1 37 32 42 41 21 18 33 27 16 17 15 38 26 24 25 10 7 34 23 39 9 43 11 22 31 6 2 28 36 3 12 14 40 4 44
    36 3 14 30 4 5 19 7 33 1 31 8 44 26 2 18 22 15 11 10 29 24 39 32 27 13 21 41 16 25 20 28 40 37 38 17 6 43 12 42 23 34 9 35
    31 32 30 18 28 6 7 39 24 43 10 23 34 9 17 40 8 4 16 12 13 29 37 25 36 3 35 21 2 22 15 41 5 33 11 19 42 27 1 26 44 20 38 14
    33 20 40 21 1 17 39 13 24 44 34 28 16 19 8 35 18 6 3 4 2 29 26 11 30 12 25 42 7 14 41 10 22 27 36 32 23 9 15 43 37 31 38 5
    25 20 14 26 30 38 37 34 7 11 31 22 23 13 21 3 1 10 8 18 28 41 39 44 16 24 36 27 5 6 15 43 4 29 33 12 42 2 17 19 9 40 35 32
    1 35 26 38 44 33 25 22 12 34 5 9 29 21 37 10 15 39 20 6 18 36 28 24 41 23 2 30 3 19 17 14 16 7 11 40 32 43 27 31 4 13 42 8
    32 34 23 21 18 15 33 43 38 35 22 14 20 9 26 1 37 11 41 8 25 31 16 3 29 39 27 7 4 5 19 24 42 10 12 2 30 28 13 40 17 6 44 36
    7 1 20 44 43 6 14 27 29 30 39 24 18 5 37 17 13 3 11 9 34 2 16 21 40 26 36 15 4 22 41 31 35 25 10 42 33 19 12 28 38 23 8 32
    9 5 8 22 34 3 41 6 23 37 4 14 43 44 12 25 1 11 35 16 17 29 30 39 32 26 24 38 27 33 21 7 20 19 36 31 42 18 2 40 15 10 13 28
    38 35 11 33 9 31 20 16 6 30 18 32 40 36 43 2 7 26 1 8 4 21 24 17 41 14 5 23 3 22 42 13 27 37 44 34 28 10 29 39 19 15 25 12
    33 28 40 15 6 37 27 21 42 8 14 36 12 44 20 2 3 30 4 1 23 11 35 31 18 41 16 43 7 24 13 32 39 34 22 29 5 38 19 17 25 26 10 9
    41 20 1 29 34 14 40 21 25 18 5 9 23 3 39 2 13 16 42 6 44 27 35 7 11 43 17 24 26 36 15 8 38 19 33 37 22 4 28 12 32 31 10 30
    19 23 11 31 21 25 43 33 40 30 44 34 8 16 3 32 41 28 12 42 1 18 17 29 6 15 26 22 36 9 14 10 38 39 4 37 24 7 35 13 27 20 5 2
    15 8 9 31 36 6 17 21 32 35 42 10 11 37 4 1 12 44 16 7 33 5 22 20 23 43 34 26 3 41 39 30 24 25 18 27 14 29 28 13 19 40 2 38
    16 14 15 10 35 19 33 13 36 3 7 12 38 25 32 20 2 8 5 24 41 31 28 4 21 11 1 23 22 39 18 26 17 37 27 34 42 40 6 9 44 29 43 30
    27 30 44 38 40 42 39 2 26 20 37 3 6 35 5 33 13 41 19 10 4 23 12 1 21 31 36 28 18 9 7 11 14 15 24 17 22 43 34 16 29 32 25 8
    27 38 24 41 30 3 1 10 17 36 35 11 4 23 22 8 34 13 2 19 44 37 9 29 14 43 32 5 6 16 31 15 39 28 25 20 40 26 21 33 18 12 7 42
    9 30 20 25 23 21 18 17 33 10 13 27 12 26 35 42 32 8 34 15 40 4 24 39 2 31 28 36 6 11 29 16 43 1 37 7 3 19 14 5 44 41 22 38
    16 21 3 1 41 18 39 5 10 8 20 35 36 40 23 13 24 33 2 11 17 31 29 44 9 19 7 30 27 32 22 14 42 37 38 28 43 34 26 25 12 4 6 15
    38 6 5 37 16 25 4 40 24 30 33 23 13 28 10 34 42 18 17 27 12 22 1 32 8 41 21 31 11 19 7 39 3 26 9 44 43 14 20 29 2 15 35 36
    29 22 5 21 17 11 31 30 15 32 7 36 2 4 16 14 23 44 38 6 1 12 34 33 27 26 18 20 41 40 10 35 39 28 24 37 9 13 43 25 19 42 8 3
    39 28 41 31 38 44 4 14 40 26 9 29 37 19 36 24 12 10 16 3 32 11 20 43 23 7 33 15 42 22 21 1 18 13 30 35 2 6 17 5 34 8 25 27
    12 3 25 19 41 14 21 26 17 40 15 31 1 20 8 33 37 2 23 44 32 42 35 24 5 29 9 36 6 28 39 10 11 43 22 34 38 27 7 30 16 4 18 13
    24 29 28 13 20 27 40 42 43 41 16 8 25 17 23 31 21 37 26 22 10 33 14 19 4 5 6 34 38 15 35 1 12 9 39 32 11 7 3 30 2 18 36 44
    41 36 30 40 20 28 34 21 10 4 11 25 16 38 8 15 29 18 32 31 27 5 35 43 24 3 9 22 39 19 26 23 37 14 13 1 44 7 12 42 33 2 17 6
    39 43 5 23 17 15 31 9 20 40 19 38 21 28 35 3 12 24 42 14 34 18 2 27 26 36 7 41 4 6 8 16 44 29 32 25 13 37 30 22 1 33 10 11
    24 17 18 33 2 20 22 29 41 11 40 1 7 28 31 21 19 15 25 3 42 12 44 32 43 16 8 6 26 38 14 39 13 5 4 9 34 35 37 30 27 23 36 10
    39 22 25 40 43 11 26 17 41 37 12 42 44 28 9 23 5 15 4 27 7 31 3 18 1 14 19 38 24 21 20 16 8 35 13 34 2 10 36 6 32 29 30 33
    5 35 21 2 20 4 24 9 13 25 33 31 42 23 1 22 11 19 14 8 26 29 39 32 40 7 10 3 36 38 18 27 28 41 6 15 43 34 16 44 12 17 37 30
    18 41 23 22 8 40 35 10 1 7 36 3 11 5 38 17 31 43 6 13 44 37 4 9 19 16 2 30 12 28 20 27 15 14 25 39 26 34 24 32 21 29 42 33
    37 41 32 34 31 26 17 23 13 19 10 12 28 18 9 40 11 27 22 3 43 42 35 21 16 20 24 25 14 38 8 36 6 4 2 30 5 1 39 44 29 15 7 33
    8 18 12 16 30 39 38 28 23 36 5 14 9 3 6 20 42 37 21 7 29 11 4 15 33 2 43 25 26 13 31 32 17 10 41 34 24 1 22 27 19 44 40 35
    39 25 29 33 12 18 28 17 10 38 6 43 32 22 8 37 42 27 35 14 30 36 9 7 31 21 24 2 44 16 13 4 15 3 40 20 19 5 41 26 34 11 23 1
    5 6 41 16 11 1 9 22 24 13 23 26 28 4 20 19 29 34 25 32 17 35 43 31 15 42 33 2 14 8 7 40 44 27 39 21 37 30 36 3 38 12 18 10
    21 8 44 13 37 39 12 41 34 15 2 27 5 42 19 4 24 28 29 23 35 17 7 38 3 20 30 33 16 43 36 40 11 10 26 14 31 9 25 22 1 32 6 18
    2 14 16 25 38 1 44 9 30 40 13 3 36 10 43 28 19 4 41 42 22 33 15 24 20 18 37 6 7 17 26 31 23 27 11 5 12 29 8 39 21 34 35 32
    16 6 13 32 26 14 27 35 10 12 22 1 4 36 24 2 42 7 40 39 8 25 37 9 43 11 3 21 15 19 28 34 31 18 41 20 38 30 44 23 17 33 29 5
    11 29 28 27 8 19 44 6 2 7 26 22 4 16 36 35 14 39 3 30 21 41 9 33 15 13 32 40 24 34 12 18 1 42 43 17 20 23 25 10 31 37 38 5
    33 44 32 22 38 43 16 6 31 25 23 28 11 5 40 41 42 30 8 36 35 29 37 7 10 12 4 19 15 13 24 14 27 1 3 17 18 20 2 21 34 26 9 39
    2 14 9 24 23 42 12 36 3 11 5 10 22 13 19 31 29 7 18 40 25 17 6 16 1 33 20 4 15 30 44 21 37 28 8 26 38 43 41 32 39 27 35 34
    4 13 35 42 25 21 9 43 2 33 24 6 23 12 38 29 1 5 18 19 36 10 8 28 40 7 30 14 39 44 16 32 22 37 41 26 15 31 27 11 3 20 34 17
    13 39 33 20 21 32 10 5 27 9 1 16 22 2 25 35 40 17 11 34 23 29 28 14 43 26 12 18 8 4 44 30 37 15 19 38 36 42 41 31 3 7 24 6
    33 19 39 25 8 40 9 31 26 34 37 15 2 17 16 36 35 21 32 18 24 43 14 22 11 42 7 41 28 12 13 1 27 3 4 10 44 23 29 20 5 30 6 38
    38 39 37 12 13 16 14 24 7 18 43 1 6 25 23 31 41 33 19 4 22 17 3 29 28 5 15 8 11 34 9 10 32 35 42 21 27 30 36 26 44 40 20 2
    9 26 12 10 17 6 27 33 40 34 8 2 14 11 3 39 35 5 4 23 41 20 19 7 30 18 28 24 36 32 13 44 16 43 1 42 31 21 37 25 15 38 29 22
    35 10 2 11 32 9 22 17 14 38 1 42 7 26 3 37 20 15 6 24 30 43 23 28 33 31 21 34 19 12 27 41 39 4 25 44 16 18 40 13 5 29 8 36
    22 34 33 26 9 3 44 19 28 30 21 11 14 36 42 4 17 35 1 39 29 18 2 27 38 5 40 7 43 25 32 6 37 13 15 16 31 23 10 8 20 12 41 24
    8 20 9 1 14 10 5 30 16 25 12 18 35 23 4 27 21 36 37 15 43 2 31 13 22 29 33 11 24 34 17 38 6 26 40 41 28 44 19 32 42 3 39 7
    31 28 40 18 38 43 26 44 17 13 37 6 7 35 32 20 9 3 16 36 25 2 42 19 1 23 30 12 21 8 39 15 29 33 34 27 24 11 10 5 4 41 22 14
    43 34 40 12 35 21 10 20 38 2 18 1 39 6 24 16 26 14 30 25 27 4 19 15 9 36 17 13 7 33 32 8 22 37 41 42 5 29 23 11 31 3 28 44
    2 15 3 34 10 25 24 4 14 7 19 30 1 39 18 36 22 12 26 11 13 8 32 28 21 27 17 23 41 20 42 37 35 6 31 33 43 16 38 44 29 9 5 40
    3 24 7 41 38 30 15 37 28 18 42 25 13 1 29 39 16 22 36 14 31 44 10 12 34 6 23 9 43 40 33 32 21 20 11 8 4 5 26 2 19 17 35 27
    22 41 42 4 8 11 14 28 40 12 29 1 31 2 26 44 38 16 7 27 15 3 30 10 20 19 24 9 21 35 25 36 43 17 23 34 13 6 5 33 18 37 32 39
    20 39 44 19 9 33 40 2 21 25 32 6 36 42 41 4 10 35 22 26 17 38 13 24 31 23 14 29 30 12 7 18 11 5 43 27 28 34 16 37 1 8 3 15
    34 14 11 7 35 30 13 3 20 32 31 38 4 9 15 19 2 28 36 43 40 5 22 27 42 10 17 37 33 41 18 16 26 12 24 29 8 25 6 44 1 39 23 21
    25 32 38 13 40 10 1 9 22 8 36 29 31 26 18 12 4 11 2 6 34 19 30 5 23 3 20 37 15 7 14 21 39 44 35 33 41 16 17 43 24 28 27 42
    6 26 24 15 17 5 34 28 38 41 19 35 22 1 21 30 37 29 40 8 42 18 10 33 43 44 14 39 20 9 11 31 7 25 13 12 4 16 32 2 27 3 36 23
    12 17 40 25 13 21 20 32 6 9 36 26 29 28 10 41 15 16 24 39 3 30 27 11 22 42 37 5 34 44 18 31 1 2 8 35 7 38 33 23 4 19 14 43
    43 36 24 25 2 27 16 22 29 35 15 12 18 8 10 11 33 21 28 13 40 32 19 42 17 26 20 4 14 37 39 44 41 7 38 6 9 23 5 3 30 31 1 34
    39 38 6 42 26 44 13 25 7 3 19 4 28 11 16 21 32 18 9 15 2 30 34 23 12 31 43 17 20 1 8 27 5 29 24 14 41 37 35 10 33 40 36 22
    38 37 22 20 17 41 31 13 27 33 4 21 18 9 16 34 42 19 40 44 32 1 26 2 3 7 30 24 43 11 8 39 36 14 25 35 28 10 12 23 29 6 15 5
    11 38 28 23 30 5 41 22 7 16 6 36 19 9 31 24 14 26 4 44 20 25 1 10 12 18 32 43 40 37 34 15 42 13 3 27 33 35 8 2 17 29 39 21
    25 28 2 38 32 3 9 40 18 21 42 5 29 43 36 1 35 23 33 34 12 24 15 17 7 31 14 11 10 41 26 6 39 8 22 27 37 19 16 13 30 44 20 4
    7 8 21 24 29 13 41 37 36 3 4 12 17 10 5 1 44 33 16 18 34 6 25 39 27 14 35 11 26 43 42 22 2 38 28 9 19 31 40 30 23 15 32 20
    38 27 8 26 3 9 21 41 6 10 19 15 22 14 43 25 5 29 28 24 23 16 18 39 44 42 20 17 31 13 33 4 30 36 34 12 1 37 40 7 32 35 11 2
    35 44 41 20 24 4 22 16 1 36 11 10 7 21 37 9 32 18 27 38 39 17 15 19 23 29 30 8 5 14 33 2 31 13 34 25 12 40 28 42 26 6 43 3
    9 44 7 22 38 32 37 4 35 3 34 23 20 21 36 29 42 17 33 18 31 39 40 25 27 1 15 26 13 19 24 5 12 2 8 6 41 16 11 30 14 28 43 10
    11 4 32 15 14 16 18 9 26 28 44 31 13 27 25 19 30 17 3 39 22 40 7 6 34 10 21 33 37 2 42 20 5 38 41 8 35 23 24 29 43 36 12 1
    3 35 21 7 5 11 18 40 42 44 30 8 12 27 25 31 36 10 2 38 15 29 13 6 28 16 32 4 23 24 43 1 33 26 14 22 37 17 9 19 41 20 39 34
    43 13 25 23 34 29 33 28 31 12 30 42 36 6 41 15 24 39 44 21 3 10 14 4 27 32 19 16 20 17 38 8 5 18 22 37 40 1 35 26 7 2 9 11
    20 9 21 29 11 44 31 26 34 36 32 42 39 12 7 22 5 28 40 30 41 14 23 6 27 38 13 35 24 4 25 18 37 19 8 3 43 17 10 2 16 15 33 1
    2 42 5 31 17 35 32 11 22 4 39 27 25 6 7 19 26 13 30 12 36 18 44 16 37 8 33 21 23 14 10 40 9 20 41 15 1 34 43 29 3 24 38 28
    25 1 44 24 43 41 4 17 13 33 12 16 29 8 5 38 3 26 2 32 20 7 35 14 11 31 10 21 22 30 18 37 9 27 28 6 42 15 39 40 23 34 19 36
    42 28 37 32 36 22 26 21 39 23 8 43 19 7 13 10 16 6 41 12 25 35 11 44 1 38 14 27 15 31 2 40 4 5 30 9 20 18 17 34 24 33 29 3
    1 30 2 15 44 11 18 16 36 38 43 40 25 7 3 39 37 23 28 8 29 31 14 24 26 17 6 33 9 42 27 22 20 19 41 4 35 13 34 5 12 21 10 32
    24 1 16 39 15 23 43 37 10 4 33 11 27 17 32 28 41 22 21 3 14 35 34 36 13 31 19 40 30 42 6 25 38 7 8 20 5 44 12 2 9 26 18 29
    42 26 8 35 31 12 41 6 15 14 1 33 2 5 27 28 36 24 7 34 17 39 37 23 3 32 38 43 9 44 22 40 11 10 30 19 21 18 13 20 29 16 25 4
    22 33 8 7 44 18 11 15 31 35 39 24 4 21 26 10 13 2 16 14 30 43 12 25 36 32 3 5 6 1 34 38 17 27 28 9 41 37 19 23 40 42 29 20

