45

    30 5 19 26 44 23 13 35 38 22 10 16 14 15 24 20 8 25 11 40 3 42 1 36 39 12 7 28 32 27 9 2 4 45 29 37 33 6 34 31 41 17 43 21 18
    4 38 23 21 27 37 26 45 15 40 24 1 16 14 9 3 8 5 19 11 43 22 34 39 35 12 18 20 10 28 25 13 30 29 44 32 6 7 2 36 31 17 33 41 42
    41 15 36 43 30 14 11 19 23 21 8 38 35 22 20 37 28 32 29 9 12 40 45 7 13 16 44 39 24 25 2 26 6 33 4 3 31 42 1 5 34 18 27 17 10
    44 19 29 10 16 2 45 27 37 40 42 35 4 7 34 28 38 11 9 6 36 43 14 41 1 18 25 30 15 23 8 13 17 39 26 5 20 33 21 31 3 32 22 12 24
    19 45 29 30 4 15 8 6 38 22 35 18 16 21 9 1 28 17 12 5 7 23 34 14 13 32 31 37 10 2 44 43 40 27 36 39 3 42 20 25 41 26 24 33 11
    36 23 13 7 9 42 21 26 15 11 29 41 27 22 35 32 12 43 30 34 16 14 3 33 1 20 2 44 31 38 39 6 24 8 5 10 25 40 18 19 45 37 4 28 17
    13 10 26 12 28 40 11 24 25 43 29 41 21 30 32 7 42 1 22 39 23 20 45 6 19 33 14 27 16 9 34 31 5 15 44 3 37 17 36 4 38 8 2 18 35
    2 27 35 3 20 13 44 22 12 6 33 15 42 10 39 7 34 32 25 8 4 37 11 29 41 36 16 1 26 14 23 28 38 17 31 18 9 45 21 5 24 43 40 30 19
    24 31 26 34 1 2 18 27 30 39 33 41 12 3 36 8 4 42 45 16 6 14 40 13 23 21 7 9 19 10 25 38 28 35 32 5 15 44 29 17 37 11 22 20 43
    3 5 25 2 30 39 8 21 14 32 31 20 17 35 18 34 42 36 9 7 15 27 6 28 12 22 11 33 29 40 26 16 37 24 41 23 19 44 1 13 10 43 38 4 45
    43 33 42 34 21 23 12 25 27 9 1 17 38 30 18 44 22 45 28 39 41 6 26 35 36 2 15 32 11 4 8 20 19 40 29 24 10 31 37 14 7 13 16 3 5
    20 16 40 27 21 14 34 24 41 18 17 3 31 1 4 32 23 36 15 9 26 13 8 10 12 28 45 42 29 43 39 19 6 25 33 22 35 30 2 7 38 11 44 37 5
    36 31 22 7 18 29 14 44 42 16 15 30 13 34 11 39 37 33 21 17 3 43 25 8 40 32 35 1 28 45 26 20 41 6 5 27 23 24 38 9 2 10 4 12 19
    45 10 31 7 19 43 28 35 29 36 15 42 26 33 32 24 40 2 5 30 38 14 17 6 3 4 41 16 18 1 25 8 13 9 20 39 44 11 21 22 37 34 27 12 23
    18 9 43 22 19 32 33 45 25 20 4 7 36 6 38 5 39 41 31 14 29 37 26 23 21 8 13 40 34 35 15 27 1 30 17 24 12 42 16 2 11 3 44 28 10
    5 29 34 28 10 44 35 26 9 24 11 32 38 25 41 3 21 22 12 23 42 33 2 1 17 31 15 37 18 27 4 7 36 13 14 20 39 8 6 16 19 43 45 40 30
    32 42 5 12 31 18 3 33 7 45 22 43 34 30 2 14 39 24 19 9 16 15 1 4 37 23 28 17 25 8 29 44 6 41 38 26 27 36 21 35 40 20 11 13 10
    12 41 24 42 3 16 36 11 43 31 17 19 6 30 15 25 4 37 45 1 29 44 2 28 10 26 38 7 5 13 21 32 22 8 14 20 39 35 34 18 27 33 40 9 23
    20 10 40 24 32 42 43 39 17 16 45 8 28 34 18 38 11 41 4 44 3 19 33 26 36 30 29 14 37 21 12 23 22 2 6 5 13 9 27 1 7 35 31 15 25
    27 7 21 31 22 45 40 2 15 6 30 44 34 41 23 28 11 14 1 18 26 33 37 5 32 3 43 17 9 13 35 8 12 36 38 4 25 39 16 10 19 20 29 42 24
    26 4 45 37 23 44 35 36 43 27 38 8 33 21 39 7 19 10 5 16 14 41 6 32 28 25 42 1 34 2 22 3 15 31 12 13 24 40 20 30 17 29 9 11 18
    36 1 33 35 17 34 14 38 2 44 21 9 37 15 13 22 45 23 12 5 27 7 42 3 32 40 29 30 20 26 11 31 19 10 4 24 39 6 43 41 25 28 8 18 16
    3 33 9 32 15 13 1 23 24 2 34 21 42 38 45 26 41 4 14 8 28 10 43 31 19 20 5 35 29 27 6 40 7 12 17 37 16 36 22 11 39 25 44 18 30
    27 26 35 7 25 16 28 41 29 3 21 45 17 32 24 39 19 22 38 11 2 23 30 10 13 14 12 8 9 6 31 37 33 5 42 4 40 15 36 34 44 43 20 1 18
    27 38 22 13 7 5 3 9 26 15 12 45 41 37 30 35 43 20 42 14 17 8 1 36 44 10 29 19 28 32 11 2 39 4 31 25 18 23 16 6 21 33 24 34 40
    26 32 27 24 15 35 30 25 20 21 19 40 7 18 6 37 42 8 10 28 3 11 38 36 41 45 22 44 2 23 43 33 4 29 14 17 9 34 39 16 5 1 31 13 12
    42 33 22 38 11 16 9 35 20 37 31 15 3 14 7 39 44 10 34 23 26 43 36 12 4 13 2 6 41 25 32 30 17 40 45 1 19 21 5 29 28 8 24 27 18
    40 27 12 14 25 30 4 13 45 11 42 7 43 38 41 15 17 1 33 2 37 22 28 9 31 8 6 44 29 23 20 39 35 18 5 16 19 26 3 34 32 24 21 36 10
    12 26 42 6 8 2 13 3 7 33 18 36 17 45 29 25 21 43 37 31 23 27 40 38 1 41 15 11 4 35 44 20 10 22 30 39 16 32 24 19 9 34 5 28 14
    40 4 14 24 27 38 9 31 43 20 2 42 34 3 8 5 35 23 10 17 12 28 39 37 16 41 45 19 36 11 6 21 25 29 13 33 32 7 22 44 30 26 1 18 15
    17 42 2 30 35 1 43 22 24 16 6 9 28 33 31 12 36 20 15 39 45 38 40 13 25 44 41 5 8 27 26 29 19 3 7 37 11 23 4 32 14 18 10 21 34
    40 10 42 35 33 31 12 24 2 37 20 18 5 1 17 3 28 38 30 9 21 7 4 11 6 36 13 41 44 32 23 22 45 26 19 15 43 14 34 16 29 25 27 39 8
    19 39 5 17 38 11 26 41 24 13 27 34 22 45 15 28 23 42 3 31 43 32 37 10 29 1 33 14 18 36 35 7 2 40 21 12 4 44 20 16 6 8 25 30 9
    31 3 35 23 36 19 29 33 18 45 4 30 13 15 11 24 37 2 28 7 22 16 42 5 17 32 8 26 9 34 20 44 39 12 21 43 38 25 10 6 27 1 40 14 41
    25 11 39 43 26 31 38 18 8 9 5 20 17 34 44 22 30 23 33 7 40 28 35 16 14 36 12 24 32 15 4 19 27 1 29 6 41 21 45 2 13 10 37 3 42
    38 21 27 17 13 12 23 1 37 42 40 33 32 41 44 36 28 19 5 43 4 7 10 22 9 29 11 3 30 18 25 34 24 6 39 31 2 35 26 16 8 14 20 15 45
    27 18 3 16 23 41 13 17 5 19 20 43 40 21 24 8 2 39 37 14 33 28 15 25 31 35 44 30 29 7 32 42 10 4 11 1 38 22 26 12 36 9 6 45 34
    25 29 39 27 14 41 19 26 45 37 12 7 1 22 43 4 16 32 23 17 15 3 10 11 38 40 21 33 42 24 31 36 6 35 2 9 5 8 28 13 18 34 20 44 30
    44 20 31 30 7 21 40 14 13 16 45 27 6 24 33 37 9 36 12 29 23 34 41 25 38 10 26 1 17 19 42 4 18 32 28 22 5 11 15 3 43 35 39 2 8
    36 19 25 16 5 9 15 11 37 13 39 31 32 40 27 3 34 30 20 10 42 21 28 8 4 38 2 24 45 26 18 6 14 44 41 22 43 17 7 23 12 33 35 1 29
    13 44 9 7 6 36 38 23 1 40 18 11 15 5 22 10 41 29 19 28 4 21 35 8 32 12 17 24 14 16 37 33 25 30 20 39 31 26 45 27 42 2 3 34 43
    32 21 25 18 4 14 35 42 5 40 10 16 1 9 19 34 45 39 23 44 2 41 29 38 27 11 8 15 24 22 28 13 33 6 17 7 43 30 12 37 26 20 31 3 36
    10 19 12 44 30 26 42 18 37 1 39 43 36 7 23 40 2 32 34 29 11 17 45 21 3 5 16 9 31 28 33 24 38 20 27 15 13 8 4 22 25 35 41 14 6
    6 21 16 31 8 44 24 43 38 2 35 4 41 32 45 3 26 30 29 27 10 40 11 12 9 39 33 1 36 18 23 17 42 25 19 22 15 14 5 7 20 37 34 13 28
    44 5 28 31 36 37 10 23 34 19 30 2 27 26 1 15 17 14 42 21 35 8 22 43 13 40 6 41 11 7 24 3 16 38 39 12 29 45 32 9 20 4 18 33 25
    2 1 29 28 20 39 37 43 26 10 24 23 27 35 44 33 9 41 18 17 3 38 22 45 15 30 36 5 12 40 6 34 8 16 32 7 13 42 21 4 19 25 14 11 31
    5 4 42 34 9 7 35 11 6 31 1 25 22 41 20 27 21 30 26 40 19 29 43 12 15 13 38 37 28 39 10 24 8 33 44 36 32 23 17 14 2 3 18 16 45
    4 28 34 5 8 27 16 24 13 3 29 20 22 31 32 10 42 41 18 17 45 40 26 15 1 44 36 43 2 35 33 23 25 11 21 7 19 14 39 30 37 6 9 12 38
    3 19 35 18 12 38 16 21 45 30 17 2 26 40 1 5 44 36 8 32 4 6 28 37 22 7 24 11 9 39 27 41 14 31 33 29 43 20 25 34 13 10 42 15 23
    23 9 24 12 38 30 14 17 2 39 20 33 19 5 31 40 28 18 6 32 3 34 15 37 16 45 29 22 4 21 13 10 41 8 11 25 1 44 27 36 43 35 42 26 7
    24 14 7 9 5 28 12 34 35 1 22 18 16 44 33 27 6 21 2 8 20 11 19 31 39 42 10 38 25 43 36 45 41 23 30 15 3 26 17 13 29 40 4 37 32
    14 5 11 4 12 7 9 31 43 13 45 20 24 6 35 44 37 17 16 36 42 25 33 18 32 29 26 39 2 40 38 34 30 28 3 15 22 41 10 21 1 27 23 19 8
    36 25 37 30 43 12 26 8 44 17 9 28 35 27 32 1 24 34 7 40 5 14 11 13 23 6 18 41 31 38 2 10 4 21 3 20 33 39 42 45 19 29 16 15 22
    4 2 34 5 12 14 27 38 16 17 45 15 32 18 39 40 19 13 1 43 37 33 8 9 36 3 29 26 28 31 21 20 30 11 42 44 7 24 35 41 25 6 23 10 22
    37 9 33 28 45 36 15 40 13 10 11 44 8 16 2 24 3 14 26 4 29 31 41 43 23 18 27 42 12 7 25 21 17 22 32 39 30 1 34 6 20 35 38 19 5
    14 19 37 3 21 25 10 31 30 43 26 34 15 1 22 6 2 20 33 29 4 23 27 40 36 28 7 45 39 44 24 9 8 35 16 17 32 11 18 13 41 38 12 42 5
    2 22 15 14 10 24 34 8 36 42 21 32 6 37 23 19 17 39 27 35 26 11 41 30 12 28 45 3 18 44 33 13 4 31 29 38 25 20 9 43 5 7 1 40 16
    14 20 21 28 7 43 15 24 19 17 25 18 2 10 42 31 4 30 37 12 44 8 3 22 29 27 16 45 13 23 9 38 11 26 6 39 5 36 1 35 33 40 41 32 34
    25 24 17 45 22 6 30 19 44 28 11 39 9 31 14 7 8 37 42 5 21 43 34 18 32 23 41 12 35 3 38 16 27 29 1 15 13 40 10 20 4 26 36 33 2
    39 21 32 7 42 31 36 8 18 22 6 19 11 12 38 10 44 30 20 13 3 33 37 26 4 28 23 45 17 27 5 41 9 43 25 14 24 40 35 15 1 16 29 34 2
    17 21 7 42 33 18 2 16 28 11 37 34 12 39 25 5 40 14 15 29 36 45 26 8 3 30 44 13 23 43 27 22 31 35 6 9 38 4 19 20 32 41 24 10 1
    26 13 27 33 25 9 23 24 10 11 12 1 22 7 38 16 34 36 19 42 28 32 15 31 17 3 35 5 14 39 43 18 20 30 4 8 29 40 45 6 21 37 41 2 44
    17 38 5 34 14 24 27 4 19 3 45 16 42 8 44 18 37 29 32 15 20 39 9 7 2 43 13 6 40 28 41 31 22 33 36 35 21 12 23 1 11 30 25 10 26
    40 36 4 35 17 6 29 23 30 41 18 11 7 20 13 42 33 5 3 25 38 2 31 45 14 10 44 19 28 16 32 27 43 15 8 1 34 39 21 24 12 22 26 37 9
    26 27 25 32 38 8 29 33 36 15 19 21 41 44 7 24 9 23 16 17 1 35 3 40 13 34 22 39 37 28 4 45 12 30 42 43 10 11 31 5 6 18 2 14 20
    24 28 39 6 40 23 45 18 15 35 13 10 1 33 37 30 16 27 38 3 21 12 29 32 7 36 44 41 20 43 26 2 22 31 5 8 4 25 34 9 14 11 19 17 42
    30 14 41 8 29 2 5 6 11 43 31 45 25 16 4 9 32 12 38 33 37 42 3 27 40 28 39 22 35 23 24 15 13 19 26 7 18 10 34 1 17 21 20 44 36
    30 27 37 25 8 15 29 14 31 18 23 26 38 41 17 7 10 28 42 24 3 40 1 44 2 16 43 11 21 6 4 22 20 9 33 36 13 19 32 5 45 39 35 12 34
    4 11 39 24 12 37 31 23 44 25 17 2 29 15 32 7 40 16 18 30 26 10 20 43 42 21 34 35 5 45 9 36 1 33 22 28 38 14 13 41 19 6 8 27 3
    40 26 29 37 11 38 42 17 31 14 15 5 18 20 36 13 1 41 33 25 3 28 19 35 43 27 2 45 34 10 12 16 32 8 23 22 39 6 4 21 30 7 24 44 9
    22 40 31 39 8 34 25 29 27 24 38 2 19 30 11 26 5 35 20 16 4 9 45 15 21 18 43 23 7 33 10 32 42 17 41 12 14 3 6 37 28 1 44 36 13
    3 41 12 21 37 1 38 42 39 5 8 17 2 10 33 31 13 32 34 26 4 40 45 24 36 44 22 18 43 7 9 16 15 30 23 14 35 19 25 28 20 11 27 6 29
    4 20 19 31 8 43 17 12 33 32 41 35 36 10 34 6 45 7 1 29 30 9 44 39 21 14 23 26 38 22 15 11 28 16 25 42 24 3 2 37 40 18 27 13 5
    44 26 37 28 13 32 34 15 11 45 35 3 8 23 42 41 9 40 33 22 18 12 25 17 16 21 5 43 4 1 14 7 39 2 29 6 19 30 24 38 10 31 36 20 27
    41 2 7 30 26 22 39 44 38 20 27 16 1 24 15 10 36 37 11 12 4 32 31 17 45 28 40 13 14 25 35 5 23 42 33 21 3 43 8 19 9 6 18 34 29
    7 23 27 43 21 8 31 37 26 40 1 6 9 41 2 13 29 12 3 24 25 35 17 20 16 4 28 19 45 11 14 44 34 32 5 33 42 22 10 36 38 39 30 15 18
    8 4 25 3 40 41 21 1 22 43 16 35 6 23 42 44 27 37 10 38 2 19 30 17 20 31 7 13 45 32 14 36 33 15 5 12 34 29 39 24 26 9 11 18 28
    43 10 39 30 40 9 22 27 29 4 38 17 23 12 35 34 16 25 3 41 18 11 21 14 19 8 32 44 33 28 42 36 1 6 13 5 31 20 15 45 7 2 24 26 37
    38 28 12 3 1 5 29 34 33 36 44 42 2 41 26 6 20 13 23 39 24 16 43 7 9 40 4 19 11 10 15 37 14 25 17 18 8 35 45 21 22 30 32 27 31
    38 32 45 37 41 26 5 9 27 21 34 24 39 43 13 29 22 28 12 7 11 17 35 31 23 33 19 30 40 15 20 4 14 16 8 18 1 10 2 3 42 36 6 25 44
    24 3 42 2 5 13 9 10 18 16 8 6 36 14 30 45 1 20 37 29 34 41 32 17 26 44 33 12 43 39 11 25 22 15 35 28 19 23 4 40 31 38 21 7 27
    27 9 23 2 16 26 6 18 22 34 29 42 25 43 30 20 17 24 38 13 36 35 1 37 41 15 11 19 33 3 44 31 4 7 39 10 8 32 40 12 5 45 28 21 14
    25 27 2 23 3 32 38 42 45 40 16 5 9 14 12 13 24 19 1 4 37 6 28 7 8 17 26 41 18 43 30 15 11 44 34 31 36 39 29 33 20 21 10 22 35
    36 37 2 14 35 39 22 15 1 10 30 9 7 34 20 29 31 32 8 11 33 4 16 21 28 43 40 26 13 45 18 41 24 23 17 27 5 19 3 12 25 6 44 42 38
    35 16 28 33 10 26 41 34 39 15 14 30 29 43 25 37 20 31 13 4 17 2 32 5 23 12 38 27 18 3 8 42 11 21 45 19 40 36 44 24 7 22 6 9 1
    19 42 8 23 45 30 10 13 20 24 43 26 38 12 22 33 15 3 6 35 32 7 41 11 25 29 40 2 39 17 18 34 27 31 44 5 14 37 1 16 28 36 4 21 9
    26 34 11 35 31 4 37 9 28 20 10 12 18 29 22 23 25 13 44 8 43 21 15 14 39 38 32 30 40 24 45 19 16 42 2 17 7 5 41 33 27 36 3 1 6
    22 5 37 26 3 34 6 16 25 1 20 13 31 11 36 2 24 41 29 9 40 10 28 39 14 44 21 12 30 15 17 43 32 19 7 45 23 18 33 4 38 35 42 8 27
    17 1 20 9 2 26 36 16 40 29 35 33 41 10 25 28 21 5 12 45 32 8 43 39 38 11 3 4 23 6 44 34 19 15 22 18 31 37 42 30 24 14 13 27 7
    1 11 5 17 6 24 27 9 13 44 38 7 33 8 35 3 34 16 4 45 37 23 22 18 28 14 30 20 26 41 31 32 43 12 19 2 25 40 39 29 36 10 21 15 42
    32 28 38 23 24 16 7 29 26 33 36 17 27 4 13 45 37 39 19 3 9 5 22 35 8 6 42 1 43 34 44 15 2 18 41 25 10 14 11 30 20 31 21 40 12
    31 40 35 23 9 20 34 42 41 1 45 6 29 8 25 28 38 3 15 30 14 37 18 2 17 44 13 26 22 43 19 7 36 33 32 21 39 27 12 4 5 11 24 16 10
    37 36 22 26 21 32 23 41 4 13 16 19 15 14 12 10 3 28 38 25 34 40 44 8 30 5 35 45 27 17 2 6 33 9 39 24 11 43 7 42 31 20 1 29 18
    32 10 25 44 43 4 9 30 40 17 29 15 24 37 41 6 28 33 42 5 26 14 45 8 16 1 19 3 20 11 36 21 27 38 35 23 7 34 39 12 22 2 18 13 31
    22 8 44 31 28 40 45 41 39 42 4 16 13 34 1 33 15 6 29 10 35 20 21 24 38 7 18 26 2 14 32 12 23 43 11 37 9 19 3 30 27 36 17 25 5
    43 10 32 19 1 28 13 31 12 45 42 35 16 39 6 7 9 21 41 11 2 3 34 20 36 18 37 17 23 14 5 8 22 25 24 38 4 27 29 33 40 30 44 26 15
    19 30 34 6 5 29 15 8 24 2 33 26 17 1 40 35 9 39 12 10 45 3 27 32 11 44 41 4 21 22 42 16 36 31 28 18 25 13 7 14 43 20 37 23 38
    1 17 40 30 24 23 16 13 20 31 26 22 7 25 44 12 6 2 19 35 37 34 33 5 38 11 4 43 41 29 27 9 14 39 21 28 3 8 18 10 15 45 36 32 42
    10 29 20 39 15 35 21 44 13 27 26 8 32 7 4 6 34 38 45 17 9 31 16 18 25 43 37 42 11 33 12 19 28 36 41 40 2 3 30 1 22 24 14 5 23
    4 33 37 31 9 11 35 7 34 45 8 18 41 19 21 44 39 3 15 2 29 26 20 43 12 22 36 16 38 40 30 1 28 32 14 27 24 42 10 17 13 6 25 5 23

