46

    41 12 39 8 46 10 11 7 18 33 25 17 36 34 20 3 14 32 23 38 27 40 13 9 28 22 44 26 45 43 24 19 5 37 35 15 30 4 31 6 21 16 1 29 42 2
    39 18 7 40 44 43 20 4 42 28 11 12 31 35 45 10 6 17 25 38 27 8 5 21 30 24 14 36 26 22 41 46 37 29 13 15 2 1 34 9 19 32 33 23 3 16
    45 8 5 43 22 17 29 10 31 38 35 2 36 27 6 24 16 18 20 40 46 30 23 37 44 32 33 42 4 12 25 9 7 14 15 28 1 34 41 19 21 26 11 3 39 13
    29 32 1 42 31 38 18 24 19 14 36 41 12 3 34 5 21 22 10 39 16 27 2 44 23 15 40 28 35 45 26 33 25 46 6 13 4 30 20 11 8 37 7 17 43 9
    17 37 14 42 39 41 27 10 21 13 33 4 26 19 46 35 29 44 12 6 7 36 5 38 1 20 25 32 24 2 11 30 15 3 22 18 28 16 31 43 8 45 40 9 23 34
    34 29 38 42 35 25 28 31 4 12 1 18 15 33 20 6 22 7 39 19 46 30 2 44 40 10 9 21 24 45 5 37 11 23 26 14 3 32 17 13 36 43 8 27 16 41
    23 5 3 6 4 32 42 14 34 1 26 8 16 10 41 29 45 2 28 22 39 27 7 24 21 33 9 19 35 40 12 31 30 15 13 46 44 37 36 38 11 18 43 17 20 25
    41 26 39 27 18 34 25 22 40 30 46 12 13 38 29 42 7 11 36 4 10 1 35 44 8 24 37 15 45 21 3 43 32 14 17 16 23 33 6 5 20 31 28 19 2 9
    7 2 41 26 21 8 10 17 16 40 22 42 15 1 6 29 4 5 36 23 13 32 24 35 3 38 45 25 39 43 28 46 30 12 11 44 27 14 19 37 9 31 20 34 33 18
    6 39 24 27 37 5 8 36 46 3 9 42 19 25 20 21 14 15 4 22 23 16 38 31 44 18 17 35 34 1 28 10 11 29 41 45 40 26 12 13 30 43 2 33 32 7
    39 29 33 2 27 7 3 42 9 43 31 1 36 12 24 23 13 11 44 25 38 45 32 14 41 17 18 46 19 4 40 22 28 35 15 16 37 21 30 8 10 6 20 34 26 5
    28 21 17 27 36 13 31 10 11 38 22 2 44 35 32 5 43 3 46 45 20 8 1 12 19 37 25 6 42 16 23 41 9 18 30 39 26 33 40 7 14 29 15 4 34 24
    16 37 10 38 23 3 11 46 5 33 42 34 1 4 32 27 7 40 12 6 24 26 43 20 25 36 14 35 17 41 9 30 44 2 28 31 8 45 19 22 18 21 29 39 13 15
    26 43 40 24 23 7 3 32 28 16 39 36 42 27 2 10 14 4 8 13 12 20 31 30 29 37 45 21 6 38 46 15 5 41 11 18 34 44 22 19 1 9 25 33 35 17
    12 16 11 10 33 7 20 6 24 21 42 39 3 8 15 25 37 31 28 43 5 32 44 41 46 17 1 29 22 34 19 35 36 14 23 2 40 9 26 18 30 45 4 27 13 38
    45 33 15 22 32 46 8 21 30 23 11 16 2 43 29 37 4 44 14 10 20 25 27 39 5 36 18 41 6 24 13 38 31 12 1 7 42 9 28 26 34 19 3 35 17 40
    18 36 3 29 22 28 10 9 13 21 27 42 40 41 37 12 14 34 39 44 31 38 15 16 4 33 7 6 23 24 20 1 17 5 25 45 30 43 19 32 46 8 26 35 2 11
    37 33 7 42 35 6 12 1 13 23 10 41 39 32 22 21 5 14 9 46 38 40 29 36 34 3 43 11 4 28 27 19 18 17 20 45 2 26 15 8 25 16 24 44 31 30
    12 27 3 5 13 24 29 34 16 36 30 10 46 26 42 35 11 9 20 44 8 33 41 38 6 14 23 7 32 43 18 15 31 4 39 2 37 21 19 22 40 45 1 25 17 28
    16 37 24 28 44 12 23 9 33 2 42 27 19 5 29 25 40 26 34 45 13 32 4 7 41 18 14 36 17 15 6 43 3 11 8 46 31 1 22 30 35 38 21 10 39 20
    8 46 5 39 21 35 45 43 22 16 44 19 34 42 26 37 29 30 13 15 9 27 4 28 11 7 36 23 41 33 14 24 10 31 17 38 40 25 3 6 12 18 1 20 32 2
    19 24 33 45 31 28 25 1 38 35 3 37 29 6 23 7 41 43 21 5 2 10 16 12 14 44 17 32 9 34 15 8 20 39 30 46 4 13 22 40 42 11 36 18 26 27
    37 4 2 29 17 32 46 21 14 13 1 9 23 7 18 24 38 15 45 3 43 8 35 44 28 20 36 19 42 33 25 5 6 34 39 26 31 30 16 40 10 12 11 27 22 41
    18 26 1 37 39 34 40 44 12 16 46 11 23 29 33 28 30 2 27 14 36 5 13 25 17 9 45 3 19 6 42 10 24 4 41 22 7 21 31 43 15 38 35 32 8 20
    43 2 14 29 34 46 36 10 37 24 22 27 25 45 33 28 26 30 16 6 15 3 13 31 11 21 1 18 19 40 17 41 12 32 39 44 7 38 4 42 8 35 9 23 5 20
    29 26 16 7 44 36 32 13 22 10 33 14 41 11 20 24 18 40 25 34 43 2 30 23 45 3 42 31 6 5 27 15 28 21 39 46 9 35 19 17 4 37 38 12 1 8
    22 6 24 2 14 32 8 13 34 17 29 44 43 21 12 7 33 18 11 16 36 9 1 45 41 23 5 37 46 31 27 25 30 19 39 35 4 26 3 38 15 10 42 40 28 20
    41 39 15 19 45 30 13 31 26 24 28 6 1 38 14 36 5 16 42 21 4 46 7 20 44 27 22 37 2 25 32 9 18 29 34 8 33 17 35 3 12 40 43 23 11 10
    5 7 24 32 1 27 22 11 42 29 41 13 44 17 18 8 35 16 14 39 19 34 45 21 36 33 15 9 30 10 43 28 4 6 40 31 25 2 20 23 38 37 12 46 26 3
    26 5 43 19 38 11 31 24 30 12 44 25 46 21 16 45 13 40 15 3 6 33 37 17 34 41 4 18 32 7 8 2 10 20 22 39 27 28 1 42 29 23 9 14 36 35
    10 14 35 13 7 33 26 19 22 37 44 39 16 27 1 31 3 23 8 12 24 15 32 45 46 29 41 40 18 17 2 42 25 11 21 6 36 28 5 38 9 34 20 30 4 43
    22 21 38 26 41 29 10 12 3 11 16 28 14 32 42 5 20 15 8 36 43 2 23 27 37 33 31 13 4 34 24 35 6 7 1 19 45 44 17 25 39 30 40 46 9 18
    4 39 12 42 38 36 21 15 9 37 35 34 1 20 41 8 31 27 17 44 46 23 3 29 33 30 28 45 10 13 5 24 18 32 40 11 26 6 7 16 25 14 22 2 43 19
    12 37 20 17 9 42 32 39 8 35 24 13 33 1 21 31 23 3 41 26 6 14 29 11 25 19 40 2 18 27 4 10 34 7 44 22 16 15 5 30 46 28 36 45 43 38
    15 35 9 16 36 29 45 28 14 39 33 13 40 18 11 46 26 30 43 37 20 19 34 7 12 3 22 44 32 27 25 21 5 1 6 17 23 2 42 10 8 24 4 31 38 41
    7 25 29 17 1 43 42 24 21 31 28 46 37 38 35 32 41 45 11 5 30 34 4 18 3 39 22 15 27 6 13 9 33 20 23 16 19 2 36 44 14 8 10 26 40 12
    6 21 42 27 29 15 26 38 7 10 8 28 9 46 18 22 2 30 4 44 43 24 3 40 34 23 41 39 11 25 13 19 32 36 1 5 14 12 20 45 33 37 31 35 17 16
    16 6 17 15 20 29 23 39 8 42 34 45 27 4 25 35 9 40 46 28 13 31 36 19 3 14 38 10 30 12 33 1 43 32 11 37 22 24 44 18 21 5 41 2 26 7
    9 43 44 18 37 46 10 6 33 4 14 11 45 8 5 21 39 2 38 12 42 41 34 31 25 26 22 28 20 15 13 17 23 7 16 19 29 32 40 3 27 35 1 24 30 36
    7 2 32 35 23 1 9 29 45 36 38 34 18 31 5 40 10 12 27 41 21 4 17 42 33 14 16 24 3 30 22 11 39 20 8 15 44 6 13 19 43 26 25 37 28 46
    24 45 14 2 36 9 23 31 1 18 15 13 43 28 5 21 20 35 29 25 26 6 4 40 33 3 38 7 19 32 8 39 34 16 11 10 41 46 17 37 12 30 42 27 22 44
    38 8 2 27 36 42 1 16 19 35 20 9 44 29 46 13 32 4 6 17 34 24 30 33 41 31 10 25 15 28 12 14 45 18 3 7 40 26 23 22 21 39 11 5 37 43
    18 2 14 30 7 24 35 34 38 23 11 28 13 8 20 39 42 16 36 12 31 19 43 9 29 3 37 15 6 17 25 26 44 1 5 40 22 27 46 4 45 33 21 32 41 10
    26 5 4 16 24 46 15 43 3 25 14 21 1 13 18 33 11 20 41 6 2 40 44 19 23 35 17 34 27 9 45 31 36 29 32 37 30 38 8 39 42 22 28 10 12 7
    44 19 33 31 6 7 17 2 9 29 34 41 26 10 39 27 4 38 22 23 1 21 12 25 28 8 16 30 40 45 13 3 37 24 5 46 43 15 42 11 20 14 35 32 18 36
    1 36 31 35 29 34 8 16 14 18 42 25 21 5 41 23 19 44 13 4 26 9 38 11 12 20 39 2 37 3 30 40 32 24 17 15 43 7 27 6 46 28 45 10 33 22
    32 17 36 12 24 23 13 26 15 44 27 1 19 18 29 2 28 31 42 45 33 21 9 37 38 14 6 3 16 20 25 7 10 46 34 43 30 5 40 22 11 8 4 41 35 39
    3 42 1 15 25 38 43 39 21 7 40 45 41 24 9 34 5 23 6 4 20 31 13 10 16 18 2 8 46 29 11 36 32 28 44 22 14 26 33 37 17 19 12 27 30 35
    46 10 7 41 39 29 4 30 42 17 36 40 16 15 45 23 20 2 43 26 27 12 24 6 14 37 11 44 38 8 9 34 28 25 18 13 22 5 3 31 33 1 35 32 19 21
    2 14 38 24 31 1 45 40 25 20 41 35 7 39 36 15 32 29 26 28 43 11 46 9 8 22 17 42 44 5 27 12 4 21 33 37 30 34 6 10 16 13 18 3 19 23
    29 38 1 22 31 40 3 15 35 21 4 11 24 39 5 19 28 7 8 25 10 17 32 9 33 37 6 23 18 26 44 45 2 43 30 14 46 12 34 20 41 13 16 42 27 36
    3 46 28 41 13 33 10 23 44 36 5 11 21 12 19 16 45 17 4 38 24 25 2 39 42 15 31 34 22 8 14 30 29 20 26 35 7 43 9 1 40 32 27 37 6 18
    32 18 29 20 19 36 28 25 11 7 17 38 30 23 1 31 39 9 24 41 21 16 40 33 2 44 34 42 46 26 12 5 3 8 14 15 6 37 43 27 13 4 35 10 45 22
    10 18 4 3 40 29 36 16 31 33 5 46 43 23 7 20 27 45 37 39 25 19 34 38 17 8 41 14 30 2 13 15 28 44 12 21 32 11 9 26 22 1 42 6 35 24
    30 37 15 24 46 6 26 16 32 42 7 39 13 23 31 8 1 44 34 29 35 28 5 40 25 22 43 41 21 11 17 12 38 10 20 4 33 45 9 27 36 18 3 19 14 2
    42 14 21 38 35 41 27 26 20 18 22 3 5 46 40 28 16 29 15 6 7 8 43 12 4 19 45 10 13 44 9 36 25 1 17 23 34 11 30 33 39 32 31 37 24 2
    29 11 46 33 13 8 10 9 18 45 12 38 16 39 2 23 30 40 15 43 1 7 34 44 26 5 17 37 4 35 3 20 28 19 32 24 25 42 36 31 14 6 21 41 27 22
    46 9 37 43 11 23 42 7 41 36 12 44 32 16 4 21 6 28 33 17 18 24 29 39 26 1 8 13 35 15 40 20 19 27 25 38 31 10 14 45 3 5 22 30 34 2
    45 33 14 8 9 34 19 37 16 39 30 3 20 36 21 25 32 23 18 6 26 17 44 1 11 24 12 31 46 10 7 38 22 35 42 15 29 5 40 2 41 13 28 43 4 27
    27 23 12 42 8 6 26 40 5 28 20 32 33 9 43 15 11 36 30 3 16 21 2 45 22 4 10 24 25 19 31 46 17 37 34 39 41 44 18 1 7 29 14 38 35 13
    27 15 11 17 33 25 6 42 44 16 24 19 7 20 36 14 5 43 46 26 12 9 18 28 21 1 4 8 10 41 22 38 29 3 13 40 2 30 23 31 34 37 45 39 32 35
    44 5 14 15 23 25 37 20 3 1 17 19 41 39 8 9 21 32 11 16 34 18 27 28 4 6 13 30 24 26 29 12 46 33 38 31 22 45 36 10 43 40 2 7 35 42
    6 34 37 21 38 35 18 42 27 44 36 13 7 14 1 5 10 16 31 15 26 29 25 20 22 12 19 2 28 30 23 46 39 45 17 8 24 32 43 41 11 33 9 4 3 40
    30 28 6 5 29 46 20 24 23 32 43 8 14 10 3 12 19 39 37 21 2 45 4 1 15 25 13 16 18 26 9 11 41 42 17 33 35 22 38 31 34 7 40 36 44 27
    26 17 42 31 19 40 25 12 15 46 11 13 45 22 23 32 10 9 21 38 34 6 24 1 44 43 2 20 3 18 35 36 30 41 33 4 5 28 39 27 8 37 16 14 7 29
    7 17 12 16 25 39 1 19 10 31 44 26 45 3 24 23 9 33 22 40 29 37 2 27 36 20 5 43 42 6 34 14 30 4 21 8 15 46 28 11 41 32 13 35 18 38
    29 40 35 5 9 41 24 39 28 22 6 16 33 36 46 32 27 38 13 8 34 23 10 12 11 43 20 18 37 44 3 2 7 15 42 26 1 19 30 31 45 4 14 17 21 25
    15 42 24 21 1 6 32 28 41 7 44 14 4 13 19 33 22 16 12 8 27 37 34 35 2 9 23 10 38 46 3 40 17 31 20 26 11 30 29 36 43 39 25 5 45 18
    4 45 25 40 18 27 6 7 44 36 26 1 39 11 5 31 19 35 9 24 10 21 16 23 43 38 41 12 28 42 33 37 14 46 22 15 32 29 30 20 13 2 8 17 34 3
    24 16 34 46 23 43 31 36 10 4 1 40 19 21 3 25 2 30 38 44 15 7 42 5 39 22 37 27 29 14 8 12 26 13 17 9 18 20 33 35 41 45 28 32 11 6
    26 44 9 19 23 37 35 32 12 29 36 15 20 10 42 46 17 14 45 28 13 4 33 25 21 16 34 40 3 38 27 11 1 2 22 8 5 43 7 6 39 31 24 18 30 41
    36 31 16 43 34 22 13 41 38 7 27 33 11 17 1 28 3 15 32 19 29 2 18 10 40 37 4 24 26 46 14 44 5 21 45 39 9 8 35 12 23 6 30 42 25 20
    44 9 46 30 34 43 28 8 1 24 20 11 16 22 5 35 13 21 15 14 45 3 2 27 7 31 18 26 37 4 12 40 17 41 19 33 29 23 38 32 6 39 10 25 36 42
    24 4 20 32 3 35 29 41 31 27 34 43 38 8 36 1 6 12 37 14 30 22 9 16 39 7 5 11 28 13 15 33 46 19 44 42 18 21 2 17 40 26 10 23 25 45
    22 31 46 24 2 15 21 17 27 18 7 19 39 36 14 45 35 30 43 20 33 29 4 10 42 41 8 28 6 13 44 11 5 16 26 3 38 1 23 40 12 25 37 34 32 9
    43 5 7 9 39 33 1 35 38 28 30 36 16 42 31 26 40 4 25 8 18 10 21 41 15 32 13 37 45 23 34 2 27 14 29 19 22 3 46 11 44 12 20 24 17 6
    42 25 9 14 16 33 29 20 39 44 27 21 30 6 32 4 45 23 43 3 1 26 22 5 8 24 46 10 36 35 15 18 34 38 7 19 37 11 40 31 2 28 41 13 17 12
    15 16 19 8 30 28 27 5 43 3 40 23 42 34 26 37 2 4 41 46 7 14 20 39 24 22 18 21 11 31 32 1 17 10 12 25 44 35 29 36 13 9 45 38 6 33
    10 26 22 19 16 7 46 32 12 41 3 5 38 9 2 44 42 33 29 1 8 31 45 37 36 20 6 21 11 39 30 27 17 23 35 18 40 28 14 15 34 43 24 25 4 13
    39 1 41 24 13 11 37 19 40 12 35 14 33 23 21 36 45 17 31 15 9 42 6 27 22 16 32 10 30 18 44 7 46 28 29 25 20 34 43 2 8 5 4 3 38 26
    31 44 17 16 1 7 6 24 8 38 14 2 33 10 41 11 34 27 37 29 35 3 43 19 23 13 22 12 5 30 9 46 20 32 39 18 36 25 40 21 28 45 15 42 26 4
    2 42 24 46 6 32 45 8 9 13 23 36 26 18 3 17 34 12 25 39 19 35 1 4 22 40 11 5 15 28 20 21 7 31 29 10 33 27 14 43 37 16 30 38 44 41
    26 22 17 14 13 28 8 9 43 1 45 31 41 40 29 30 24 3 16 12 46 37 36 35 21 34 18 11 32 44 19 5 6 42 15 23 10 25 4 39 33 38 27 20 2 7
    11 5 9 10 27 26 19 46 42 35 7 15 21 37 39 30 29 38 6 22 2 24 4 44 12 8 33 32 25 31 16 40 17 43 34 13 45 41 18 20 36 14 28 3 1 23
    42 6 8 28 9 4 46 13 34 3 1 35 31 36 5 2 24 45 18 39 19 23 38 7 22 40 33 11 41 29 44 37 30 15 25 32 20 27 26 16 14 43 12 10 21 17
    35 19 46 16 20 23 29 30 28 41 17 25 13 22 21 36 26 31 32 38 40 5 37 45 24 12 10 1 39 33 44 2 34 6 11 7 9 15 42 14 3 43 4 18 27 8
    39 20 40 14 26 35 8 45 34 7 10 19 2 38 16 44 1 46 27 25 11 37 22 13 9 4 28 29 42 33 12 43 17 30 18 5 3 32 31 36 15 21 24 41 6 23
    15 16 18 21 19 41 13 38 17 39 25 46 40 31 23 3 44 7 33 6 42 27 12 11 35 43 2 20 9 22 36 32 28 24 30 26 14 34 10 8 29 37 45 1 5 4
    23 22 19 1 35 14 4 38 26 2 10 44 3 13 24 15 6 30 16 31 36 25 46 41 21 32 7 39 40 27 5 20 28 17 11 33 34 9 18 45 37 43 29 8 12 42
    29 27 26 20 18 12 16 37 28 15 9 1 46 41 36 35 17 22 5 34 45 42 40 6 7 43 8 23 19 24 11 33 38 10 32 44 14 39 30 2 3 31 21 4 25 13
    3 29 45 33 19 42 28 8 27 21 43 37 16 10 23 24 17 39 41 30 22 12 4 6 11 15 32 1 2 25 9 20 31 46 13 34 44 35 26 14 18 5 7 40 38 36
    42 16 46 33 27 37 20 41 26 22 44 7 28 3 43 32 17 40 35 1 6 29 31 36 4 11 9 8 5 24 19 38 18 30 2 34 25 14 12 23 21 13 10 45 39 15
    2 32 18 3 7 43 27 9 40 5 25 24 8 4 42 6 46 39 45 21 28 10 38 14 1 13 41 37 19 36 31 20 34 11 26 44 30 16 15 29 33 35 12 17 22 23
    28 13 1 32 29 10 26 34 24 12 36 3 22 43 8 37 19 7 41 25 14 35 9 31 2 33 17 30 42 4 11 21 16 27 20 40 23 45 6 38 5 46 15 44 39 18
    6 9 35 17 38 7 12 42 15 4 18 19 27 14 28 45 1 32 13 21 40 16 20 5 29 24 10 30 26 44 25 39 11 8 41 34 31 43 22 36 3 46 37 23 33 2
    16 13 9 1 6 31 40 32 15 34 38 27 45 26 37 11 42 23 19 7 2 35 41 21 33 17 20 22 43 10 30 3 14 39 24 5 28 18 46 29 12 25 8 4 44 36
    25 5 2 8 13 24 32 6 46 9 16 12 35 45 44 30 14 27 26 29 4 33 17 11 19 20 41 10 43 1 23 7 37 22 36 15 28 3 38 34 42 21 18 31 40 39
    37 45 35 32 42 27 1 28 5 11 29 13 18 7 17 26 38 6 41 8 36 30 23 31 43 25 9 4 40 22 34 16 39 21 33 15 44 14 24 2 20 12 10 46 3 19
    33 36 43 1 20 22 28 19 10 34 17 6 38 11 2 21 27 35 42 13 29 46 18 32 8 24 31 37 15 30 44 40 4 5 3 7 26 16 39 25 12 41 9 23 45 14
    37 16 31 4 45 25 6 3 5 8 44 39 29 12 46 13 38 42 34 24 30 14 11 41 43 36 1 10 20 9 23 18 15 28 22 27 26 35 21 7 19 17 33 2 32 40

