47

    36 42 33 18 31 38 7 39 16 4 29 20 1 22 19 12 46 37 44 34 30 21 47 3 11 35 5 15 17 14 45 41 26 24 8 9 32 2 25 27 40 28 6 13 10 43 23
    15 29 9 32 4 20 42 43 46 39 8 30 41 23 7 35 37 17 11 36 24 21 45 1 13 33 6 3 34 18 47 19 12 40 44 28 26 25 10 5 22 16 31 2 38 14 27
    21 42 40 9 35 37 20 14 12 3 33 24 45 46 4 19 8 6 25 28 7 39 13 41 5 11 30 34 43 18 1 22 29 2 23 27 10 32 16 38 31 44 15 26 47 17 36
    22 2 39 38 37 23 21 35 44 26 47 30 8 32 43 15 34 41 46 13 9 24 25 4 10 5 28 19 17 14 6 45 16 1 12 7 27 40 36 42 18 33 20 29 31 11 3
    31 46 32 2 24 38 16 7 34 35 10 27 8 39 43 17 18 4 9 23 12 30 26 37 33 13 47 41 1 15 20 40 3 25 21 11 29 28 19 22 36 42 44 6 45 14 5
    36 7 11 18 42 10 21 31 45 30 46 19 43 34 9 25 27 15 28 22 29 32 16 41 8 44 40 33 17 37 6 12 4 14 20 24 26 38 1 13 23 35 5 2 3 47 39
    46 39 33 44 27 23 15 6 31 12 29 41 5 26 10 25 17 20 3 47 34 19 22 45 42 43 4 35 18 16 7 8 24 28 38 9 21 40 36 13 14 11 2 1 32 30 37
    38 12 11 7 37 46 19 6 18 25 14 31 23 21 27 17 9 20 24 36 42 45 43 44 41 4 30 2 32 22 10 8 34 40 5 33 13 47 16 29 35 3 1 28 15 26 39
    44 29 6 15 18 41 7 38 33 5 2 25 1 14 35 36 42 11 31 4 28 46 12 10 32 19 16 17 45 37 39 30 24 9 43 47 26 21 22 20 27 23 3 34 40 8 13
    27 3 32 8 39 18 37 42 4 10 36 41 43 23 34 45 13 29 31 1 6 17 35 20 11 47 24 26 33 25 28 38 40 12 5 15 14 2 7 44 22 19 30 46 21 9 16
    45 2 10 16 33 7 13 3 18 9 35 23 28 30 46 39 44 32 20 11 22 15 14 5 6 34 21 8 37 4 25 47 42 40 12 38 19 36 43 41 31 1 26 17 27 24 29
    28 11 22 9 19 29 37 7 23 40 45 2 44 1 47 13 10 38 20 34 35 41 27 4 33 17 6 24 30 5 18 21 14 32 3 42 16 8 26 46 43 12 36 15 39 25 31
    3 5 22 41 33 43 7 10 37 9 21 26 35 23 6 28 29 30 40 19 38 4 44 25 32 31 14 18 27 34 12 45 36 2 17 13 47 39 15 20 46 16 11 1 42 8 24
    24 23 1 15 17 31 6 46 12 44 29 19 11 34 43 8 3 25 18 16 21 14 10 39 41 5 22 26 47 40 32 9 20 33 4 27 45 35 38 28 2 30 13 36 7 37 42
    16 25 22 42 24 26 35 27 38 34 12 7 31 15 44 45 21 46 6 43 28 30 40 37 23 19 41 17 47 29 2 13 36 1 5 33 4 8 9 39 10 32 20 11 18 14 3
    35 4 20 24 17 13 26 36 9 5 34 8 31 3 29 11 28 33 37 6 14 1 16 41 7 45 30 23 47 44 38 15 22 12 19 39 10 43 42 21 25 2 18 40 32 27 46
    32 43 21 38 45 3 7 31 26 20 46 25 17 36 14 28 11 22 10 33 1 41 34 5 4 16 37 42 44 12 6 23 40 15 29 13 2 9 35 47 8 19 39 18 27 24 30
    28 37 29 44 24 22 12 9 36 42 26 4 35 32 41 39 18 10 40 33 25 45 11 30 31 6 27 7 5 38 15 19 23 17 47 34 8 13 46 20 2 43 1 16 21 14 3
    46 25 35 17 20 2 24 43 8 41 13 10 37 6 22 31 12 23 11 28 33 26 42 40 39 34 19 9 32 1 44 14 7 30 29 27 21 47 3 45 4 16 38 15 5 36 18
    3 9 40 15 14 12 23 41 35 24 45 8 6 30 22 32 2 33 16 27 21 28 42 37 1 36 11 43 20 5 26 18 47 38 29 4 44 19 46 39 17 25 10 7 31 13 34
    12 34 6 36 22 3 25 10 26 28 39 19 17 38 47 14 24 7 33 32 42 2 8 18 45 21 46 15 43 4 30 9 5 27 20 23 29 37 40 44 31 16 11 35 1 41 13
    39 23 32 29 27 31 41 44 13 2 26 14 11 21 12 28 4 25 46 17 35 20 16 7 37 40 36 18 45 24 9 3 33 5 8 30 15 34 42 43 1 38 6 10 19 47 22
    12 39 47 41 17 10 25 15 31 35 20 26 8 28 30 23 22 40 9 24 6 38 45 27 16 4 21 18 44 14 2 34 36 46 43 42 19 3 29 32 1 13 37 33 7 11 5
    1 3 28 37 19 23 17 33 15 4 24 25 31 10 13 40 27 47 42 46 11 26 34 32 9 30 14 5 39 38 35 36 41 2 18 45 8 6 21 29 7 44 16 20 43 22 12
    30 34 27 12 4 37 47 22 24 9 35 16 38 43 41 13 29 32 6 18 20 23 2 44 33 26 17 15 3 7 5 31 11 25 21 1 19 14 46 40 39 45 10 8 36 42 28
    26 42 40 21 27 31 5 10 45 1 28 19 7 23 39 13 46 37 11 43 12 32 41 47 25 14 24 30 29 9 20 2 36 16 22 8 38 44 4 18 17 33 3 34 6 35 15
    41 39 29 24 25 2 21 31 42 35 16 37 28 5 46 11 3 13 26 44 15 6 20 8 10 34 18 45 27 19 38 40 14 12 22 47 30 36 7 43 32 33 9 4 23 1 17
    37 3 16 14 22 6 12 8 29 7 31 4 21 39 41 23 46 2 32 38 40 44 15 47 19 25 45 30 5 18 10 43 34 33 27 36 28 17 1 13 20 35 11 26 9 24 42
    29 12 28 8 43 36 33 23 39 20 9 14 40 3 11 17 46 47 1 6 35 41 15 38 31 10 30 18 25 5 21 27 45 42 24 7 26 34 22 4 13 44 32 19 16 2 37
    33 39 29 38 25 5 17 45 11 35 4 21 34 10 44 1 41 18 28 15 20 6 7 36 42 2 23 43 13 22 8 32 24 9 46 31 27 30 40 26 3 19 37 12 14 47 16
    20 33 41 37 3 9 10 25 23 43 30 7 19 1 38 46 28 45 16 18 34 35 24 27 39 44 12 31 32 5 13 14 36 29 4 40 2 26 22 11 42 6 21 17 8 47 15
    2 42 11 16 14 36 21 25 27 28 35 46 1 24 43 4 31 23 29 3 40 9 33 6 37 47 38 22 17 30 12 8 39 26 44 45 13 20 18 41 10 7 34 19 32 15 5
    30 26 36 35 43 33 23 19 45 16 10 15 14 28 29 21 46 18 32 20 40 1 38 27 25 24 12 6 13 4 2 37 3 34 5 47 44 31 7 17 8 22 9 41 42 39 11
    37 16 40 10 35 4 38 23 14 39 43 32 3 6 33 5 8 20 41 42 27 2 30 45 26 31 18 13 29 28 1 12 15 47 22 24 17 34 7 9 11 46 36 19 25 21 44
    37 21 32 27 26 46 41 42 22 30 12 29 17 35 45 39 5 16 9 44 36 13 20 4 43 25 14 19 8 15 28 6 38 18 23 2 7 24 33 3 1 10 34 47 31 11 40
    45 2 42 40 9 26 8 20 14 22 13 11 3 46 32 25 29 36 34 10 4 24 12 39 23 21 16 44 27 5 15 31 19 7 43 35 6 28 17 47 33 1 18 30 37 41 38
    42 47 30 23 41 6 11 21 27 16 26 38 5 29 20 24 7 2 28 12 32 22 35 36 19 34 31 44 14 43 4 25 3 8 10 18 15 39 40 46 45 13 1 37 9 33 17
    33 32 28 21 42 8 37 31 38 3 15 10 13 17 6 39 5 20 30 16 46 2 24 9 12 22 34 25 40 44 18 14 26 19 35 7 45 11 23 36 41 1 29 27 47 4 43
    43 22 47 19 15 4 39 32 21 1 8 44 28 35 25 24 36 26 42 45 10 30 2 38 14 34 27 12 7 33 40 13 31 46 29 18 5 37 16 23 11 41 20 9 6 3 17
    9 18 29 45 26 28 7 33 44 36 21 24 37 11 6 27 14 34 42 23 20 22 17 32 16 43 40 30 19 31 41 5 12 2 39 10 4 38 46 3 1 13 15 47 35 8 25
    46 24 25 45 41 44 28 39 23 40 14 34 35 26 5 29 20 16 43 8 1 4 38 27 37 11 10 17 32 36 42 12 3 9 2 19 22 15 18 31 13 7 47 21 33 6 30
    15 2 45 43 4 12 25 21 18 31 44 11 16 27 9 20 22 32 41 10 7 37 46 13 39 30 5 42 19 24 23 1 36 33 40 17 3 26 34 28 35 8 6 14 47 29 38
    39 41 44 47 9 13 8 18 1 12 3 20 23 2 7 22 4 17 10 11 15 42 35 34 27 29 19 37 25 24 40 26 30 43 45 28 21 36 31 33 38 32 5 16 46 6 14
    42 46 17 4 13 10 23 24 39 27 20 41 19 9 5 12 8 30 35 16 21 26 40 28 25 34 22 3 15 11 32 44 31 43 14 33 38 37 2 29 6 7 45 1 47 36 18
    33 4 15 14 26 11 7 30 2 28 41 43 37 3 27 10 35 18 6 20 32 40 34 8 17 25 47 31 24 12 46 22 29 39 5 16 45 23 1 38 19 42 21 13 44 9 36
    2 38 28 11 31 1 47 8 5 16 36 37 6 14 27 42 22 43 29 3 34 46 40 33 10 44 9 39 17 13 4 19 25 26 12 45 23 15 20 30 24 18 32 7 41 21 35
    22 13 35 40 14 34 28 44 21 38 42 2 4 23 25 29 5 45 16 41 32 12 1 6 15 33 11 7 47 10 30 18 26 24 31 20 36 43 27 37 9 39 46 19 3 17 8
    20 16 2 11 22 7 23 41 35 29 19 24 26 33 1 6 47 37 44 14 46 10 30 43 3 39 42 8 21 36 15 38 18 32 12 4 5 40 28 45 13 17 27 31 25 9 34
    18 39 44 47 30 2 6 24 11 34 21 46 4 7 13 36 42 43 3 45 32 12 33 27 19 9 8 20 1 28 31 15 23 14 5 37 25 29 41 17 16 40 10 38 22 26 35
    15 10 17 6 38 9 32 39 1 26 3 16 8 45 34 7 43 37 28 12 18 47 23 36 42 31 46 24 40 22 41 27 13 25 35 2 30 11 4 44 21 33 29 20 19 14 5
    7 31 42 6 46 16 40 28 13 27 47 37 24 19 33 45 30 26 2 32 18 29 12 3 38 35 39 21 22 9 36 43 44 14 34 41 11 4 15 25 5 23 20 10 1 8 17
    46 11 6 12 4 2 36 28 23 17 3 9 19 24 10 8 33 41 13 15 18 35 5 47 21 29 7 43 32 1 40 39 34 22 26 44 30 14 20 38 25 42 27 45 16 31 37
    1 4 20 24 45 17 18 5 8 39 26 15 47 33 22 7 43 23 34 13 14 32 6 46 28 35 2 29 27 36 37 44 30 10 38 19 31 3 41 42 9 12 21 11 16 25 40
    14 39 21 15 16 45 35 5 38 37 30 6 36 13 18 8 40 27 25 9 12 44 31 28 33 20 4 41 19 47 10 23 22 3 17 29 42 34 2 11 1 32 46 43 7 26 24
    18 5 14 39 42 44 40 13 26 29 37 45 12 6 21 7 11 43 33 34 25 9 23 35 10 41 28 24 31 19 15 1 17 2 32 4 3 38 46 30 20 22 8 36 27 47 16
    2 20 29 24 3 22 33 37 47 8 6 9 26 21 41 12 4 43 32 39 19 38 16 25 36 27 23 18 11 15 34 1 46 42 45 17 10 30 40 13 5 7 28 14 44 35 31
    13 47 29 16 4 43 6 37 17 9 27 8 38 30 12 33 20 10 41 22 1 19 5 45 2 3 34 14 42 32 21 7 36 23 28 44 40 18 11 24 39 15 31 26 46 25 35
    35 15 40 30 27 23 29 18 39 46 34 12 9 1 45 4 20 7 14 16 19 31 2 44 28 10 32 43 13 22 11 17 38 8 26 6 33 42 5 47 36 37 41 3 24 21 25
    40 46 37 32 10 6 22 29 15 38 9 16 17 21 11 30 26 41 7 14 35 43 20 2 8 27 31 45 36 19 4 25 42 28 33 12 47 18 44 24 34 13 1 5 3 39 23
    27 15 26 24 17 31 5 33 29 22 46 35 37 8 2 44 36 30 39 14 18 12 23 43 40 34 38 1 13 41 19 11 3 9 4 42 47 10 25 6 7 28 32 20 21 16 45
    45 32 40 29 13 5 30 44 11 1 15 16 31 3 17 10 37 41 23 26 38 24 39 2 46 7 12 35 19 47 33 4 20 34 6 43 42 8 28 21 14 25 9 18 27 22 36
    25 15 22 34 20 35 44 40 26 28 47 13 42 31 36 24 33 5 10 4 39 27 12 18 11 37 14 7 1 21 17 38 23 16 41 9 29 3 2 19 43 32 8 30 46 6 45
    40 12 27 6 23 20 15 21 3 22 28 4 26 39 14 44 25 43 29 17 9 7 42 35 8 38 10 5 47 46 45 32 41 11 37 34 2 19 16 1 33 36 30 31 24 18 13
    19 43 47 25 24 6 18 44 41 38 15 20 28 37 34 12 45 4 11 3 33 8 14 22 26 5 7 27 2 13 31 1 35 32 23 17 29 46 42 9 21 40 30 10 39 36 16
    47 16 39 4 27 29 40 38 13 14 17 20 33 21 5 32 3 19 41 37 45 11 15 12 42 10 30 2 24 28 22 9 18 43 8 23 1 26 6 7 35 44 36 46 34 25 31
    41 27 9 29 10 47 21 38 39 19 33 15 40 11 8 4 31 6 13 7 30 28 5 46 1 3 2 18 16 25 36 35 24 12 43 23 44 26 22 14 32 37 45 20 42 34 17
    33 38 16 18 15 9 3 10 4 36 39 20 45 14 35 12 37 1 23 7 46 8 21 41 6 34 29 11 30 40 47 5 27 22 32 13 43 25 31 28 19 17 24 2 44 26 42
    10 43 4 22 41 27 12 45 36 19 17 11 6 18 37 28 38 35 14 2 20 46 31 26 9 30 15 13 39 29 8 1 40 32 5 7 33 24 42 23 44 25 34 21 3 47 16
    39 28 23 36 47 15 44 3 34 17 4 20 21 32 43 16 26 31 5 10 2 13 35 22 45 46 41 11 19 1 38 30 9 25 37 7 6 8 40 14 12 24 33 42 27 18 29
    12 41 26 45 46 13 40 30 20 28 8 17 44 38 22 23 31 42 14 36 33 1 34 4 19 16 18 27 2 35 3 5 10 37 39 43 25 47 24 7 9 6 21 15 29 11 32
    37 4 2 45 36 29 39 47 43 33 44 13 8 9 24 10 34 12 15 1 38 3 18 25 16 6 41 11 30 42 46 19 7 35 21 32 14 27 20 31 26 28 22 40 5 17 23
    21 8 46 1 30 23 38 34 2 31 16 42 4 33 43 9 20 10 37 24 17 15 12 29 14 22 13 5 35 25 11 32 26 39 40 44 36 45 47 3 28 18 7 6 41 19 27
    33 24 1 35 41 23 5 47 31 25 20 11 34 27 18 28 36 8 17 13 6 16 39 4 22 14 19 29 44 3 26 21 2 43 45 46 9 32 42 37 38 7 15 10 12 40 30
    9 12 41 3 34 22 29 10 21 40 25 16 2 26 4 45 43 27 17 37 24 30 33 47 31 19 15 7 42 11 28 38 44 46 35 8 39 23 18 14 20 1 5 13 32 6 36
    9 19 30 4 38 21 33 15 3 13 11 16 29 6 25 18 28 34 41 7 10 23 2 26 45 44 20 32 46 42 12 36 27 1 8 17 35 43 14 31 39 5 40 24 37 22 47
    26 12 14 40 22 35 11 8 28 4 21 6 5 27 24 43 45 9 18 20 41 34 3 37 32 39 15 19 29 2 42 17 36 16 30 33 10 38 23 46 47 1 25 13 31 44 7
    25 18 21 46 39 47 35 27 10 1 16 7 9 44 38 4 33 19 15 40 30 24 5 32 8 37 42 36 31 2 45 11 28 29 22 26 41 34 14 13 3 43 17 6 20 12 23
    41 4 30 8 38 20 14 19 17 10 33 26 16 44 32 1 15 11 28 22 6 29 3 34 40 18 47 42 12 24 13 25 27 46 39 45 21 36 23 43 31 9 2 7 37 35 5
    33 29 14 40 45 3 47 37 22 7 42 8 5 39 44 34 4 30 36 15 9 25 27 13 17 28 18 1 20 43 16 32 23 11 12 35 2 38 6 31 41 10 24 21 26 46 19
    5 31 47 29 22 16 40 36 19 30 20 24 23 4 32 43 45 28 11 13 42 10 37 33 7 34 6 14 39 9 46 44 18 1 17 8 3 25 41 38 2 26 15 21 27 35 12
    16 23 38 34 28 27 10 19 17 41 6 30 12 37 3 4 5 15 1 20 2 36 46 8 26 40 18 44 21 13 25 35 32 33 39 43 29 31 24 22 9 42 14 47 7 11 45
    43 16 23 4 30 25 2 45 26 42 21 10 9 13 12 5 40 36 18 28 17 35 3 22 32 20 7 27 37 46 44 15 8 6 39 31 41 47 1 24 14 11 34 29 38 33 19
    45 47 21 46 23 18 24 5 6 34 35 10 19 1 27 33 14 11 16 40 41 31 38 20 12 37 13 22 8 42 26 43 44 39 30 7 4 25 17 29 3 2 32 28 36 15 9
    36 31 18 46 1 19 5 27 24 26 13 33 20 21 30 4 3 10 23 43 2 44 28 12 11 8 40 7 35 38 6 15 29 14 16 17 34 22 25 41 47 45 42 37 39 32 9
    10 24 40 1 34 29 37 26 20 45 14 7 27 13 23 39 35 47 22 32 28 38 25 43 21 3 41 8 44 4 36 15 46 5 42 16 17 30 2 18 12 33 6 9 19 11 31
    40 10 38 16 18 29 17 26 8 47 14 44 42 46 41 34 1 30 22 6 24 19 21 45 7 23 32 33 37 20 4 28 35 5 9 27 39 2 31 36 12 43 13 3 15 11 25
    46 8 33 15 24 43 12 36 3 21 13 44 4 47 27 35 11 10 34 22 9 17 28 37 18 39 20 31 32 42 45 40 41 5 7 16 25 23 26 19 6 14 29 1 2 30 38
    21 34 9 23 36 42 18 35 26 46 29 20 3 2 12 8 27 7 39 6 37 24 14 33 19 40 10 32 47 30 43 16 38 15 22 5 11 1 45 44 31 17 25 41 4 13 28
    28 30 33 7 32 9 35 6 41 23 25 36 29 12 39 16 43 17 11 21 42 38 24 18 31 3 10 20 47 2 27 4 15 40 22 19 14 45 34 26 13 37 1 44 5 8 46
    6 38 2 3 1 26 23 39 41 22 15 25 40 5 11 24 43 32 44 47 30 35 4 33 7 29 36 17 42 18 12 45 16 27 19 9 46 13 14 20 21 34 37 10 31 28 8
    12 31 23 30 26 19 6 22 5 8 47 27 17 39 40 44 24 18 28 3 46 37 33 25 43 9 14 21 11 1 36 29 42 38 45 4 7 13 34 41 16 32 15 10 20 35 2
    39 26 7 18 25 16 27 40 36 46 1 3 37 31 4 44 12 34 15 23 42 29 22 10 35 9 38 30 19 28 21 6 11 24 32 14 13 43 5 2 20 45 47 33 8 17 41
    11 22 31 9 19 42 6 18 29 28 44 46 43 13 47 39 16 12 35 37 20 36 3 34 32 14 5 4 7 23 45 8 41 17 10 1 40 21 33 30 2 38 24 15 26 25 27
    6 40 36 45 27 8 24 29 28 20 19 10 34 18 46 16 13 37 15 39 22 14 26 21 7 38 32 25 3 12 9 33 2 41 1 23 44 4 5 47 42 11 31 17 30 43 35
    45 11 16 6 35 10 27 33 4 47 36 38 29 3 40 25 44 46 37 43 24 22 7 15 34 14 23 2 32 39 1 41 5 9 12 17 13 42 8 18 26 21 20 28 31 30 19
    39 24 12 37 26 17 1 38 6 42 32 35 43 15 8 23 10 4 11 45 9 19 29 40 16 30 41 47 44 28 31 7 34 33 22 46 25 14 3 18 21 36 20 13 27 2 5
    13 32 44 5 12 28 19 26 9 6 27 2 4 7 39 8 11 30 46 42 47 29 41 43 40 21 45 15 14 18 25 3 20 24 33 35 31 23 37 1 34 17 10 22 38 16 36
    12 44 18 34 7 22 38 19 1 28 42 21 5 24 3 17 4 39 10 26 40 14 20 35 33 43 16 6 29 8 13 30 36 15 47 46 11 27 37 45 41 23 31 32 9 2 25
    37 35 47 31 3 12 30 32 38 1 22 13 41 4 11 34 33 44 39 17 5 21 2 46 16 29 45 26 23 8 28 14 20 43 18 36 15 9 40 27 42 6 7 25 19 10 24
    41 33 35 20 30 2 3 7 9 43 21 14 28 12 23 26 4 17 44 45 11 13 47 15 24 31 29 5 27 22 38 25 8 6 42 34 19 18 39 32 40 1 37 36 10 46 16

