48

    31 43 44 39 28 14 32 19 5 47 29 42 33 15 23 2 18 8 36 13 24 4 20 12 6 45 3 35 38 25 10 1 21 46 41 27 22 17 40 7 11 37 30 9 26 48 34 16
    44 46 17 30 4 40 16 37 36 41 26 6 10 11 24 45 18 1 38 22 42 47 3 48 5 28 7 8 35 13 32 21 27 20 39 19 25 23 9 34 31 2 12 15 14 29 43 33
    4 45 5 48 10 44 17 19 6 34 41 13 18 12 36 23 11 21 7 33 37 27 2 22 32 31 39 40 28 15 30 46 24 14 38 26 29 47 3 9 20 1 42 25 43 16 35 8
    12 4 22 44 41 18 7 45 13 6 8 14 39 5 32 15 35 2 47 33 3 23 48 38 25 28 10 43 29 27 26 34 46 24 30 11 36 20 9 37 16 19 1 40 31 17 21 42
    29 4 33 15 9 42 36 6 28 31 1 2 16 19 41 3 25 46 26 43 48 14 30 32 17 8 27 40 12 18 38 21 23 13 47 44 37 24 5 22 20 10 34 39 11 35 7 45
    15 37 24 7 34 31 39 47 11 13 26 42 27 25 40 3 20 29 12 22 19 30 41 28 32 35 8 18 43 36 46 21 45 16 14 4 2 17 33 38 48 1 6 10 9 23 44 5
    25 43 48 39 13 10 32 8 27 30 22 1 46 7 37 16 36 9 15 44 14 6 29 4 3 33 41 2 34 19 17 42 24 5 35 20 38 26 23 18 12 11 28 47 21 40 31 45
    45 28 3 11 16 42 38 33 36 20 24 8 4 23 31 47 21 9 32 22 19 46 48 37 43 27 26 39 34 15 1 18 29 12 7 10 44 35 2 5 25 13 17 40 30 41 14 6
    48 28 15 27 2 34 41 3 29 7 4 31 18 14 26 24 33 45 37 16 13 25 35 44 20 38 46 10 1 12 9 32 42 21 11 30 8 39 36 19 43 22 6 40 23 17 47 5
    22 37 30 10 2 27 9 25 21 24 6 46 35 28 13 44 42 20 19 36 45 3 47 18 43 4 38 32 33 23 14 34 15 29 41 40 48 31 12 17 26 16 8 11 7 5 39 1
    1 39 8 24 25 40 7 37 26 20 38 35 30 18 10 19 17 44 12 14 5 4 32 3 46 33 45 13 2 9 31 11 48 16 47 27 28 6 42 36 21 29 34 15 22 41 43 23
    48 41 12 34 45 1 25 33 16 2 22 43 3 44 30 32 28 20 35 17 29 40 38 24 9 18 11 7 6 42 4 31 10 47 8 27 46 14 26 21 15 36 19 23 39 37 13 5
    3 35 32 5 41 31 21 27 42 38 2 46 14 36 22 29 37 47 10 4 16 33 8 23 20 26 44 24 17 43 18 13 12 39 45 19 25 7 1 6 15 48 34 40 30 9 11 28
    48 34 20 35 30 39 14 45 21 15 23 47 24 40 28 27 6 26 18 11 32 36 31 44 46 43 17 41 37 5 19 2 33 42 4 10 3 16 1 13 29 8 12 38 25 22 9 7
    14 18 5 4 2 19 3 22 6 11 10 25 17 38 48 27 34 8 39 47 30 32 40 42 9 44 36 43 41 28 46 23 15 13 35 33 29 31 1 20 7 21 16 24 12 45 26 37
    37 26 13 11 27 7 22 29 21 45 42 41 14 44 25 10 28 32 46 5 19 40 34 43 3 35 18 2 1 17 16 30 8 24 36 38 20 39 4 12 48 31 6 9 15 47 33 23
    48 6 44 7 2 38 1 23 47 5 17 3 30 20 14 10 36 28 9 15 31 19 42 13 46 12 35 16 18 22 33 21 27 39 34 25 40 26 37 8 24 43 11 4 32 45 29 41
    18 42 16 12 7 33 13 21 6 48 23 14 34 28 29 3 11 26 19 37 8 45 5 24 1 44 10 43 41 15 35 40 27 22 20 38 30 4 17 47 31 36 39 46 32 2 9 25
    4 20 15 19 10 28 17 26 43 34 24 41 37 2 9 3 16 29 48 18 35 36 33 23 32 46 11 7 8 38 45 30 6 21 5 47 13 14 12 42 44 39 25 31 27 22 1 40
    28 27 15 35 21 8 36 29 46 18 11 37 22 47 23 7 45 14 26 33 34 1 6 40 39 19 4 5 13 25 32 10 38 30 24 9 16 12 44 43 31 20 42 3 48 17 2 41
    2 24 40 44 26 46 11 47 4 30 5 27 29 32 19 14 34 35 15 48 23 38 18 45 43 36 1 10 41 9 28 39 33 12 31 42 37 25 13 8 6 3 17 7 16 22 21 20
    32 37 12 48 7 31 27 34 24 39 47 2 44 20 5 40 1 46 43 15 9 21 36 33 29 35 42 16 26 14 3 6 41 30 10 22 23 17 25 28 18 11 19 45 4 8 13 38
    26 6 37 48 36 28 17 32 44 38 19 24 18 39 47 34 30 42 3 16 22 14 9 1 27 43 46 41 20 5 11 12 31 45 29 40 7 25 35 10 2 4 13 8 21 33 23 15
    23 12 6 20 16 44 26 21 40 38 3 4 43 28 5 30 32 1 22 46 13 19 17 14 39 45 34 42 7 33 29 11 25 41 9 15 36 10 35 2 24 8 31 18 47 48 27 37
    32 16 46 28 25 27 43 14 38 17 34 33 26 22 8 13 40 10 41 9 4 48 12 6 44 3 5 20 18 29 39 45 42 31 11 2 21 23 1 47 35 15 36 7 30 24 37 19
    18 11 36 48 35 13 16 39 20 2 4 41 24 9 7 43 30 28 42 27 10 1 34 14 31 15 37 32 40 22 8 17 23 25 6 5 46 21 47 12 38 3 29 26 19 33 44 45
    48 44 38 6 16 34 7 46 12 11 18 8 45 47 40 37 42 20 22 43 33 24 26 15 1 9 3 4 30 36 25 10 27 19 21 29 35 13 14 23 41 39 32 5 28 17 31 2
    41 36 15 28 2 26 25 30 24 35 1 27 23 10 14 46 21 4 33 29 13 16 47 42 20 32 6 34 7 8 43 38 18 3 22 31 39 12 11 44 45 37 17 40 19 9 48 5
    14 7 8 48 3 28 6 39 45 4 16 38 33 24 30 32 26 12 41 18 23 35 29 2 27 10 5 44 46 11 17 40 42 47 25 34 31 43 15 13 21 22 37 1 19 9 20 36
    19 41 26 10 14 34 17 47 3 27 43 23 15 35 6 33 45 32 7 42 16 9 4 20 39 29 2 13 37 21 11 1 8 24 25 28 12 22 44 48 31 30 18 40 38 36 46 5
    47 20 17 18 27 9 48 34 21 4 5 13 16 22 39 28 14 6 43 19 30 33 26 37 25 45 35 1 31 44 2 11 38 8 46 40 23 15 29 32 36 3 24 10 7 41 12 42
    42 24 43 10 3 29 47 14 19 31 4 41 36 37 6 30 15 16 32 33 28 5 39 18 22 34 25 21 2 12 1 35 7 46 17 44 23 20 38 8 11 40 9 27 45 13 48 26
    22 28 21 40 33 8 11 47 32 48 44 3 29 42 27 5 31 45 2 30 20 18 1 35 14 10 39 15 4 13 12 38 26 37 7 36 23 9 25 41 19 34 17 24 43 46 16 6
    23 47 32 29 46 2 16 21 31 4 40 12 30 37 27 48 10 24 36 13 6 22 34 19 5 11 35 25 28 26 45 14 39 8 20 42 33 7 44 1 38 18 41 15 3 43 9 17
    40 16 29 43 18 35 45 2 10 15 34 47 21 24 3 32 39 27 17 7 26 23 11 37 41 28 12 4 9 1 44 46 36 6 31 14 8 38 25 20 19 22 33 30 5 42 48 13
    5 3 12 46 34 48 41 33 26 24 38 6 22 21 37 13 29 45 18 28 30 9 47 11 42 23 32 7 36 43 44 10 8 35 15 19 17 2 14 1 31 20 25 40 27 16 39 4
    31 29 11 27 14 35 8 41 30 7 32 2 43 37 22 12 45 9 20 5 48 1 10 46 6 25 17 33 4 15 21 36 19 47 28 23 39 16 40 42 26 24 38 44 3 13 34 18
    26 23 1 32 20 31 30 7 34 6 8 43 44 2 12 36 27 25 16 5 29 9 35 11 40 39 28 14 4 3 33 10 37 17 19 21 15 47 48 42 38 18 24 13 22 46 45 41
    22 14 43 3 44 47 16 5 39 25 8 2 37 30 11 29 1 13 41 46 18 7 21 40 36 34 4 6 19 48 31 20 28 17 45 33 10 24 12 32 9 38 15 42 35 23 26 27
    47 11 45 21 9 3 43 33 40 5 34 18 10 2 15 6 22 42 25 8 37 44 14 27 41 38 36 4 39 20 19 26 31 7 30 35 29 17 46 32 13 1 48 12 24 23 16 28
    36 13 42 45 41 9 15 21 24 20 1 39 5 8 17 32 26 19 37 29 12 48 4 11 10 38 25 40 16 33 7 35 43 6 34 14 3 2 31 44 46 18 47 28 30 27 22 23
    31 20 13 2 47 48 17 23 35 32 39 41 3 16 30 33 21 46 4 18 1 7 6 37 28 22 45 15 34 29 11 44 36 5 9 25 19 40 42 10 27 8 26 24 14 12 43 38
    14 22 15 35 25 5 11 42 43 9 46 30 18 19 36 32 24 47 1 6 29 26 16 8 44 7 39 3 37 34 10 12 13 33 21 28 20 40 41 23 31 27 2 4 38 48 17 45
    8 29 38 35 44 34 23 4 18 48 25 2 30 11 26 42 43 22 12 36 5 9 40 32 31 19 47 37 20 7 27 41 3 10 6 28 46 21 1 16 17 39 33 45 24 15 13 14
    20 43 2 8 14 34 1 5 17 35 23 24 37 31 28 4 11 41 47 15 12 45 9 48 44 21 39 36 40 27 3 18 7 46 16 25 10 26 30 42 38 29 13 22 19 32 6 33
    38 27 8 29 16 37 18 30 13 3 24 5 36 23 17 34 46 20 19 9 14 1 7 43 12 48 41 35 33 44 47 32 15 39 40 25 6 45 11 22 21 31 26 28 42 2 10 4
    4 43 24 22 42 6 12 33 25 39 14 19 36 18 32 31 1 17 9 8 38 5 20 41 27 30 44 26 16 40 48 15 11 35 34 46 47 37 2 7 29 3 21 13 45 10 23 28
    27 5 31 45 18 7 23 2 16 11 22 19 9 46 26 39 42 43 38 20 44 1 30 29 40 48 4 17 15 3 25 6 32 14 35 10 47 33 24 13 37 8 12 36 34 21 41 28
    47 45 17 33 48 42 7 31 34 25 41 15 29 18 44 23 22 8 9 35 5 2 12 43 16 46 20 6 37 14 3 11 19 26 24 27 30 36 38 39 13 1 28 40 10 4 21 32
    35 30 13 21 4 41 45 12 48 34 2 33 11 26 32 40 39 19 5 24 10 16 7 23 29 38 18 31 1 27 43 14 9 20 47 8 37 44 15 28 17 36 22 42 6 46 25 3
    20 35 16 27 39 15 23 13 42 47 19 1 9 8 25 48 22 10 36 18 6 30 46 37 14 29 4 43 40 31 12 21 11 45 5 33 2 24 28 38 41 3 32 44 26 17 34 7
    33 30 13 32 37 25 24 7 23 8 35 15 41 27 43 1 11 45 42 46 2 21 40 6 44 31 36 16 28 12 29 17 4 26 48 39 38 9 14 34 18 22 5 19 3 47 10 20
    9 36 35 12 30 21 22 6 26 29 41 24 7 17 2 31 10 48 3 8 16 4 19 25 47 18 32 15 34 43 14 5 42 45 40 23 20 13 38 37 11 27 33 44 39 46 28 1
    29 47 24 46 15 30 13 48 37 32 16 10 5 3 6 34 25 7 35 41 38 45 22 43 9 31 19 14 2 44 26 11 4 39 8 1 18 12 36 21 20 33 27 28 23 40 42 17
    43 33 47 11 15 14 38 46 29 9 35 22 20 28 19 23 1 16 30 25 5 4 41 34 26 39 2 3 21 48 10 36 45 37 13 18 8 12 6 24 32 40 7 17 42 27 31 44
    21 38 36 18 46 28 48 1 23 20 33 37 44 14 8 39 34 16 29 4 40 24 42 35 17 3 25 27 47 5 32 13 15 6 11 22 9 12 31 19 30 26 43 7 41 2 45 10
    6 42 24 9 8 29 18 10 32 1 45 44 30 23 13 4 47 38 33 25 40 17 3 39 35 14 12 37 11 26 5 46 28 31 16 41 21 43 34 20 19 22 7 2 48 15 36 27
    26 28 44 37 41 30 11 34 18 24 29 12 6 5 16 20 35 8 4 32 17 33 10 39 27 43 9 31 48 42 21 15 47 2 25 22 3 23 13 1 46 7 38 45 40 19 14 36
    4 44 37 14 15 1 41 24 31 22 26 20 12 48 13 32 18 42 27 43 34 3 16 6 19 30 40 7 10 28 9 45 29 33 8 5 36 2 47 11 17 25 39 35 23 21 38 46
    2 6 38 44 23 29 40 28 5 17 48 46 21 16 19 18 1 36 41 37 24 33 8 43 15 7 12 30 26 20 35 39 22 10 42 4 27 11 14 47 31 34 13 3 9 25 45 32
    43 40 10 19 25 2 6 37 31 45 20 30 13 5 1 15 42 47 46 32 3 33 48 16 38 14 21 29 4 9 22 27 12 7 18 8 39 24 44 41 35 17 34 28 11 23 26 36
    37 17 23 21 36 12 26 44 46 41 27 3 33 24 30 6 34 29 5 13 20 38 2 15 45 9 14 48 18 8 25 31 11 28 43 1 4 40 32 22 16 42 19 35 7 47 10 39
    30 46 1 23 11 4 13 5 15 16 36 20 42 7 14 41 29 24 43 9 18 47 8 21 19 48 38 12 44 45 35 28 10 26 37 33 31 22 25 34 39 3 2 17 6 32 40 27
    32 1 30 2 44 10 42 19 12 7 45 13 15 23 11 21 6 18 41 43 24 33 20 36 40 16 39 14 17 34 28 8 31 4 37 5 3 27 22 46 48 26 38 25 47 29 35 9
    9 38 43 34 22 2 16 46 47 15 35 42 13 12 1 39 29 32 48 24 26 17 37 20 8 6 40 7 10 41 25 4 45 11 33 14 3 30 23 18 36 27 31 28 5 44 19 21
    44 40 3 20 45 14 35 5 12 17 6 26 33 30 46 32 16 27 25 19 48 29 8 31 47 37 1 15 43 9 36 28 39 11 24 22 2 7 23 41 10 34 38 4 13 42 21 18
    43 24 30 20 33 6 12 36 26 39 28 42 3 18 10 45 38 7 23 15 44 29 9 31 16 47 48 17 2 5 14 1 32 34 25 35 40 27 37 8 46 41 11 21 22 13 4 19
    23 11 45 40 3 13 28 25 1 27 38 48 34 36 4 18 24 42 21 22 31 8 29 5 12 39 32 33 10 35 17 37 47 7 26 14 46 9 41 44 30 19 15 6 2 20 16 43
    41 42 47 40 30 20 32 17 22 11 34 44 45 13 35 28 25 26 46 18 10 12 37 36 19 27 43 16 6 48 9 23 7 5 14 21 31 38 3 1 29 2 24 8 33 15 39 4
    47 37 19 27 44 10 2 15 40 16 1 20 7 12 22 29 13 39 38 30 6 41 33 45 5 24 18 36 17 42 26 34 4 46 21 32 28 23 9 8 14 25 43 35 48 11 31 3
    39 6 33 23 25 35 32 27 37 12 30 22 7 47 5 40 46 41 11 19 28 18 31 44 34 10 13 26 42 36 1 14 4 43 15 3 45 38 48 17 21 20 9 29 16 24 8 2
    26 44 34 23 1 14 3 45 18 7 28 32 12 35 15 22 47 21 39 38 2 48 37 4 5 36 42 46 13 43 40 9 41 19 11 20 27 10 25 29 6 31 8 17 24 16 30 33
    34 15 44 31 27 16 24 5 17 12 36 35 25 22 14 3 33 48 46 10 23 11 20 9 4 47 38 7 29 30 42 40 18 43 26 45 39 13 1 41 8 19 21 6 2 32 37 28
    34 45 4 30 9 43 24 46 23 25 11 13 21 38 44 26 3 15 33 7 2 42 22 39 32 6 35 40 17 12 1 28 19 36 5 10 47 16 20 31 14 27 48 37 41 18 29 8
    10 4 12 20 2 21 42 26 41 27 37 28 14 36 25 46 33 47 8 11 6 22 32 23 35 45 18 24 30 43 15 31 48 40 5 16 44 39 19 9 13 17 3 29 1 7 38 34
    9 32 24 22 38 15 35 18 5 26 12 46 16 48 21 6 34 13 30 20 43 47 8 36 3 11 23 39 29 45 14 40 19 2 4 41 42 17 10 1 37 25 7 28 44 27 33 31
    16 1 43 39 44 9 4 12 15 27 20 47 32 35 29 40 33 38 8 2 31 41 28 48 14 42 25 21 11 17 34 36 46 7 30 10 18 6 37 23 22 45 5 19 24 26 13 3
    44 18 41 14 35 2 36 15 46 47 6 21 39 3 20 5 4 28 10 11 17 38 8 24 22 9 19 30 33 34 25 31 1 48 26 16 7 45 42 40 23 29 43 12 32 37 13 27
    37 11 16 5 8 38 29 34 27 40 36 1 6 30 32 28 23 24 39 15 22 46 4 33 43 45 47 25 18 3 13 48 20 7 19 14 42 12 9 31 21 35 2 10 17 41 26 44
    14 8 46 9 1 17 39 30 23 16 48 6 26 44 28 27 31 20 15 36 21 18 25 24 19 3 7 10 38 43 41 13 37 47 42 2 11 4 32 33 22 45 34 5 29 35 40 12
    45 31 40 4 16 14 7 8 13 19 46 2 20 6 22 5 11 47 17 44 27 41 37 34 28 38 9 1 15 23 29 35 39 25 10 21 3 43 18 24 32 36 48 30 33 42 26 12
    5 16 27 21 23 22 12 17 30 42 36 25 39 45 8 41 48 32 13 6 34 40 31 46 28 26 24 43 38 15 47 2 11 44 1 9 29 33 4 18 14 20 7 10 35 3 19 37
    32 41 19 9 44 21 7 39 12 48 18 17 22 45 16 42 36 25 40 33 14 34 23 13 11 31 35 1 27 43 24 37 20 30 10 28 29 8 4 46 38 15 5 6 47 2 26 3
    16 3 39 8 20 29 42 41 14 1 9 36 18 33 43 31 12 26 37 44 11 22 35 24 13 19 7 48 10 25 32 28 6 47 34 27 5 17 23 2 4 46 40 21 15 38 30 45
    32 45 8 11 16 20 17 37 7 9 21 18 14 40 2 42 10 22 15 12 36 25 6 34 33 3 39 24 29 38 46 13 26 5 23 48 31 30 27 19 41 47 44 43 1 35 4 28
    7 38 16 25 14 39 43 19 1 21 26 4 22 36 41 6 9 32 5 18 48 35 27 30 24 12 37 17 42 34 44 23 11 8 10 15 2 31 45 20 29 46 3 28 13 33 47 40
    4 29 14 43 34 5 41 20 45 25 48 44 36 40 26 7 39 22 12 27 32 31 18 6 21 8 2 35 1 30 16 37 15 42 28 10 47 19 17 46 23 9 24 38 13 11 3 33
    13 29 39 8 48 22 21 46 28 6 32 31 18 10 11 19 26 20 2 16 43 17 34 47 9 12 3 45 27 15 1 35 14 36 5 40 4 42 25 30 23 44 37 24 7 41 38 33
    10 34 28 20 9 3 22 8 18 41 13 24 29 25 35 15 45 37 30 31 40 44 27 5 4 26 6 17 12 48 19 23 16 42 1 11 33 39 32 7 2 43 47 36 46 38 21 14
    37 32 46 45 47 33 12 8 44 16 4 38 48 2 42 23 30 43 15 17 24 14 10 29 34 36 26 20 41 31 21 28 1 18 9 3 13 27 6 19 35 7 39 25 40 11 22 5
    8 10 18 45 38 11 12 30 22 2 32 36 33 7 24 26 43 20 4 40 17 46 1 29 42 35 5 27 3 44 9 21 16 34 28 37 47 14 48 31 13 6 41 25 15 19 23 39
    15 33 7 32 1 26 10 16 4 44 35 19 8 21 28 46 39 20 12 29 43 30 27 34 47 42 48 14 23 13 41 38 11 3 40 18 45 36 37 5 6 2 25 17 24 31 9 22
    27 32 14 20 26 42 36 15 9 22 47 8 17 7 12 4 37 35 19 24 13 18 33 3 2 41 25 38 10 11 29 39 1 30 43 31 44 40 5 48 45 6 34 28 21 46 23 16
    7 21 10 37 23 30 43 44 25 19 22 1 47 15 32 33 8 17 13 3 11 46 14 48 41 26 38 9 20 45 28 34 12 31 36 42 4 35 16 40 5 24 29 2 27 6 39 18
    36 21 45 2 34 4 19 27 9 24 44 11 30 48 35 43 42 18 26 10 3 38 13 6 33 40 12 8 15 17 7 5 39 14 25 22 46 29 28 16 1 37 31 41 20 47 32 23
    36 44 3 21 4 9 6 1 42 12 11 25 8 7 14 13 17 41 39 32 5 48 34 45 2 20 40 26 29 24 30 38 46 43 31 33 18 19 16 27 22 35 10 47 23 28 37 15
    46 21 4 48 15 32 6 40 5 38 14 34 25 16 22 24 37 19 43 26 33 35 17 7 2 29 39 31 47 41 3 28 1 20 9 8 18 42 10 12 45 23 13 44 36 30 11 27
    2 44 47 36 1 31 30 41 46 11 38 29 35 17 48 12 24 7 3 5 20 22 6 26 40 42 14 27 9 43 32 23 16 39 18 25 4 45 33 19 10 8 34 28 13 15 37 21
    2 25 23 29 16 42 43 3 9 5 4 20 6 12 34 15 24 47 8 30 38 13 27 45 46 7 33 31 37 36 11 17 18 21 26 14 22 40 32 19 41 39 35 10 28 48 44 1
    3 36 7 27 23 22 12 2 43 4 34 10 41 48 44 30 17 16 14 45 9 37 1 31 5 24 19 38 26 28 35 15 46 47 8 39 33 42 25 32 11 18 6 13 40 21 20 29

