49

    43 12 48 27 17 26 18 36 35 13 14 25 39 6 9 31 40 38 21 30 28 1 16 5 29 49 15 45 23 47 24 20 46 32 37 44 34 4 42 19 3 22 7 10 2 33 11 8 41
    17 28 32 35 7 13 40 36 45 34 2 30 5 10 47 15 14 25 6 8 26 1 9 4 19 29 41 48 24 20 42 22 33 39 12 16 18 27 11 3 37 49 31 21 23 46 43 38 44
    32 46 11 5 45 39 6 12 22 23 41 34 1 26 30 14 31 10 18 25 21 4 49 36 13 7 19 15 43 24 44 29 17 48 40 16 37 35 3 33 9 38 27 47 42 20 28 8 2
    6 49 4 2 17 32 21 31 34 25 43 29 3 38 24 42 23 45 16 48 37 18 47 39 7 30 9 19 8 12 5 40 46 27 13 41 15 10 26 35 33 22 20 14 44 1 11 36 28
    6 45 49 16 13 48 4 8 23 15 11 31 7 20 35 40 12 18 30 3 28 33 5 27 26 19 25 14 43 10 38 9 47 44 39 22 24 37 32 1 34 41 29 17 46 21 42 36 2
    47 11 8 2 21 42 16 48 35 41 23 3 10 33 9 28 36 22 25 40 38 30 7 44 12 5 31 19 18 43 20 1 45 37 49 27 29 17 32 26 4 14 13 46 24 39 15 34 6
    18 26 16 7 24 19 48 2 44 10 29 17 9 21 45 32 4 47 14 23 31 6 38 30 36 28 15 46 41 39 34 22 43 25 35 5 8 33 49 37 20 13 27 3 12 40 11 1 42
    46 26 17 38 39 7 13 37 1 23 11 5 21 35 9 27 12 15 43 10 4 40 45 32 6 49 48 41 36 22 14 31 18 24 44 29 19 47 42 33 25 2 16 30 20 3 28 8 34
    16 20 39 6 29 34 36 21 9 32 11 26 22 31 13 27 15 44 43 18 8 7 47 42 33 38 14 46 37 28 17 24 1 2 35 49 5 3 23 12 41 48 30 45 4 40 10 19 25
    12 36 2 8 13 21 33 7 39 49 40 1 45 17 16 37 15 3 23 47 19 24 41 30 11 25 28 35 44 48 42 31 14 18 5 22 46 29 27 4 38 6 34 43 32 20 9 26 10
    46 25 8 44 38 23 32 37 2 27 36 17 11 5 1 41 4 33 16 29 18 21 7 20 47 3 45 19 28 31 39 26 9 43 49 48 12 6 10 22 24 15 35 42 40 13 30 14 34
    29 41 43 13 28 46 22 10 23 40 38 24 48 6 45 25 30 18 26 14 32 19 21 39 47 20 31 42 1 37 9 49 35 36 33 12 15 2 5 27 7 17 11 44 4 16 3 8 34
    21 12 38 11 8 3 7 2 19 36 41 35 27 23 31 20 45 22 5 13 30 25 9 37 10 1 39 29 43 6 48 34 24 4 32 46 47 49 33 40 14 15 16 44 17 28 26 18 42
    27 16 31 7 5 11 12 38 34 40 33 20 1 43 15 29 30 39 46 8 35 25 42 36 14 17 21 45 28 32 6 48 22 3 4 47 37 18 44 23 10 24 2 49 26 19 41 13 9
    4 30 37 38 39 9 35 24 13 49 1 47 34 25 12 48 3 27 19 32 6 20 36 10 45 22 14 23 33 44 15 31 41 8 43 5 28 16 11 42 21 18 2 40 29 17 46 7 26
    7 23 32 26 49 42 12 13 27 24 16 28 29 46 3 8 22 10 44 31 1 20 21 17 9 45 41 5 15 19 43 48 30 34 39 40 14 25 18 6 37 38 33 36 35 47 2 4 11
    20 17 25 23 12 44 26 24 29 42 37 1 7 45 21 30 28 9 39 33 47 36 18 15 49 6 43 32 46 13 8 31 48 35 4 2 19 27 11 5 40 3 34 22 16 14 38 41 10
    35 25 14 32 46 49 18 1 41 34 44 26 13 28 12 40 16 27 21 30 24 37 43 47 15 36 3 9 2 31 22 38 11 6 39 48 7 8 17 5 23 19 4 10 33 42 45 20 29
    8 40 31 35 15 44 29 9 30 23 4 2 27 45 13 10 32 48 26 28 20 6 18 41 34 5 42 49 47 22 24 7 46 19 1 14 11 25 38 39 21 37 12 17 33 43 36 16 3
    31 10 39 41 42 44 32 49 47 37 25 24 35 21 20 12 4 8 2 33 48 16 28 11 7 27 38 45 13 29 5 46 1 19 3 22 30 34 40 17 6 18 43 26 23 14 15 36 9
    4 49 32 2 43 19 15 21 9 7 6 27 12 47 17 10 41 28 14 44 11 24 42 20 5 39 38 22 35 3 36 1 33 45 40 26 31 13 30 18 23 16 25 46 37 48 29 8 34
    46 39 42 23 21 24 35 17 28 4 1 22 33 49 2 30 40 9 38 3 12 48 7 41 44 10 8 29 43 45 5 15 32 27 20 36 25 37 47 26 6 19 18 13 11 16 14 34 31
    45 12 27 34 40 39 2 41 29 49 30 13 32 35 24 23 36 44 1 10 22 16 3 31 46 8 5 28 7 25 26 48 43 18 37 6 4 20 17 11 21 19 33 38 15 42 9 14 47
    45 29 7 39 46 44 13 33 32 4 18 20 2 40 14 41 5 43 42 37 1 10 26 28 36 30 38 6 47 15 17 34 24 9 16 12 8 25 31 11 23 3 27 49 21 48 22 19 35
    21 28 44 6 2 3 33 40 41 26 1 23 31 25 37 15 29 17 16 14 9 8 43 39 46 7 12 13 47 38 34 27 18 45 48 24 22 35 11 20 30 36 32 49 4 10 5 42 19
    1 29 37 45 38 28 14 19 31 40 22 34 33 39 11 35 12 46 24 25 2 42 47 41 20 7 21 16 48 44 10 17 6 13 9 43 23 15 32 30 5 4 3 8 26 36 49 27 18
    14 45 34 7 37 28 6 13 4 2 32 41 17 40 25 33 44 3 42 21 12 38 19 1 43 49 29 8 30 47 15 11 22 24 18 20 48 27 5 16 35 46 23 10 31 39 36 9 26
    27 18 45 48 35 44 8 19 3 5 36 20 12 28 46 1 23 43 26 47 13 42 41 22 29 11 39 24 2 49 25 37 15 17 31 32 14 40 16 6 30 9 4 10 34 7 38 21 33
    20 13 45 8 22 35 15 46 31 12 36 9 3 11 10 29 23 42 5 43 7 19 16 24 2 38 14 34 17 28 25 6 39 44 47 30 26 21 37 1 27 40 49 18 41 33 4 48 32
    13 38 42 40 4 21 6 30 39 16 33 37 19 10 32 7 41 46 5 20 17 47 11 49 1 23 12 26 43 34 45 48 22 31 27 18 36 28 14 44 9 24 2 15 8 3 35 25 29
    34 49 46 10 14 21 39 9 42 3 25 48 7 43 6 26 16 33 35 36 45 18 38 19 22 30 44 2 4 27 37 8 11 28 31 32 40 13 20 24 1 23 47 17 5 12 29 15 41
    46 23 22 1 7 45 14 8 34 33 13 39 15 24 40 3 11 17 2 35 18 41 43 38 42 16 4 47 28 49 36 10 48 31 12 30 20 6 27 32 29 21 9 25 19 44 37 5 26
    39 32 31 7 16 27 22 6 45 19 10 11 25 23 33 35 13 46 20 4 38 36 5 29 30 21 9 26 49 1 28 18 42 48 40 15 37 14 34 41 17 47 8 24 44 12 2 43 3
    48 47 29 39 43 34 26 33 22 41 18 2 5 6 7 32 37 10 16 44 1 20 42 9 45 38 46 4 13 28 19 14 27 17 36 40 8 23 3 24 12 30 49 31 11 35 21 25 15
    6 5 46 49 44 42 47 37 26 24 23 32 22 36 30 1 12 38 10 45 16 9 18 14 20 3 7 19 28 29 4 39 8 34 25 27 31 17 35 48 15 11 41 40 13 33 43 2 21
    48 41 10 17 31 14 18 34 1 47 15 44 20 7 49 22 27 13 29 8 25 3 6 4 38 5 37 26 28 9 19 23 35 40 2 11 39 30 45 43 12 46 24 16 21 32 33 36 42
    18 3 47 28 41 23 24 30 8 40 31 9 11 42 34 43 32 25 44 19 1 5 38 14 39 29 13 10 6 49 45 26 16 15 33 35 36 37 7 20 27 48 21 4 2 17 46 12 22
    47 27 19 43 25 36 24 5 22 39 38 40 45 11 29 44 6 49 28 46 34 31 3 16 33 2 32 15 21 9 17 35 18 48 7 41 26 30 20 12 14 1 42 23 13 37 10 8 4
    33 40 1 8 9 45 23 37 14 43 27 49 38 28 3 6 35 20 36 44 26 41 22 4 42 15 16 34 19 47 39 32 30 25 31 21 46 17 11 13 10 18 48 5 12 7 2 29 24
    7 22 34 2 18 1 41 35 5 27 39 48 13 6 32 17 30 42 26 44 28 16 3 8 19 37 10 33 23 45 31 24 29 20 40 25 38 15 12 14 36 43 47 21 49 46 9 4 11
    24 43 34 27 21 32 15 39 12 25 35 30 22 19 40 2 13 17 14 44 5 41 16 48 26 28 6 45 20 38 4 11 49 9 46 37 42 3 7 31 29 23 1 33 47 8 36 18 10
    41 25 39 3 38 15 24 26 7 18 19 2 34 30 46 17 23 28 10 4 22 48 49 37 44 9 21 45 29 31 32 47 14 16 36 12 13 1 27 35 6 33 11 5 40 42 43 20 8
    28 19 22 25 26 20 7 23 48 1 42 47 29 30 11 8 46 17 40 3 33 34 6 18 13 31 12 38 14 44 39 36 24 21 45 41 27 9 37 35 32 10 2 43 49 5 4 15 16
    26 11 6 3 38 24 15 12 23 1 7 35 49 40 13 32 17 37 48 31 30 19 14 44 29 47 10 8 39 41 34 22 18 28 33 20 46 5 2 4 9 36 42 45 25 21 43 16 27
    17 28 14 49 11 18 47 2 42 6 29 7 15 48 8 22 31 39 26 1 12 32 37 23 9 45 16 33 38 24 25 10 40 5 20 35 30 3 21 41 44 46 27 13 4 19 34 36 43
    39 42 24 37 14 15 20 46 17 38 11 13 47 19 36 49 44 48 32 43 45 29 4 40 28 9 35 16 41 22 3 26 1 7 33 34 25 8 5 2 31 10 27 6 21 23 18 30 12
    26 36 11 18 35 48 46 7 16 3 13 49 47 4 27 8 2 24 32 42 40 20 28 9 45 30 31 34 6 19 17 29 12 25 37 14 5 44 33 15 43 21 10 23 41 22 1 38 39
    43 48 21 18 47 29 31 33 49 8 32 44 11 6 46 19 15 7 28 25 36 40 5 16 4 38 24 10 9 20 42 26 35 13 30 17 39 27 41 37 22 2 45 34 23 14 12 3 1
    35 4 48 49 11 1 9 27 32 31 46 20 30 37 21 29 2 40 18 42 26 6 45 25 12 36 15 24 47 7 23 13 19 3 22 44 38 41 5 28 17 16 10 43 34 33 14 39 8
    35 36 11 19 41 49 42 44 27 40 16 29 45 6 10 48 2 17 46 47 28 18 21 1 9 13 34 12 7 3 4 33 14 43 37 22 32 30 26 31 15 39 8 5 38 24 25 23 20
    46 47 48 20 8 25 9 19 36 44 27 28 1 42 33 18 2 16 31 35 6 40 49 29 34 12 22 21 11 38 4 41 10 26 5 15 39 13 17 7 23 14 43 32 3 24 30 37 45
    16 44 25 43 18 48 37 14 17 35 6 10 9 26 34 2 13 31 24 39 7 3 49 21 23 29 27 4 41 42 33 1 46 12 38 32 15 8 20 36 11 47 45 22 5 30 19 40 28
    20 18 31 39 42 43 17 16 14 48 13 30 6 22 44 35 11 26 12 32 10 38 25 19 4 3 29 34 8 2 40 27 36 49 46 21 9 33 41 28 47 23 15 1 37 5 45 7 24
    38 31 39 15 32 34 35 20 17 48 44 14 47 2 18 42 5 29 33 11 26 25 28 37 9 8 40 6 36 21 4 10 23 1 30 24 19 43 46 16 12 3 22 45 7 27 13 41 49
    29 19 48 36 21 6 26 35 12 28 22 25 10 2 49 43 15 27 17 8 34 32 30 42 9 1 33 46 11 18 13 44 14 41 37 7 39 24 4 40 5 20 45 38 3 16 23 47 31
    6 9 16 30 18 43 48 46 34 13 44 31 4 26 23 40 32 35 45 11 38 8 36 24 3 41 19 7 33 37 42 14 2 27 29 17 21 25 47 20 10 28 12 15 39 22 49 1 5
    49 28 45 21 42 41 12 17 9 8 30 29 37 48 34 31 22 20 7 47 13 26 25 32 36 4 5 44 16 11 3 39 24 6 2 35 40 10 23 43 27 1 19 14 33 15 46 18 38
    43 46 38 27 41 30 47 18 20 11 1 44 34 14 32 19 7 42 12 36 26 33 10 48 29 45 39 15 21 49 35 40 22 16 37 5 9 6 24 31 3 23 2 13 8 25 17 4 28
    33 42 44 11 49 13 14 18 4 39 16 15 28 29 7 12 10 31 27 35 6 40 25 47 24 37 19 43 38 22 9 26 36 8 32 46 48 45 1 2 21 30 3 23 41 20 17 34 5
    35 29 18 17 49 25 39 42 5 31 32 7 10 12 24 15 19 34 22 33 48 27 21 26 36 9 45 3 30 40 1 20 44 38 4 8 41 2 23 37 16 28 13 47 46 14 11 43 6
    29 21 49 31 1 6 24 15 37 19 30 5 45 10 40 43 25 27 3 11 18 28 44 38 9 14 12 42 47 36 22 46 39 20 4 33 34 48 2 35 7 32 26 41 16 23 17 8 13
    25 38 36 27 33 41 1 21 29 49 12 19 8 9 39 7 5 23 44 2 3 43 46 32 48 34 24 10 45 28 18 26 40 31 42 14 15 35 16 22 4 11 30 20 37 17 6 13 47
    28 43 26 21 9 47 11 13 17 24 40 16 4 22 18 6 30 2 23 34 5 12 32 44 39 48 20 14 15 10 7 41 36 25 49 3 35 8 1 38 27 29 31 37 19 33 46 42 45
    27 9 12 48 31 7 23 6 37 20 49 25 34 1 10 41 18 38 35 15 3 21 32 33 16 24 19 2 44 30 5 47 26 42 45 11 4 14 43 40 13 28 39 46 22 36 17 29 8
    6 3 44 8 23 25 15 37 35 11 42 21 17 10 39 48 46 34 7 36 12 4 47 33 19 16 18 32 13 38 30 20 5 29 2 40 31 26 43 22 28 41 1 9 27 49 14 45 24
    8 14 12 30 34 44 17 32 13 49 1 9 29 11 2 48 38 22 31 21 10 26 7 39 25 41 45 23 24 6 33 43 37 35 40 47 28 27 16 42 18 20 15 5 46 4 3 19 36
    30 48 17 32 8 36 34 22 12 27 11 45 42 33 40 49 2 5 46 16 38 18 41 25 19 39 15 1 14 20 13 24 3 21 10 35 6 26 43 28 37 29 9 7 4 31 47 44 23
    4 17 21 29 7 44 25 28 46 6 11 22 33 27 14 13 3 48 35 10 24 12 26 8 42 37 34 45 19 31 5 18 16 47 30 36 15 32 39 43 1 20 23 9 40 2 41 49 38
    38 47 13 49 21 2 34 18 14 15 28 27 7 41 12 17 36 9 29 31 3 46 39 8 37 20 19 23 5 4 1 30 42 40 26 33 48 24 32 43 16 35 11 45 10 44 22 25 6
    5 28 34 19 10 24 17 49 13 42 46 48 35 7 31 40 27 39 11 44 4 14 1 21 47 16 29 32 8 43 37 26 45 33 12 2 15 30 3 9 22 41 23 18 25 20 38 36 6
    49 34 36 24 7 37 3 31 30 26 48 45 10 38 13 18 42 11 33 9 23 35 39 4 27 28 25 14 46 6 20 15 12 43 32 8 16 17 29 19 22 40 1 47 41 2 44 21 5
    42 34 7 20 27 17 30 48 41 2 43 9 31 23 21 47 26 46 39 29 19 11 33 40 35 4 22 44 45 10 1 24 8 49 12 18 15 38 32 5 28 25 13 36 37 3 16 6 14
    21 25 32 40 39 14 15 29 18 26 46 35 28 41 49 5 13 4 8 1 47 37 19 33 9 34 27 43 11 30 42 22 3 45 6 24 12 16 7 2 17 38 36 48 20 31 23 44 10
    6 43 46 32 17 42 44 38 45 12 15 39 22 40 26 14 2 11 23 13 48 1 24 36 8 10 49 28 4 9 16 33 31 37 3 41 29 30 34 5 25 20 47 7 35 18 19 21 27
    48 31 34 16 43 30 7 39 5 22 20 38 23 47 26 40 46 13 41 18 32 36 6 49 42 33 8 24 1 21 4 28 9 25 10 45 11 2 15 14 44 29 35 3 37 19 17 27 12
    10 45 21 43 35 2 11 1 40 8 3 32 41 15 24 28 16 49 42 22 12 38 47 29 4 30 26 23 17 27 33 46 14 37 19 18 31 39 20 34 36 44 9 7 48 5 6 13 25
    45 19 38 30 11 20 37 41 4 2 29 43 23 48 40 21 31 26 27 46 34 44 18 35 10 22 42 47 1 17 3 33 36 28 8 25 32 7 9 14 15 5 13 12 24 16 39 6 49
    38 6 48 27 25 35 8 30 15 39 33 17 9 47 21 23 44 20 32 26 40 18 14 4 45 16 7 43 12 22 42 34 11 49 2 1 13 28 24 5 46 37 10 19 3 41 31 36 29
    33 1 16 28 12 38 15 23 22 39 48 20 5 3 41 35 30 10 45 26 21 27 25 6 44 14 34 19 37 47 36 7 8 31 46 4 43 11 42 32 24 17 2 9 13 29 49 40 18
    48 35 36 43 44 38 9 2 27 24 3 22 6 18 13 12 21 16 25 1 46 17 29 20 14 45 39 8 19 31 26 5 49 47 32 15 40 28 30 37 41 10 34 7 11 4 33 42 23
    48 24 49 7 40 44 29 20 45 16 2 5 12 27 15 46 38 33 37 31 39 10 43 6 36 30 47 1 23 32 41 26 11 13 8 21 3 9 25 4 22 17 42 18 34 19 35 28 14
    14 26 16 6 22 7 13 32 17 46 12 44 49 28 37 35 33 30 9 34 45 25 29 38 39 43 21 20 48 15 8 40 1 2 27 3 24 18 47 4 42 10 36 19 5 31 23 11 41
    44 25 48 45 37 1 36 15 8 41 30 22 3 7 23 14 35 19 18 47 29 32 31 42 39 9 27 12 28 46 43 34 49 10 26 38 24 5 6 2 4 20 11 17 21 33 16 13 40
    11 7 36 5 30 33 2 23 19 17 46 28 45 22 38 21 13 31 16 26 43 35 8 37 3 4 42 48 44 49 1 9 32 25 20 6 24 47 15 41 29 14 10 18 34 12 39 40 27
    47 29 31 23 48 2 8 10 19 46 12 36 43 45 3 9 1 24 17 27 40 21 22 34 25 42 44 35 16 26 14 11 28 18 32 37 5 13 6 20 15 41 4 33 38 7 49 30 39
    15 4 6 13 22 23 35 25 46 27 20 48 1 47 36 16 24 33 32 43 31 28 11 3 34 37 49 38 18 14 21 30 44 19 42 10 45 5 8 41 29 9 2 7 17 26 12 39 40
    40 28 10 16 9 14 19 1 8 37 48 5 2 6 23 18 26 49 39 47 21 38 24 3 43 41 11 35 13 31 44 45 33 36 32 4 30 12 17 15 42 25 7 22 20 27 34 29 46
    25 43 18 19 20 14 33 12 41 10 26 32 48 27 2 17 47 4 1 45 5 24 30 21 29 9 6 22 7 34 15 46 28 38 36 3 40 11 42 35 23 49 37 13 16 31 39 8 44
    14 35 45 42 4 1 22 11 17 34 48 27 2 24 28 15 10 30 38 8 21 32 12 41 46 29 19 3 43 18 47 5 49 39 36 7 6 25 37 31 44 9 40 33 16 20 26 23 13
    45 35 44 9 48 16 32 20 12 25 38 22 10 29 33 7 39 30 28 47 41 31 40 24 4 3 18 43 5 46 26 13 36 34 8 49 14 6 23 11 19 37 15 17 27 21 42 2 1
    43 18 3 15 27 41 33 32 42 16 25 19 28 30 46 29 14 22 44 39 17 45 26 13 6 23 20 31 4 21 40 49 10 38 48 9 35 47 36 5 12 2 1 24 34 37 11 8 7
    32 2 23 10 19 13 11 49 46 14 12 28 35 17 24 15 48 33 20 3 25 21 9 8 41 6 22 45 40 37 42 47 38 36 30 34 44 31 39 1 27 4 26 16 18 7 5 43 29
    39 15 17 26 34 4 16 35 7 2 21 38 23 31 46 42 32 40 13 12 25 22 24 10 1 49 9 6 3 44 20 33 36 47 18 14 5 41 37 27 45 30 29 11 43 19 28 8 48
    6 16 23 4 11 32 19 29 40 5 8 43 26 38 2 36 12 22 35 24 49 1 46 18 17 9 47 31 13 37 41 28 48 33 10 14 20 34 21 25 45 44 3 7 27 30 15 39 42
    16 26 13 4 17 6 22 20 28 47 48 18 3 33 19 10 37 30 23 7 11 2 44 39 36 15 9 29 32 25 42 31 21 12 49 34 8 45 46 14 1 5 27 40 24 41 38 35 43
    25 49 28 20 2 36 29 30 4 9 17 3 10 38 34 6 21 11 14 12 47 18 1 5 7 35 39 22 27 48 13 42 15 44 41 40 43 32 37 16 46 45 8 19 33 26 24 23 31
    18 19 25 23 8 1 16 3 6 43 42 49 31 7 26 15 28 47 44 39 35 48 17 9 22 36 45 11 10 32 37 41 2 12 33 5 20 27 38 4 30 40 24 13 14 46 21 29 34
    38 17 13 37 25 1 48 12 27 30 31 26 40 9 46 22 43 4 10 21 6 44 19 3 49 20 29 28 8 18 23 47 2 11 24 7 16 36 33 39 42 32 41 45 35 5 14 15 34
    9 1 30 2 17 45 38 10 48 25 31 28 7 36 43 44 5 13 23 20 22 47 12 15 40 34 18 41 33 27 35 37 3 14 49 6 42 21 24 19 39 46 26 16 11 29 8 32 4
    22 7 32 23 46 3 14 25 15 24 48 36 34 16 1 37 21 5 39 47 9 8 11 2 17 31 41 49 45 20 10 13 18 12 28 6 44 43 19 30 33 42 38 26 29 35 40 27 4

