50

    39 10 37 40 6 18 30 1 19 36 28 9 49 4 2 35 31 8 15 32 50 41 42 25 26 48 11 16 13 27 12 47 21 17 14 45 34 43 29 44 5 38 22 7 33 3 46 24 20 23
    34 32 8 10 42 24 33 14 45 30 6 35 7 19 22 43 36 3 18 2 28 23 17 13 46 9 21 31 40 44 49 29 15 41 26 11 20 47 39 16 4 38 50 5 37 12 48 25 27 1
    19 40 32 37 11 18 12 50 48 7 49 16 41 3 42 13 26 24 6 23 35 31 25 34 44 14 43 47 30 22 29 5 36 17 8 2 38 9 10 21 15 4 39 1 33 45 46 27 28 20
    14 49 46 45 25 8 35 42 36 39 9 18 16 10 33 47 20 1 26 24 48 37 11 32 6 15 19 5 40 31 21 3 30 43 50 4 38 2 44 22 7 12 17 41 34 28 23 27 29 13
    49 27 45 26 47 8 40 35 11 32 22 34 20 39 18 33 21 23 16 48 50 38 9 5 19 1 10 14 13 31 29 12 28 3 7 30 24 37 6 41 42 2 36 46 4 15 17 25 43 44
    16 6 31 34 38 15 43 18 9 30 14 17 40 28 48 25 33 7 11 45 2 20 26 24 19 10 27 47 13 49 22 5 42 1 35 4 23 29 46 32 36 12 37 8 50 41 21 3 44 39
    9 26 8 10 41 15 3 49 14 23 34 29 7 13 19 40 37 45 31 47 24 43 2 50 27 39 18 4 44 6 16 46 32 35 48 11 33 17 1 20 42 22 25 28 38 5 21 36 30 12
    9 44 16 2 1 25 49 15 37 47 38 19 27 30 26 17 35 24 36 29 7 12 18 22 33 20 39 45 8 50 23 13 10 6 42 28 31 4 48 3 5 40 21 41 34 11 43 32 46 14
    20 5 44 45 17 7 39 30 38 23 42 50 15 48 8 26 40 4 10 35 29 28 43 11 46 32 19 24 37 9 47 31 2 3 21 12 18 13 33 1 41 22 14 6 34 36 27 16 49 25
    6 4 50 46 30 48 45 39 43 25 35 16 10 21 15 19 17 38 28 32 3 7 37 18 44 20 33 24 13 26 49 47 8 34 5 22 12 40 42 31 1 27 11 23 36 2 29 41 14 9
    16 7 13 11 27 15 28 19 34 32 18 6 42 9 22 39 25 20 29 14 45 30 24 37 36 5 21 35 12 44 8 2 1 26 43 31 17 38 23 41 50 33 46 10 3 47 4 40 48 49
    9 38 15 4 17 7 49 8 5 21 43 24 11 29 40 28 12 6 18 36 41 27 37 23 44 47 48 31 16 22 19 25 35 20 1 10 42 13 3 30 26 32 33 45 39 14 2 46 50 34
    12 32 50 46 3 21 9 10 7 26 40 24 22 29 15 19 2 18 44 35 14 47 23 38 45 4 48 43 49 28 20 34 41 13 31 33 30 8 6 27 5 16 39 11 1 37 17 36 25 42
    45 49 27 44 9 38 50 16 19 25 11 7 32 21 40 28 36 37 43 15 14 23 22 46 34 26 4 33 18 31 3 6 41 5 35 17 24 8 42 29 20 13 2 10 30 47 48 39 12 1
    42 4 41 32 35 30 23 26 22 37 8 5 1 34 18 28 15 49 46 13 12 31 9 44 48 11 38 3 21 17 40 24 27 19 7 2 50 16 10 25 6 43 33 14 29 47 45 39 36 20
    40 15 39 41 29 44 12 43 22 36 49 48 11 30 45 24 6 35 50 4 38 27 3 5 28 13 20 1 46 37 31 8 26 17 19 9 2 47 18 34 7 42 33 23 10 14 25 32 21 16
    7 9 30 32 33 39 43 17 35 34 42 11 14 4 8 26 5 49 47 3 36 46 28 10 29 37 24 22 41 20 27 13 1 25 38 44 45 15 18 23 2 19 6 50 21 40 16 31 12 48
    8 16 49 4 15 50 47 41 9 6 19 26 32 37 40 38 46 45 10 28 35 25 11 31 42 12 21 33 17 29 1 13 48 39 23 27 43 20 36 30 14 7 18 3 44 5 2 34 22 24
    36 6 5 40 22 20 8 16 43 34 2 29 4 12 7 32 21 44 11 15 1 39 25 49 14 30 27 10 48 42 46 13 37 17 18 38 9 24 31 50 28 47 45 41 19 33 23 3 35 26
    31 29 10 33 15 22 13 5 35 7 16 43 38 24 20 45 21 37 4 39 8 14 6 17 49 32 18 48 23 42 11 44 3 12 46 28 47 34 50 27 1 2 26 19 9 30 41 36 25 40
    26 7 10 20 17 18 40 13 14 3 2 39 44 47 36 15 41 27 48 38 4 6 30 50 12 9 37 29 22 24 49 31 45 46 32 42 1 21 33 34 16 5 28 23 8 25 35 19 43 11
    24 2 22 30 43 20 44 31 21 7 33 35 37 15 27 39 4 10 40 47 23 46 32 17 14 12 13 6 9 38 50 45 8 1 19 49 48 26 36 16 5 41 29 11 25 42 3 34 18 28
    20 25 48 42 9 27 24 46 19 44 33 36 49 39 22 10 12 23 18 13 45 7 31 16 35 30 15 41 8 50 14 6 37 47 5 2 32 4 17 29 34 21 38 28 3 43 11 26 1 40
    25 7 46 10 39 19 28 35 26 36 9 15 38 33 1 6 23 32 49 48 27 44 4 18 42 11 17 20 8 22 5 47 31 12 3 41 45 50 21 13 30 24 43 29 40 16 2 34 14 37
    23 3 13 30 7 26 8 24 29 40 2 48 41 31 27 17 9 44 16 46 1 35 21 34 39 22 18 37 28 6 33 4 10 11 12 20 14 43 25 19 42 47 36 32 15 5 38 50 45 49
    50 43 28 22 12 2 34 38 4 24 44 6 32 15 18 49 19 7 39 8 42 25 27 31 5 47 14 13 35 16 40 41 26 29 45 3 36 20 21 11 33 23 30 46 17 48 37 10 1 9
    27 7 42 11 46 45 38 43 19 15 30 31 34 36 40 48 10 49 20 18 39 37 12 16 8 28 14 9 17 21 26 23 25 4 41 32 35 1 3 44 6 5 22 2 50 33 13 29 47 24
    42 1 35 47 16 46 39 23 30 21 27 24 41 19 12 8 9 33 48 10 49 28 17 15 40 29 32 22 4 45 25 13 7 14 36 50 2 18 11 5 37 6 44 3 34 38 26 20 31 43
    6 49 13 47 36 25 12 16 19 11 20 29 26 43 48 18 4 41 33 1 9 42 44 35 46 23 21 32 50 7 17 27 40 8 2 45 15 30 28 3 31 10 37 5 34 14 22 38 24 39
    16 21 46 35 6 47 17 14 49 25 19 27 9 22 8 2 23 28 45 37 38 3 42 48 33 41 15 36 12 32 50 10 24 34 4 7 20 11 29 30 1 26 40 39 5 18 43 13 44 31
    31 48 17 40 36 43 29 38 18 46 20 49 16 10 5 42 13 4 25 6 30 35 44 3 24 47 32 8 33 1 2 11 50 26 9 22 41 12 23 21 27 28 15 19 34 14 45 37 39 7
    27 28 21 23 50 6 42 44 25 32 2 4 37 20 5 24 13 18 14 30 1 7 29 26 8 16 35 48 47 40 46 15 38 49 19 39 36 22 41 33 3 43 34 11 12 17 9 31 45 10
    38 24 16 9 36 12 34 8 37 39 44 42 3 31 25 28 2 46 19 21 50 1 23 14 4 35 30 29 26 5 40 48 43 13 41 6 10 22 15 17 47 11 45 27 7 49 32 33 20 18
    11 37 7 32 8 21 40 39 25 9 41 27 4 48 31 49 36 1 38 47 10 26 23 46 16 15 19 13 24 2 44 42 12 50 35 14 30 20 45 29 28 43 17 3 22 5 34 6 18 33
    25 44 34 3 15 9 45 41 16 5 50 1 22 11 23 26 6 24 17 37 14 18 38 13 29 4 42 10 28 39 43 31 8 27 46 19 21 48 12 20 36 7 32 2 49 40 30 33 35 47
    44 26 33 50 40 48 45 7 30 36 32 8 18 20 1 47 10 6 42 2 12 31 46 49 11 37 38 28 27 19 29 23 5 22 24 43 25 16 35 39 15 4 21 41 14 3 17 9 34 13
    25 8 22 16 36 20 31 11 15 6 41 35 2 37 38 7 24 17 5 30 12 26 27 28 49 40 21 29 1 14 46 32 4 45 42 13 48 39 10 33 50 19 23 3 9 18 47 34 43 44
    14 21 33 44 28 18 24 47 23 37 31 35 34 36 27 49 20 6 32 12 25 11 9 39 40 22 3 29 41 19 13 7 30 42 17 46 15 1 2 5 10 50 8 4 45 26 43 48 16 38
    33 34 38 1 47 26 24 39 17 22 40 3 48 11 4 25 23 50 2 29 27 9 20 37 21 32 49 36 10 31 13 15 28 41 7 42 18 14 6 45 5 19 46 30 35 16 44 12 43 8
    29 9 33 44 23 37 7 36 6 12 42 48 10 49 11 13 31 2 24 16 21 27 17 43 14 39 40 3 41 4 26 19 32 30 45 15 46 38 50 28 1 34 20 47 8 18 35 25 22 5
    20 13 24 50 14 29 27 17 10 34 6 18 39 48 40 38 31 23 3 33 5 7 46 11 12 36 49 43 9 28 45 25 21 15 4 44 30 2 22 19 37 41 1 16 32 35 26 8 47 42
    34 24 13 3 43 23 36 48 25 31 11 4 47 46 6 2 18 37 49 26 8 35 33 15 14 41 22 1 12 50 5 20 16 30 42 32 10 44 19 21 38 39 9 28 17 7 45 27 29 40
    14 3 42 15 2 38 33 5 13 17 11 41 35 45 1 27 26 16 49 37 6 8 46 22 12 29 21 28 19 20 7 43 48 34 44 32 9 4 25 39 23 36 50 24 31 40 10 30 18 47
    35 11 15 41 28 32 3 47 50 36 26 42 14 12 27 21 4 34 13 19 45 29 7 17 25 38 8 5 18 39 44 33 24 20 16 22 2 40 9 6 30 43 49 31 1 48 10 23 37 46
    27 12 50 46 42 3 43 11 1 44 21 2 4 34 45 15 48 18 38 5 29 41 39 26 35 36 6 40 9 28 17 33 30 31 8 22 10 19 20 32 23 24 14 25 7 13 16 37 49 47
    16 2 22 3 47 45 13 11 40 29 33 39 42 6 38 10 5 46 1 12 32 15 41 18 43 27 19 26 48 30 9 31 50 17 49 37 7 20 4 14 34 28 25 8 21 35 23 24 36 44
    20 8 47 27 41 50 44 4 34 23 17 6 5 48 14 10 31 26 43 18 11 49 33 19 28 25 13 21 37 40 7 1 36 46 3 38 12 24 29 22 39 9 2 30 42 35 32 45 15 16
    15 17 44 50 21 5 40 41 25 37 38 36 6 39 12 22 20 14 28 3 23 27 24 10 26 9 11 48 42 31 35 46 8 33 34 45 13 7 18 47 29 1 43 32 49 19 30 4 2 16
    40 22 11 15 35 50 46 45 16 48 25 49 3 18 6 13 38 44 10 19 33 4 20 5 21 41 26 43 14 47 29 2 27 23 17 12 24 37 9 39 36 32 8 42 34 31 28 1 7 30
    32 7 2 35 50 5 22 37 47 42 36 16 34 33 48 14 25 26 12 11 20 28 40 6 24 45 44 38 31 39 17 10 8 18 9 41 29 1 19 23 15 21 3 4 13 46 49 27 43 30
    50 16 26 44 8 15 19 2 31 21 20 14 6 48 41 42 11 33 24 17 39 36 35 18 47 9 10 49 5 30 46 34 7 28 3 1 13 40 37 23 22 45 43 12 38 4 25 29 32 27
    43 6 8 49 26 16 21 28 37 27 7 47 45 4 5 33 48 41 50 14 15 22 9 35 32 31 1 18 23 40 17 3 12 29 36 19 2 25 20 13 24 39 30 44 34 38 42 46 11 10
    39 1 44 16 37 2 19 20 45 46 38 33 47 3 13 42 24 25 9 43 23 41 21 15 18 27 34 28 5 4 8 35 17 26 48 36 7 30 29 14 12 6 11 10 40 22 32 50 31 49
    40 31 45 4 47 38 19 5 46 9 25 23 15 37 18 41 20 8 6 39 22 10 35 33 26 14 17 24 28 48 16 36 43 50 11 12 42 7 3 34 13 21 2 49 27 44 1 29 32 30
    1 32 2 4 40 26 39 36 6 47 17 22 14 41 11 43 20 21 37 35 44 46 28 18 45 34 27 25 48 13 38 49 19 31 29 10 33 8 30 23 16 12 24 42 50 3 7 5 15 9
    15 30 32 35 40 23 12 11 10 3 29 8 31 16 45 13 50 48 2 46 43 38 6 49 17 27 1 4 22 25 34 5 37 19 26 9 20 33 36 39 24 14 7 42 44 41 28 21 47 18
    30 32 15 16 40 1 49 50 41 3 33 8 36 20 46 2 37 29 21 38 17 7 22 42 26 31 4 5 24 23 13 43 19 25 10 34 28 45 47 39 44 14 35 11 9 12 6 48 18 27
    26 42 49 1 32 40 43 30 46 11 50 36 6 17 23 3 5 2 10 18 15 41 33 7 29 8 48 44 37 31 22 24 45 19 38 13 35 27 39 28 14 21 12 9 16 4 20 25 47 34
    43 36 34 22 48 31 2 10 25 13 29 1 5 12 42 44 46 20 35 40 23 50 15 45 38 21 6 37 9 17 4 19 47 33 27 32 26 16 8 49 11 41 3 39 30 18 24 14 28 7
    3 44 6 11 40 39 12 19 43 46 24 16 13 1 23 38 32 37 42 31 41 45 34 5 29 18 47 48 30 4 20 49 27 36 10 22 7 28 8 33 2 9 35 50 21 17 15 14 26 25
    17 33 39 6 23 30 50 36 5 12 9 37 20 25 10 11 41 13 32 29 34 21 35 3 40 46 7 1 2 16 45 38 4 31 44 26 24 42 14 48 47 28 22 8 15 19 43 27 49 18
    49 24 27 34 41 25 3 13 46 11 12 14 20 39 26 32 47 48 36 35 8 9 7 33 1 37 2 23 6 17 40 21 29 22 38 28 42 5 4 44 10 43 18 15 30 31 50 19 16 45
    44 1 24 12 27 18 4 8 16 28 41 6 20 2 13 22 23 40 47 3 45 36 15 29 38 25 37 19 10 35 43 21 5 26 30 50 31 48 49 33 11 9 32 42 7 17 14 46 39 34
    25 36 20 40 23 14 17 38 33 5 28 7 3 49 30 29 22 43 2 35 1 31 12 41 26 34 11 48 24 4 10 27 32 8 21 39 42 50 47 15 16 46 37 45 44 9 18 6 13 19
    17 35 18 9 27 16 14 28 33 11 23 26 44 13 49 15 19 31 22 48 45 34 5 39 29 50 21 3 12 32 4 43 25 8 2 30 38 6 36 37 47 41 40 7 1 20 46 10 42 24
    33 10 17 30 6 28 39 50 26 34 29 46 31 27 47 24 44 19 2 15 38 13 11 43 35 45 18 23 8 16 4 37 25 3 42 5 7 36 49 22 48 9 14 21 40 12 32 41 1 20
    18 42 20 6 35 5 38 49 15 46 39 10 16 23 22 44 19 41 47 32 27 7 31 43 3 45 28 48 26 25 21 11 40 13 8 9 30 4 50 36 29 34 17 1 2 33 14 24 12 37
    2 6 35 49 41 9 36 14 15 24 13 50 29 11 10 8 7 30 48 47 44 43 3 19 34 40 28 32 20 42 25 16 1 26 46 33 12 21 22 45 18 39 4 27 31 5 23 38 17 37
    11 4 37 1 41 3 20 8 27 31 28 36 19 33 32 18 25 13 30 43 2 15 35 40 46 45 47 6 14 39 38 7 24 34 42 22 50 29 10 17 26 9 12 48 5 23 16 21 44 49
    33 22 48 28 39 37 43 19 47 9 4 17 10 12 14 40 23 8 18 26 44 45 35 41 50 3 13 49 31 42 21 11 34 24 30 32 1 46 29 27 36 6 15 20 25 7 38 5 16 2
    22 44 2 1 28 42 38 20 5 16 4 25 6 48 13 49 15 24 31 26 37 47 45 33 46 3 32 18 17 21 41 11 34 43 14 29 50 39 36 12 9 7 23 35 8 19 27 40 30 10
    13 16 18 3 9 40 22 50 39 7 11 42 21 1 37 24 14 20 48 19 25 2 15 27 17 47 44 8 30 12 41 5 34 26 33 6 28 29 4 32 38 36 31 23 35 49 43 45 10 46
    30 20 26 1 3 22 37 44 7 4 25 17 14 23 46 24 27 5 49 45 50 48 36 9 38 15 42 12 13 40 34 41 11 18 19 39 16 47 8 28 33 43 21 31 10 2 29 32 6 35
    23 15 12 33 18 48 46 44 16 20 5 38 13 32 11 41 4 27 39 17 29 8 3 35 49 43 22 31 42 14 34 1 2 9 7 36 10 50 26 28 21 19 24 45 25 6 30 47 40 37
    36 12 10 29 48 13 21 39 47 23 9 32 1 22 43 27 49 17 16 18 45 50 34 14 28 46 3 15 8 30 41 26 25 38 42 35 44 20 6 7 4 2 19 40 37 5 11 31 33 24
    23 45 41 21 14 49 48 2 6 35 11 32 8 13 50 33 40 3 22 46 38 28 16 19 24 34 27 10 18 47 31 4 29 25 5 17 15 43 1 39 44 30 7 12 20 9 42 36 37 26
    17 32 5 28 49 4 1 16 34 50 25 7 40 42 20 12 23 13 45 26 8 2 24 31 30 21 46 43 47 11 6 44 39 35 3 41 38 37 36 15 19 33 22 9 10 29 27 18 48 14
    18 46 42 16 27 7 45 34 25 19 12 1 5 6 32 14 37 10 2 36 44 29 40 50 47 4 23 26 49 8 22 24 39 13 35 15 41 9 33 43 20 28 17 48 30 21 31 38 3 11
    6 5 29 38 48 33 7 49 37 2 10 47 46 40 11 22 26 44 8 14 50 3 35 27 28 39 34 45 31 17 20 43 16 4 1 13 12 9 32 24 41 21 19 42 18 15 25 23 36 30
    25 33 3 48 16 19 9 27 5 43 37 1 4 18 35 21 36 49 31 2 26 20 10 45 13 50 8 22 28 17 46 6 7 34 29 38 39 23 41 44 47 15 24 40 30 12 14 32 42 11
    37 48 40 46 50 25 18 21 2 36 24 38 35 14 16 15 28 49 41 32 11 6 19 29 39 22 8 5 30 23 26 4 31 10 43 33 34 12 3 13 44 42 17 1 9 7 27 45 20 47
    16 26 19 49 42 50 1 39 44 31 45 22 17 36 37 38 18 3 7 41 21 28 46 29 15 40 25 33 14 5 2 6 35 27 10 30 8 47 9 12 32 48 4 13 11 24 20 23 34 43
    14 26 33 34 28 41 27 31 45 4 21 30 18 9 38 11 48 43 49 3 19 36 1 39 47 7 25 13 50 17 35 16 46 29 6 23 8 40 42 2 44 24 20 32 12 37 5 22 10 15
    38 7 13 41 10 12 15 2 18 21 48 5 27 11 3 29 50 9 37 35 30 20 24 49 1 25 16 23 22 46 40 44 4 42 47 36 14 43 32 34 39 19 33 17 26 45 8 28 31 6
    3 18 29 26 31 2 41 21 46 23 35 17 22 33 49 12 44 38 14 11 39 28 13 24 50 36 8 47 20 4 42 48 30 25 15 19 37 9 45 1 5 34 43 32 10 16 40 6 7 27
    28 32 12 23 17 50 5 16 7 2 36 8 44 40 20 9 34 41 47 26 6 45 46 24 21 43 29 48 30 14 39 42 33 25 49 18 37 3 38 4 31 13 27 11 19 1 15 10 35 22
    40 5 17 45 23 10 43 24 29 22 4 36 31 8 50 18 14 49 34 11 27 25 7 1 35 28 20 13 21 41 9 19 48 38 6 47 15 42 46 39 16 2 30 12 33 44 3 37 26 32
    34 40 10 49 33 5 19 45 36 48 42 50 37 18 44 12 24 17 1 26 3 23 31 38 39 27 2 15 11 20 46 7 41 14 32 22 30 25 28 4 35 13 6 21 9 29 47 16 8 43
    6 10 34 48 12 21 49 11 31 14 37 15 39 3 47 1 32 43 7 44 36 28 25 20 9 19 26 24 45 22 2 16 35 46 4 29 33 41 50 18 27 42 30 17 8 23 13 5 38 40
    18 49 11 33 10 29 28 25 45 4 9 43 14 23 39 31 40 48 24 3 44 37 13 20 38 26 19 41 34 27 7 1 46 15 5 12 35 17 22 21 42 36 32 8 50 47 30 2 16 6
    33 19 42 49 35 21 34 31 18 9 45 36 40 8 48 41 10 37 14 7 16 25 6 17 43 22 39 50 23 5 24 46 27 15 1 13 47 12 29 20 28 30 38 11 32 44 4 26 3 2
    15 40 3 27 36 44 17 31 43 46 29 7 1 22 21 33 12 39 38 13 4 19 2 23 37 32 6 10 16 41 50 35 28 49 47 30 20 26 48 14 25 11 34 5 18 42 45 8 24 9
    1 44 43 30 45 18 34 25 42 20 38 15 6 49 21 27 39 8 9 14 35 19 36 46 33 41 5 28 22 40 37 29 13 24 17 47 3 12 48 10 31 26 32 7 16 11 50 2 4 23
    11 47 3 20 15 13 17 44 9 42 19 45 24 34 6 12 37 30 4 23 7 18 48 29 21 25 43 40 33 31 28 8 38 1 35 39 32 50 22 26 49 36 10 41 2 14 5 27 46 16
    45 10 44 11 23 12 48 8 17 36 39 21 25 19 38 34 14 15 35 43 32 41 31 42 33 2 6 4 18 50 49 3 24 7 1 26 40 22 28 16 30 29 47 46 20 13 5 37 27 9
    16 35 24 28 10 21 3 13 30 36 33 34 43 49 32 27 40 29 44 42 2 39 5 18 37 26 23 17 19 50 47 14 48 25 22 46 8 20 4 41 6 1 31 12 45 9 15 7 11 38
    38 41 17 1 47 45 48 35 43 46 29 40 22 14 10 21 49 33 2 12 32 18 13 5 25 28 4 3 26 37 9 39 6 42 30 31 23 15 19 24 44 50 20 34 36 27 8 7 16 11
    28 6 45 13 21 36 4 3 26 44 20 50 43 22 41 7 1 40 10 9 16 33 18 35 48 24 27 8 5 34 30 38 47 19 32 49 17 11 46 14 31 15 42 12 23 39 37 25 29 2
    30 37 15 4 38 10 35 9 28 12 20 46 2 49 26 47 21 19 25 7 14 23 41 31 5 27 44 17 40 6 36 24 1 22 45 39 34 48 29 16 32 3 43 18 33 13 8 50 11 42
    41 20 29 24 49 30 44 7 16 48 9 8 36 3 12 19 47 32 25 35 42 14 38 11 6 18 27 23 13 4 31 22 26 45 46 15 21 34 1 40 17 37 2 50 5 10 39 43 33 28

