51

    2 18 51 37 14 25 13 39 35 11 23 34 48 33 26 3 36 19 9 21 10 16 49 7 38 17 8 1 32 28 45 5 40 46 12 31 20 4 47 27 24 30 6 42 50 41 29 43 44 22 15
    1 18 42 47 17 29 19 49 21 45 2 12 26 8 24 34 15 23 48 20 40 46 13 25 7 9 33 51 4 6 38 43 10 30 37 5 35 28 11 22 36 16 32 41 14 27 39 31 3 50 44
    42 51 19 14 32 33 36 43 39 35 10 49 23 26 18 20 13 9 30 27 31 45 17 15 41 48 34 7 50 44 28 21 1 2 47 37 16 4 25 22 38 24 12 40 11 46 8 6 3 5 29
    38 42 8 26 19 39 40 50 18 5 43 27 41 9 34 13 32 23 21 3 10 1 6 17 14 49 45 48 16 44 12 30 7 24 20 28 4 47 29 22 46 35 36 33 11 37 2 15 31 25 51
    41 48 1 32 2 6 14 16 24 37 47 20 23 49 21 7 44 51 50 27 34 29 9 19 39 25 26 22 18 13 42 33 10 11 12 31 30 8 17 35 38 3 43 45 5 36 46 4 15 40 28
    18 35 6 22 28 24 13 26 15 46 16 34 27 44 50 7 12 20 47 11 2 45 14 3 41 30 17 39 5 43 21 37 48 32 38 25 51 9 33 10 31 4 29 49 1 36 42 23 40 8 19
    20 47 44 36 5 41 2 9 35 25 21 30 13 49 33 31 34 42 28 1 10 39 45 37 16 50 29 3 4 24 26 7 11 40 32 51 27 48 12 23 43 6 8 19 15 14 17 38 46 22 18
    44 23 50 24 49 41 10 27 1 19 32 20 5 15 21 29 46 17 2 11 47 30 8 35 39 28 22 16 25 26 45 33 6 4 42 40 13 12 18 9 43 3 51 38 7 36 48 34 31 14 37
    7 36 16 19 14 38 31 32 17 22 49 3 48 12 13 20 1 18 35 23 47 33 10 24 15 5 51 44 27 4 2 42 6 21 34 45 8 39 50 26 43 25 9 37 40 29 11 28 41 30 46
    30 16 14 11 51 12 17 29 8 9 49 23 40 50 22 5 46 42 26 31 35 36 48 32 45 18 19 15 34 3 2 41 7 37 25 39 27 20 1 38 13 6 44 4 33 21 47 28 10 24 43
    45 11 47 30 27 41 14 44 1 4 16 15 38 31 32 43 46 36 35 29 39 51 7 25 18 8 5 48 13 12 2 33 3 40 22 10 37 49 28 42 50 17 34 26 23 20 9 24 21 19 6
    12 49 41 25 23 36 14 24 26 8 37 20 47 34 44 9 22 17 18 51 15 10 40 46 11 42 43 21 5 31 19 39 13 6 2 48 1 4 50 7 38 32 45 29 28 16 27 35 30 3 33
    48 15 14 47 31 26 3 41 36 32 5 50 18 25 43 7 19 10 1 20 16 29 33 51 40 42 8 21 24 23 35 2 46 4 17 34 45 12 6 11 30 37 13 49 28 9 44 39 27 38 22
    14 40 26 33 7 23 13 46 39 20 41 3 24 17 34 5 6 44 29 43 16 22 36 12 48 31 4 1 19 50 10 30 2 11 38 18 35 47 21 51 8 28 45 32 42 9 15 37 49 27 25
    36 16 44 17 4 43 10 45 3 50 22 11 19 37 8 32 40 18 1 42 33 2 6 51 30 46 35 29 14 13 31 24 49 41 27 25 34 39 9 47 26 38 15 5 23 7 21 28 20 48 12
    38 47 9 1 29 18 37 31 36 12 4 25 7 35 46 10 28 27 14 40 32 26 42 50 13 8 16 41 6 20 24 44 49 33 17 34 23 2 22 45 19 43 48 11 5 30 3 15 51 39 21
    42 49 36 9 17 30 48 46 26 27 16 14 8 11 24 38 43 40 20 35 6 12 39 28 51 25 47 2 13 21 45 3 1 15 5 22 32 10 34 19 4 29 18 41 23 50 31 37 33 7 44
    11 27 18 42 50 44 48 41 38 33 49 4 40 20 15 28 17 43 10 12 6 7 37 51 35 19 14 47 16 22 30 32 31 39 26 29 25 5 13 34 21 3 24 45 46 9 36 8 23 2 1
    12 14 49 19 6 10 1 45 22 33 51 9 35 25 43 41 30 20 46 32 3 29 38 34 26 27 44 2 13 15 18 40 48 36 7 28 21 23 4 37 16 50 8 17 24 47 31 5 39 42 11
    9 34 28 32 20 45 30 46 42 7 26 31 23 19 33 15 47 36 24 44 49 2 41 10 29 5 21 17 38 27 13 22 12 6 25 18 35 4 51 3 1 37 48 14 11 8 39 16 43 50 40
    34 12 51 30 41 27 25 16 39 29 15 23 3 38 37 24 40 1 2 43 33 9 44 46 49 32 36 11 26 35 47 14 50 31 8 4 10 7 42 19 17 13 45 6 22 20 5 48 18 21 28
    42 48 25 31 12 18 7 44 13 39 10 16 11 30 15 4 32 41 28 46 21 2 9 6 50 37 14 36 34 27 26 51 5 24 1 29 17 38 8 3 45 40 43 22 33 23 47 19 35 49 20
    14 7 37 27 41 34 12 39 15 25 26 30 47 2 13 19 24 17 42 22 45 33 6 10 46 49 23 40 35 29 20 3 16 31 1 21 8 44 11 28 50 4 36 5 32 38 48 43 9 18 51
    2 24 47 8 51 42 10 28 30 5 9 32 36 13 38 18 19 35 25 14 46 27 50 45 34 22 11 1 17 12 43 31 37 3 21 23 16 7 48 29 4 15 49 40 20 26 6 44 39 33 41
    35 31 47 5 8 42 9 51 25 18 36 16 46 3 32 11 13 10 48 12 49 27 2 26 23 7 6 38 4 21 29 44 22 20 50 28 17 43 14 45 39 19 1 15 41 34 30 40 24 33 37
    4 10 23 8 27 3 31 41 13 48 7 42 24 22 33 51 25 21 49 26 28 20 30 9 32 6 34 1 12 36 44 15 35 16 17 5 43 19 47 39 37 2 45 18 46 29 14 50 40 38 11
    15 24 49 18 9 14 10 42 17 35 41 30 1 32 2 7 31 23 51 34 27 12 6 22 46 33 45 19 38 16 26 25 13 29 28 8 47 44 40 20 21 39 4 3 5 50 43 36 37 11 48
    41 42 43 38 32 19 50 48 37 20 28 34 9 35 16 40 13 8 39 1 15 44 33 18 46 5 27 47 23 14 6 11 3 26 30 7 17 49 12 21 51 22 45 24 31 29 25 4 2 36 10
    11 18 44 12 47 31 36 3 19 43 32 34 9 42 35 33 17 1 15 7 10 49 21 23 13 2 41 38 8 20 26 30 48 16 14 51 39 22 27 5 29 4 25 50 28 24 45 46 37 6 40
    31 36 51 45 2 3 26 34 42 17 33 12 9 6 18 7 14 5 29 35 32 15 38 22 1 23 27 37 48 13 19 40 43 10 20 25 46 50 11 21 44 4 41 16 39 47 28 30 8 49 24
    7 45 42 49 13 9 12 31 28 4 34 35 30 25 36 38 47 21 18 33 32 37 23 2 16 1 17 19 41 24 8 14 40 3 43 46 6 44 39 10 48 20 15 29 27 5 51 26 50 22 11
    7 32 47 18 15 29 8 46 3 28 38 44 22 25 41 13 14 5 51 16 1 27 35 50 12 34 48 39 4 33 23 42 24 43 9 19 31 26 17 45 11 30 21 2 49 36 37 40 10 6 20
    17 22 19 20 29 16 37 5 8 27 14 4 39 13 12 18 42 40 36 46 32 48 9 3 15 30 47 25 33 21 7 51 2 24 11 35 10 23 49 45 28 43 1 44 50 26 31 34 38 41 6
    1 49 50 35 20 8 42 24 21 9 45 26 44 16 32 39 41 5 33 22 6 17 34 43 18 31 38 25 2 7 51 27 37 23 30 46 28 15 36 29 12 10 3 14 11 13 47 40 4 19 48
    28 37 50 36 16 34 7 31 10 41 18 47 27 42 3 44 46 29 14 22 23 26 38 2 40 6 15 51 19 8 45 20 4 39 12 43 25 24 48 49 5 35 21 13 9 17 1 33 32 11 30
    15 49 7 4 51 30 42 12 23 24 20 18 8 14 19 40 28 37 48 50 2 38 17 16 36 47 11 26 41 22 32 35 5 27 43 33 39 10 29 9 1 44 45 6 21 3 13 34 25 46 31
    45 38 26 39 30 48 25 41 2 1 50 43 42 13 31 14 7 22 20 35 12 17 29 9 8 27 36 40 49 28 33 23 44 5 21 10 34 16 51 4 15 46 19 47 11 6 18 37 32 24 3
    16 2 43 45 48 27 3 18 51 32 47 5 31 6 14 35 46 10 50 28 36 26 29 15 39 19 22 42 24 12 40 49 34 25 8 7 9 13 17 20 30 41 38 1 44 23 33 21 11 37 4
    34 4 7 24 44 38 18 51 32 23 2 15 21 11 35 10 16 9 19 41 1 47 14 28 33 20 8 12 31 43 42 49 5 37 36 46 48 13 40 29 27 3 39 6 22 17 45 26 25 50 30
    19 6 26 50 44 32 21 13 3 47 33 31 10 14 38 28 37 5 1 34 42 2 27 43 45 9 35 41 29 36 30 17 49 46 8 15 40 39 12 16 22 48 25 7 20 24 51 18 23 4 11
    19 4 51 24 37 42 1 27 26 8 29 10 11 21 44 12 33 28 9 7 30 22 32 14 35 13 41 31 36 20 16 34 48 23 49 2 38 18 15 46 17 47 5 25 3 6 50 40 45 43 39
    39 7 3 26 5 44 51 10 49 34 19 15 30 48 2 16 47 32 45 42 33 36 18 43 23 37 14 21 50 20 9 11 35 8 22 40 25 27 41 38 1 28 6 12 13 29 31 4 46 24 17
    39 1 6 3 11 48 45 20 32 19 10 43 33 36 26 16 7 17 37 50 40 13 28 47 35 27 42 41 21 24 18 15 22 38 31 29 9 46 30 2 34 5 12 51 14 25 4 44 23 49 8
    2 11 20 24 25 47 17 28 37 48 35 45 43 6 51 38 22 1 4 36 42 16 33 46 12 49 44 27 9 15 39 30 26 29 31 40 14 21 8 7 50 10 34 3 5 13 19 41 23 32 18
    42 51 16 25 22 29 49 7 43 36 32 9 31 5 41 1 19 35 24 23 12 45 38 17 50 39 2 10 15 37 11 48 6 14 28 13 40 8 34 3 44 47 4 18 30 33 21 20 27 26 46
    24 50 33 14 26 6 16 27 12 10 20 4 15 34 8 2 29 7 11 21 25 38 19 9 46 40 23 39 28 45 41 44 37 1 30 43 48 51 35 31 42 32 22 36 3 17 49 13 47 5 18
    13 44 29 2 46 45 10 41 8 33 12 9 40 30 7 23 6 20 11 17 42 36 21 38 16 3 48 31 22 4 5 37 15 14 51 50 24 27 35 39 32 34 47 43 1 28 49 25 19 26 18
    25 45 20 50 2 42 40 41 46 49 32 19 37 9 21 29 7 39 12 22 16 15 23 6 28 14 17 31 35 27 33 24 51 10 43 30 47 3 38 8 1 18 44 34 26 48 13 4 5 36 11
    40 9 30 33 32 51 14 19 1 42 4 10 8 2 6 16 7 26 3 23 20 25 38 18 22 29 49 45 13 43 37 11 41 35 46 17 39 50 36 48 31 24 12 5 44 28 47 27 21 34 15
    2 27 44 8 14 21 26 30 50 48 43 13 32 7 11 15 35 29 19 6 22 46 4 45 33 41 16 37 5 39 40 3 42 34 20 25 47 1 10 49 28 38 9 51 17 23 31 18 24 36 12
    1 13 49 17 12 37 15 23 5 36 20 18 14 51 42 34 31 6 21 22 50 11 45 24 33 3 9 40 43 25 41 19 32 29 30 38 28 10 27 26 46 39 16 47 7 4 35 2 48 44 8
    24 33 48 11 44 36 42 2 43 28 30 18 20 4 5 35 32 12 17 19 50 15 10 6 37 31 47 16 38 9 29 49 51 1 23 27 39 21 25 7 14 41 8 46 26 3 45 34 40 22 13
    11 51 37 13 33 4 30 47 21 9 34 38 39 29 1 27 18 2 48 16 20 23 32 42 8 7 25 10 43 14 50 6 24 46 15 31 44 19 26 5 49 17 22 40 36 28 35 3 45 12 41
    21 44 20 36 38 16 41 37 34 13 47 14 49 9 31 19 26 45 50 30 12 1 8 17 43 18 22 40 28 2 15 32 11 46 5 51 33 27 39 7 6 29 35 4 25 24 23 42 10 3 48
    48 16 39 36 32 12 37 51 38 30 11 6 28 2 25 29 50 44 26 42 49 31 14 22 43 19 47 23 7 18 3 21 40 27 15 45 33 24 41 1 13 9 35 46 34 8 17 5 20 10 4
    21 36 2 13 20 31 10 3 8 4 6 14 49 24 16 51 41 26 1 19 39 48 9 45 33 28 44 18 17 23 38 27 40 35 43 22 25 30 7 12 47 46 37 32 15 5 42 29 50 34 11
    27 23 38 11 14 20 41 35 25 5 36 30 51 42 50 37 4 45 28 17 13 34 6 7 16 44 48 12 3 24 18 21 31 29 47 10 39 22 2 33 15 19 9 49 32 43 46 40 8 26 1
    51 5 42 9 37 18 24 11 20 34 2 43 15 41 3 36 49 50 38 4 32 19 33 29 10 27 22 21 6 16 39 12 28 14 30 47 7 26 45 44 40 31 17 13 46 48 25 1 23 8 35
    21 40 41 48 22 24 15 4 38 17 13 42 1 26 3 6 9 10 46 29 45 23 30 2 50 36 20 43 33 27 31 14 37 51 34 7 28 32 44 18 39 25 35 12 11 5 47 8 49 16 19
    50 30 36 22 16 5 40 1 28 10 18 9 14 8 31 46 17 21 7 39 23 11 20 33 48 19 51 37 34 47 38 3 26 6 32 45 12 49 13 44 2 43 29 15 25 24 27 41 35 4 42
    10 48 2 16 29 9 42 3 35 15 39 20 7 44 5 46 13 49 25 47 11 21 41 45 12 28 40 36 17 37 23 50 1 18 33 22 4 43 8 30 34 19 51 27 32 38 31 24 6 26 14
    32 23 6 44 51 49 28 38 24 29 20 5 18 17 11 46 13 30 7 47 42 8 19 10 4 48 12 43 21 9 22 34 16 14 35 3 2 1 27 40 26 31 41 45 33 36 39 37 15 50 25
    47 1 21 44 31 29 34 48 4 38 6 17 51 39 9 10 15 20 3 24 2 23 25 22 37 50 18 36 41 46 16 7 8 33 26 14 11 19 28 49 35 32 45 27 42 13 40 5 12 43 30
    3 30 43 19 10 42 40 21 34 51 2 27 18 16 28 46 4 23 12 47 17 8 33 14 11 29 5 15 38 45 44 41 49 35 39 1 48 20 7 22 24 9 13 37 25 32 26 31 36 6 50
    37 49 13 31 10 47 22 15 29 51 26 32 21 25 30 42 38 39 35 5 19 4 48 1 3 34 2 17 18 20 50 36 9 12 43 33 40 28 11 7 8 44 46 23 27 45 6 16 24 41 14
    7 20 16 24 36 35 37 10 22 18 33 3 30 1 45 28 25 46 5 47 4 2 17 34 8 51 13 6 11 31 41 14 12 44 15 50 26 48 21 39 40 29 27 43 38 23 42 32 19 49 9
    6 23 15 47 21 28 9 30 17 10 33 22 24 44 37 8 26 16 19 3 49 7 13 18 48 43 50 34 25 5 29 42 2 1 36 4 40 39 11 41 31 51 38 27 14 46 32 45 35 12 20
    51 38 12 37 35 36 43 30 22 2 49 23 7 6 32 19 34 1 39 4 13 17 16 15 3 29 50 26 45 5 41 27 9 18 46 14 8 47 10 48 21 44 25 33 20 31 11 24 42 28 40
    12 46 45 25 47 24 43 23 21 14 36 33 8 17 39 49 40 51 18 5 30 15 22 1 11 10 6 9 32 34 31 19 42 48 2 7 20 41 37 27 35 28 44 29 4 3 16 50 13 26 38
    41 30 17 35 29 50 44 34 16 10 26 8 20 37 51 38 27 5 11 36 43 31 25 12 9 21 48 40 39 19 49 46 42 24 18 14 23 45 4 7 47 33 32 1 3 13 28 15 6 22 2
    51 1 2 32 34 16 11 33 43 4 29 12 15 35 44 45 7 25 50 41 5 20 8 10 23 9 46 49 19 39 36 37 17 28 42 24 47 48 14 27 31 21 38 40 6 30 3 26 22 18 13
    31 18 17 33 35 26 3 14 22 20 2 50 9 51 36 16 11 27 46 37 40 21 34 15 48 32 41 30 23 42 29 24 1 19 10 5 44 39 43 4 25 38 8 28 45 49 7 47 12 13 6
    34 35 12 38 9 15 17 49 14 33 51 23 16 8 3 40 25 13 27 32 11 44 43 37 48 2 26 50 31 7 45 20 24 21 4 6 41 19 10 30 39 46 5 36 29 42 47 1 18 22 28
    17 20 5 26 47 51 37 2 45 32 48 29 35 30 34 13 27 39 14 41 21 8 36 11 33 31 7 23 18 16 19 50 49 40 28 42 9 44 24 3 15 6 1 22 38 12 4 43 46 10 25
    42 50 16 23 29 35 22 26 47 41 32 34 48 25 43 15 45 20 33 12 13 18 49 2 30 17 46 21 5 39 38 8 51 36 3 27 6 7 1 37 19 11 4 14 9 40 10 24 28 31 44
    50 3 30 22 13 35 2 14 32 29 4 11 31 16 27 42 33 51 41 5 25 21 6 38 26 36 40 47 15 8 48 49 20 17 28 12 10 24 19 43 9 45 1 44 46 23 37 18 34 39 7
    7 19 29 2 45 25 35 50 43 21 32 39 26 38 41 8 46 4 14 16 34 6 9 51 12 48 17 24 44 47 13 10 3 20 23 22 42 37 15 40 33 28 18 1 31 27 36 11 49 30 5
    17 10 35 34 11 3 30 43 19 45 16 28 29 21 49 13 46 12 25 24 51 47 42 7 6 48 50 1 31 2 27 20 44 5 8 9 18 33 26 39 32 15 37 4 36 40 41 38 22 14 23
    23 33 18 47 7 35 34 20 48 29 45 24 32 44 36 37 50 42 51 41 28 38 43 22 5 31 27 10 4 49 11 9 14 46 26 1 19 13 15 40 8 25 3 21 12 6 30 2 16 17 39
    24 14 25 9 20 1 39 26 46 40 4 30 50 17 45 23 18 5 15 36 49 13 44 34 11 35 19 8 29 37 7 47 51 27 6 16 43 33 21 42 2 48 28 22 32 10 3 31 38 12 41
    6 17 34 45 39 19 42 3 43 47 16 18 33 14 22 9 4 30 51 31 48 26 49 2 7 5 38 13 27 15 21 35 29 11 20 40 28 32 36 50 41 46 8 25 24 37 12 23 10 44 1
    29 16 48 46 13 27 18 49 51 10 45 7 41 17 12 30 3 19 9 6 4 47 21 28 24 38 43 36 44 1 34 50 35 22 8 31 25 42 32 5 15 23 39 26 2 14 11 40 33 20 37
    27 3 6 13 14 35 19 50 24 46 42 28 45 47 39 25 49 2 40 17 22 11 12 7 48 9 26 15 21 36 30 10 38 1 29 44 41 31 5 34 23 32 4 43 8 37 33 18 16 51 20
    44 41 16 38 32 45 13 43 27 1 37 21 47 33 8 42 19 28 14 12 22 23 36 3 29 17 20 11 31 10 46 39 30 7 26 51 24 35 34 6 50 49 48 18 9 25 5 2 4 15 40
    45 6 21 25 44 16 29 26 31 32 20 36 38 35 48 42 2 23 19 1 11 33 17 8 37 15 51 47 46 43 39 24 50 28 30 22 18 41 49 9 14 27 34 40 12 5 10 3 13 7 4
    37 34 2 47 46 29 48 31 28 16 22 40 18 21 51 5 49 45 11 32 9 19 6 36 42 43 41 17 33 30 38 13 24 4 8 14 15 44 25 12 39 10 7 23 50 35 26 27 3 1 20
    35 21 42 3 20 2 12 5 44 17 13 16 10 51 19 28 45 24 9 48 31 23 40 41 33 14 36 7 1 8 34 30 37 50 4 38 43 18 6 22 29 46 11 26 27 49 15 39 47 25 32
    16 27 25 7 35 33 39 30 26 40 29 51 38 10 22 41 21 9 23 3 12 17 42 46 36 44 28 15 31 43 48 6 24 4 47 11 32 45 18 34 50 49 8 5 37 20 13 2 14 1 19
    6 40 3 13 8 37 44 16 17 51 36 20 46 31 47 32 48 38 9 33 27 2 34 4 45 43 29 26 24 18 12 28 11 22 21 39 50 25 35 42 5 7 23 49 30 41 15 19 14 10 1
    35 17 22 23 49 8 37 20 42 43 11 31 41 5 46 25 18 36 44 26 21 47 13 51 1 4 28 2 7 9 30 16 32 29 15 40 14 12 19 27 24 33 39 50 6 45 10 38 48 34 3
    36 19 5 47 39 32 1 21 43 17 12 20 30 4 9 24 50 48 44 6 27 16 49 38 15 23 40 46 8 3 11 42 13 28 2 41 18 14 22 35 45 29 26 34 37 7 25 10 51 31 33
    6 1 12 33 32 11 37 25 46 42 50 20 13 48 24 5 40 8 3 16 10 23 39 2 49 43 26 34 4 47 45 31 21 9 30 22 41 29 38 35 14 15 44 17 27 18 7 36 19 51 28
    1 35 23 5 15 28 31 24 9 14 44 7 10 17 45 19 34 50 26 12 43 22 2 51 25 46 40 4 16 13 36 20 27 48 29 32 39 3 21 33 49 38 41 11 8 18 37 42 6 47 30
    3 1 40 12 34 49 16 48 18 25 42 19 45 21 26 20 51 5 24 31 2 36 47 6 32 29 7 28 35 27 33 44 13 43 50 17 8 23 9 38 22 11 15 46 30 14 4 10 41 39 37
    42 32 29 13 45 24 22 51 44 12 49 1 43 4 2 37 30 25 21 38 40 10 3 47 26 6 31 8 17 5 41 39 33 23 14 34 7 48 16 28 27 46 18 50 36 20 19 15 9 35 11
    34 14 49 11 15 1 9 19 33 23 46 32 20 17 18 24 3 26 5 42 29 35 12 21 4 6 37 40 13 30 28 16 41 36 44 45 51 2 22 10 43 27 38 25 50 48 8 47 7 39 31
    45 19 17 3 44 11 12 41 36 40 15 27 39 48 32 24 2 8 34 42 1 28 35 51 6 16 47 31 30 37 4 5 7 22 46 23 49 18 21 13 38 26 20 33 43 25 9 29 50 10 14
    3 1 48 15 24 29 42 35 23 45 21 9 28 36 31 44 22 41 49 17 39 30 10 46 51 7 11 38 19 5 4 47 50 2 37 27 14 43 33 16 12 34 20 32 25 18 6 40 13 26 8
    21 20 13 26 39 8 30 14 6 18 24 42 41 47 31 16 19 37 51 48 45 17 44 43 2 11 40 33 5 25 49 22 4 35 3 32 27 12 36 10 46 50 34 28 7 9 15 1 29 38 23
    20 47 51 45 17 18 39 12 30 28 33 23 31 32 44 49 15 1 42 21 16 9 41 3 46 24 36 43 5 22 25 8 38 6 7 10 34 19 2 4 40 27 26 29 14 48 37 50 13 11 35

