52

    50 12 38 26 42 29 41 8 18 14 21 25 28 9 37 45 44 32 47 22 31 24 19 27 16 11 4 49 20 3 46 33 30 35 40 6 36 13 2 15 7 39 17 10 34 5 51 23 52 43 1 48
    2 16 35 28 3 27 13 47 24 6 21 9 36 29 46 11 14 39 33 8 5 22 49 12 48 51 34 17 15 52 40 25 42 1 37 38 50 43 32 20 44 19 30 31 7 45 23 18 41 10 26 4
    52 20 2 41 23 17 31 10 45 12 8 48 16 30 29 38 19 27 47 49 35 24 5 36 25 3 9 40 50 18 37 43 51 32 33 26 4 46 34 14 44 42 28 21 1 22 6 7 39 13 15 11
    8 36 37 33 25 43 11 32 4 47 21 42 18 3 12 24 30 16 28 22 40 34 49 38 20 13 44 45 48 23 51 52 46 1 2 9 5 29 14 35 10 31 39 26 27 19 15 41 6 7 17 50
    18 38 29 14 13 51 24 15 36 3 9 28 16 34 52 22 8 19 32 31 11 10 33 12 41 47 2 43 4 39 26 30 46 23 40 49 48 42 45 27 1 21 5 37 7 44 50 6 17 20 35 25
    32 21 44 38 12 11 6 45 22 35 1 30 15 50 3 24 10 36 18 23 5 17 27 33 14 9 26 34 28 39 8 31 25 51 37 41 19 7 52 4 2 42 40 20 29 47 13 16 43 46 49 48
    13 42 3 28 51 15 9 14 37 45 36 4 46 35 33 27 50 38 41 21 43 40 52 34 7 32 19 17 22 8 16 10 1 26 6 49 31 20 44 29 2 5 25 39 23 11 47 24 48 30 18 12
    20 19 27 24 43 47 6 13 29 50 14 12 5 23 11 31 17 37 36 30 16 42 39 51 4 21 28 8 10 49 22 34 44 35 7 41 40 52 9 25 46 32 1 18 26 45 33 3 2 38 48 15
    24 1 12 14 10 41 38 8 30 44 46 18 4 23 17 36 21 5 51 3 50 22 49 16 9 13 34 47 37 27 42 45 35 32 20 48 43 52 25 15 7 19 28 6 31 2 26 29 39 33 11 40
    23 40 42 29 39 38 24 17 2 11 14 30 1 8 6 28 44 52 19 37 34 36 48 18 21 31 32 25 7 12 49 43 41 4 9 45 26 27 51 33 3 46 5 20 22 15 35 10 13 16 50 47
    38 31 24 33 37 47 6 25 1 45 27 12 16 39 10 29 44 19 32 35 48 36 8 9 5 30 42 7 49 21 50 40 13 23 4 11 41 46 34 18 22 43 15 3 28 26 14 52 51 17 2 20
    44 15 36 19 42 47 37 1 30 27 46 28 43 14 38 25 17 13 5 41 18 48 31 7 11 9 52 40 51 29 33 23 6 3 22 16 2 8 24 10 39 26 12 49 35 20 50 34 21 4 45 32
    42 23 39 44 31 2 21 19 47 14 27 5 13 22 20 48 32 16 35 45 1 8 25 17 50 3 11 29 12 7 9 37 10 33 36 49 26 28 52 34 43 40 46 41 18 24 4 6 30 15 38 51
    42 30 8 4 44 11 34 17 12 52 24 48 18 40 22 41 29 35 14 1 28 2 38 21 25 3 9 45 23 7 36 19 10 33 32 31 5 20 13 6 16 27 37 47 43 46 26 15 39 50 51 49
    29 49 18 7 21 20 45 31 47 23 42 8 36 2 46 50 3 4 6 24 10 28 12 13 37 41 26 25 30 1 48 11 9 40 39 34 43 5 38 22 19 33 51 14 17 15 27 52 16 44 32 35
    36 22 31 20 41 45 9 8 19 29 3 42 11 50 21 48 17 14 25 23 30 18 1 4 52 44 13 37 38 16 32 43 6 12 34 46 47 24 15 35 51 27 5 49 33 39 10 40 26 7 28 2
    25 52 35 1 33 4 32 16 14 6 19 41 47 5 30 15 34 29 42 36 13 27 31 37 48 45 44 8 22 24 20 2 21 9 26 12 17 51 23 46 18 28 43 7 11 3 49 40 50 10 38 39
    26 50 28 12 25 35 7 33 9 20 45 37 44 6 39 31 21 23 42 47 48 5 30 16 43 19 15 40 3 4 13 8 49 46 29 52 32 18 17 1 38 22 14 2 24 36 11 41 51 27 34 10
    17 49 21 5 19 52 37 12 40 18 50 27 23 43 4 9 48 2 15 29 13 35 32 24 42 47 36 33 45 38 51 3 34 30 11 1 8 16 44 10 14 39 7 28 20 46 31 6 22 25 41 26
    26 14 27 29 3 39 5 9 46 17 10 18 48 21 44 34 51 8 23 32 40 22 12 15 49 28 11 13 16 2 30 43 35 4 37 38 20 24 31 1 47 36 45 25 7 19 42 41 6 50 33 52
    49 41 17 27 7 44 10 45 19 5 29 43 22 6 12 35 20 1 32 26 16 37 50 11 23 42 38 3 2 18 46 8 36 28 48 21 33 14 13 40 34 39 30 24 51 47 4 15 31 25 52 9
    30 51 31 3 32 33 16 47 12 27 8 19 22 5 46 7 50 1 10 4 52 38 44 36 24 6 48 34 35 26 28 14 15 9 21 39 42 40 13 2 41 45 20 43 29 23 49 18 25 11 37 17
    19 11 16 30 33 52 7 25 45 2 50 28 17 42 10 26 35 39 5 21 40 12 14 1 32 3 44 9 43 34 24 48 31 41 51 13 38 49 47 23 46 22 27 15 4 37 29 36 8 18 6 20
    13 12 14 31 20 32 7 36 41 1 46 48 6 9 17 29 5 47 30 25 16 50 35 11 43 4 15 40 2 21 23 39 34 49 37 18 42 3 24 8 52 26 45 38 22 27 10 44 51 28 33 19
    28 10 4 34 52 3 27 12 46 23 22 16 21 37 15 39 31 13 18 9 50 7 47 29 42 41 1 36 33 44 51 43 2 25 26 20 48 35 32 5 45 19 14 8 11 38 40 30 49 17 24 6
    47 1 17 30 39 51 44 18 2 27 33 20 11 43 5 46 37 19 38 7 26 48 42 6 3 14 31 45 22 23 15 40 49 4 13 32 34 29 9 52 41 21 36 28 35 10 16 50 12 24 8 25
    52 11 4 51 46 29 28 47 6 20 15 10 37 34 45 12 35 8 2 44 31 22 7 32 5 14 48 49 13 19 26 17 24 1 21 38 23 39 27 16 33 40 41 30 3 9 50 25 36 42 18 43
    25 19 8 39 42 38 50 30 43 17 10 9 21 22 24 14 48 1 51 11 47 4 7 31 46 18 16 41 5 32 45 52 29 23 44 40 2 34 6 26 20 35 3 13 12 36 15 27 33 28 49 37
    38 37 36 40 12 42 15 8 18 16 23 1 11 19 7 3 6 9 48 22 32 39 13 27 44 30 52 21 28 46 29 10 25 34 43 2 14 33 17 41 50 35 47 20 26 24 31 4 51 49 5 45
    47 41 24 13 11 18 10 1 14 52 44 12 22 38 7 6 36 43 48 23 51 45 46 17 39 26 3 40 33 19 2 35 30 9 21 37 5 49 31 16 8 42 25 34 32 50 20 15 29 4 27 28
    9 23 48 37 7 19 47 24 40 25 2 3 33 52 29 4 1 49 26 46 35 17 27 15 41 14 50 43 34 16 18 36 13 44 51 30 31 38 12 11 5 22 45 10 42 20 21 8 39 32 28 6
    35 52 2 23 18 13 5 39 12 24 1 6 41 45 48 25 31 42 37 28 3 20 19 47 50 44 33 40 15 51 26 34 7 8 21 38 30 4 43 27 22 17 16 32 29 49 14 9 36 11 10 46
    16 10 39 17 29 2 52 35 15 12 27 4 44 7 21 3 41 42 48 34 36 38 18 25 49 23 32 11 40 26 28 13 24 14 5 9 30 31 46 47 33 50 20 45 8 43 37 1 22 19 6 51
    30 28 45 24 19 31 10 34 29 13 36 4 49 8 6 16 41 11 20 9 14 1 18 37 15 12 21 23 39 22 51 32 3 47 17 33 40 7 46 5 25 50 35 44 38 42 26 48 2 52 43 27
    38 22 28 8 31 23 13 2 33 17 7 39 51 26 10 9 4 32 5 45 19 44 14 16 48 35 41 3 46 21 52 50 29 11 1 43 34 49 25 27 15 30 40 42 20 12 24 37 47 18 6 36
    42 8 16 46 44 43 15 49 35 19 1 23 13 3 18 50 41 31 17 24 28 6 20 9 26 21 32 27 33 37 14 10 47 45 2 40 25 38 52 4 29 51 22 12 48 36 7 5 11 39 34 30
    51 50 52 47 2 6 19 5 24 32 15 38 42 39 45 8 4 11 12 36 43 18 14 26 28 9 17 16 21 41 7 3 33 13 27 34 23 29 46 37 49 1 48 40 25 22 31 44 10 35 30 20
    19 23 5 32 44 28 11 20 27 16 13 41 29 40 2 50 8 14 3 21 39 35 7 22 17 43 10 25 30 47 1 51 42 26 9 31 34 24 49 6 45 37 48 46 52 36 38 33 18 15 4 12
    31 28 4 29 18 52 23 19 44 49 20 16 26 33 2 37 38 10 13 46 51 25 24 11 35 43 15 14 6 40 45 17 21 8 50 32 9 1 42 48 36 7 30 39 41 5 47 3 12 34 27 22
    24 33 45 28 19 1 51 14 21 44 6 25 20 48 23 36 8 18 50 52 46 13 38 41 5 30 43 4 7 31 35 37 22 17 11 2 15 16 47 26 39 9 12 40 29 10 32 49 34 42 27 3
    24 6 44 51 45 4 10 48 40 33 28 29 35 3 25 14 43 52 11 49 47 22 13 18 9 42 32 2 38 23 1 26 17 31 19 7 15 12 21 34 27 46 8 20 5 39 16 37 36 30 41 50
    19 12 17 8 38 3 15 46 33 29 36 14 39 11 52 4 5 7 51 27 23 47 21 24 26 40 25 44 34 22 10 6 20 49 30 28 43 41 45 48 50 1 16 42 2 31 9 35 32 18 37 13
    18 12 52 27 40 14 8 7 34 50 24 3 19 32 49 44 30 33 13 42 2 25 29 16 20 31 45 10 41 37 5 35 39 26 38 1 23 28 36 4 43 47 17 51 21 6 48 9 22 11 15 46
    48 14 7 25 31 21 49 15 19 29 44 13 33 11 45 5 43 46 22 47 36 32 52 34 1 30 4 50 26 28 20 3 12 8 18 24 35 39 38 17 42 41 16 23 2 51 40 10 6 9 37 27
    35 43 16 2 22 48 44 31 38 34 36 40 20 24 14 42 50 29 23 26 6 3 51 46 52 49 1 21 27 41 4 19 28 11 32 39 5 25 47 37 10 18 33 13 30 9 45 12 15 7 8 17
    17 42 43 13 36 45 46 48 3 52 21 1 34 30 31 33 41 11 2 28 51 37 7 35 12 18 4 39 14 19 6 8 10 50 47 38 32 9 25 5 27 16 20 49 44 24 29 15 26 40 22 23
    34 26 52 6 40 49 27 21 22 42 19 5 51 20 25 33 50 32 45 46 37 11 38 28 30 17 24 31 3 12 10 44 43 47 48 14 7 16 1 29 18 15 36 23 35 41 9 13 2 8 39 4
    33 47 13 30 44 11 43 5 50 25 16 32 35 48 40 15 14 41 8 1 12 51 23 19 4 28 39 7 18 3 38 21 49 37 6 2 34 29 10 22 36 27 46 52 26 9 24 31 42 17 45 20
    6 35 52 37 50 21 43 17 40 33 46 31 29 3 42 9 2 41 7 49 30 28 11 15 16 45 23 19 44 4 48 34 38 36 12 22 51 39 20 25 10 26 14 1 5 47 24 18 8 13 32 27
    38 48 52 32 23 2 49 10 44 35 28 8 47 12 31 36 33 13 37 21 50 18 7 26 42 9 34 5 41 43 15 29 11 14 39 1 51 22 20 3 16 27 46 25 19 40 17 45 24 6 4 30
    19 40 46 14 38 33 6 21 16 24 13 36 26 4 49 39 1 30 41 50 27 23 52 2 31 37 45 17 8 12 18 22 32 28 43 35 51 7 11 48 5 44 9 29 25 15 42 10 34 20 47 3
    6 43 28 36 14 52 21 9 48 45 35 8 1 44 37 20 5 17 15 51 49 27 3 33 7 50 31 29 4 13 38 47 2 34 11 42 30 46 19 23 16 40 41 26 25 39 32 22 10 18 12 24
    39 34 36 22 45 7 44 6 1 12 37 3 43 25 40 33 24 8 47 50 17 23 9 16 48 52 41 2 11 4 38 51 14 49 46 28 18 5 32 13 10 27 26 35 21 31 42 20 30 19 29 15
    20 29 27 45 33 40 13 49 15 36 14 11 52 38 12 17 47 25 32 23 6 4 35 22 48 5 3 21 28 24 39 34 50 2 46 44 30 7 18 26 31 42 16 37 19 1 41 51 9 8 10 43
    21 5 48 40 36 50 29 17 20 39 1 7 19 26 16 22 31 47 38 13 10 41 24 3 35 2 14 34 44 12 45 46 33 37 6 43 15 11 18 4 25 27 51 23 52 8 28 9 49 32 30 42
    18 1 51 3 23 14 32 40 47 29 28 44 15 27 50 7 41 52 46 37 34 25 21 39 45 30 20 22 2 6 42 11 38 26 43 48 9 33 12 4 13 17 10 36 16 31 24 35 19 49 5 8
    46 11 42 6 48 13 37 4 1 19 26 5 27 25 7 17 43 2 8 41 35 22 16 12 34 45 20 47 24 38 29 15 28 31 33 9 21 30 51 40 50 23 44 14 52 32 36 18 10 3 49 39
    43 50 17 29 37 19 10 42 26 20 5 32 27 34 7 1 31 49 45 35 22 41 23 40 14 21 30 36 38 48 11 44 52 46 12 33 16 24 51 3 25 6 8 18 47 13 15 2 28 4 9 39
    8 2 51 52 37 19 12 10 31 7 32 15 34 18 23 6 25 43 1 36 16 47 45 46 4 17 35 40 9 3 44 24 5 20 33 42 29 48 38 14 11 21 30 41 13 26 28 27 50 39 22 49
    15 10 35 25 19 3 1 45 51 52 50 27 37 5 8 9 21 32 31 20 33 4 34 47 44 26 40 39 13 11 30 14 41 6 22 24 46 38 29 43 23 2 17 36 18 49 7 16 48 28 12 42
    18 30 29 8 31 22 37 1 16 50 41 14 6 20 48 25 27 45 11 49 43 7 44 33 36 17 4 42 12 39 2 23 21 40 13 9 35 19 51 47 52 10 32 46 15 3 38 24 34 26 5 28
    21 47 39 33 14 18 22 13 24 37 7 42 48 52 40 27 26 9 8 1 38 23 29 17 4 35 36 28 43 41 30 11 32 6 20 50 2 51 25 5 31 19 15 49 16 44 34 12 10 3 46 45
    34 33 51 29 4 3 8 1 9 5 17 40 42 13 47 23 27 36 10 14 41 18 37 32 2 31 25 7 30 19 50 24 21 38 45 46 6 12 35 11 28 52 49 39 16 48 26 22 44 15 43 20
    4 14 49 33 9 26 25 28 40 37 5 11 16 32 2 10 34 47 21 7 19 48 27 20 23 41 35 13 6 12 3 36 52 8 45 39 1 22 29 46 24 50 43 44 17 31 30 51 18 15 42 38
    14 2 31 50 35 18 6 36 43 40 39 49 12 9 1 24 34 44 15 20 10 52 3 13 41 32 25 28 48 21 7 11 29 37 47 38 17 42 26 45 51 22 46 23 33 8 27 16 5 4 19 30
    6 3 49 19 37 36 5 44 48 39 18 45 50 42 12 31 51 27 23 17 24 14 13 1 15 9 41 46 43 11 2 7 38 40 8 34 4 32 33 26 25 22 10 52 30 16 29 47 35 21 20 28
    16 18 28 49 4 47 12 42 23 50 40 37 17 9 44 11 15 19 38 2 14 52 24 48 39 10 36 8 43 22 20 51 27 34 3 21 31 1 7 6 45 29 5 33 25 46 35 41 13 32 26 30
    21 11 34 43 51 32 3 45 19 38 48 10 6 1 5 22 52 13 40 18 39 24 20 12 30 9 25 50 14 29 42 47 23 17 8 7 2 36 46 27 26 4 16 41 15 44 49 35 37 31 33 28
    11 23 46 36 42 27 24 40 8 19 38 20 7 21 44 51 31 4 22 43 15 39 5 10 33 14 17 12 16 25 34 28 35 47 37 6 52 32 45 50 48 13 49 29 2 1 18 9 41 3 26 30
    38 25 18 9 2 50 26 44 27 34 40 47 21 3 28 48 31 7 33 11 20 19 41 36 46 29 49 43 51 14 6 12 23 22 4 39 32 10 45 17 1 30 16 42 37 13 24 8 15 35 5 52
    52 38 40 47 36 25 43 48 32 19 51 31 15 24 35 18 22 3 8 29 14 20 10 2 39 33 12 6 28 1 49 44 5 7 13 41 42 37 16 23 50 27 46 30 26 34 9 4 21 17 45 11
    1 15 24 46 4 19 45 33 41 29 40 34 12 23 38 10 39 3 43 48 47 44 7 52 27 36 32 17 21 30 11 5 37 35 20 6 9 50 2 51 42 8 31 13 25 22 14 26 18 16 28 49
    26 35 7 4 13 50 48 49 17 52 37 40 14 27 21 30 11 39 25 3 45 5 1 47 8 12 24 34 36 22 46 42 32 38 18 44 20 29 43 28 10 9 23 15 51 31 41 6 16 33 19 2
    41 7 38 40 20 25 19 9 4 13 34 33 2 21 1 50 35 29 26 5 31 10 8 17 36 24 18 52 43 45 22 12 48 42 39 11 37 47 27 16 3 15 30 6 44 46 28 14 23 51 49 32
    18 26 25 14 23 9 52 30 2 7 37 31 4 10 48 6 22 20 42 44 15 5 3 16 27 11 17 21 33 47 45 49 1 19 13 29 28 12 39 32 35 41 34 50 8 38 40 36 43 51 46 24
    23 47 12 45 37 14 35 26 6 28 19 4 16 40 34 8 29 32 51 25 38 20 17 27 9 48 52 18 49 22 41 7 3 39 36 33 21 2 42 50 5 15 30 24 43 31 13 46 44 10 11 1
    36 3 27 14 26 51 46 13 29 5 47 48 16 31 25 7 42 49 15 23 22 43 44 10 45 2 19 34 38 20 17 8 6 24 18 12 30 21 1 40 39 37 11 4 41 50 33 28 52 9 35 32
    20 22 2 16 24 17 29 45 25 35 41 18 37 42 31 50 39 12 21 9 43 44 1 26 10 48 27 4 51 33 3 49 13 23 14 15 52 19 32 34 36 46 6 5 11 28 7 30 40 38 47 8
    40 12 6 9 36 27 50 7 43 26 48 2 20 42 32 10 21 8 15 18 19 4 22 25 28 14 17 44 34 29 38 1 13 16 23 33 37 45 3 47 49 52 31 41 24 11 30 46 35 5 51 39
    8 33 11 48 22 1 16 4 9 29 37 18 41 52 47 21 49 32 24 7 5 36 28 12 45 13 50 35 17 34 14 10 31 19 43 51 39 42 27 23 20 38 26 40 6 44 25 30 2 46 15 3
    14 4 35 40 50 2 45 11 29 33 27 22 3 6 24 38 17 47 34 36 16 13 42 43 21 12 48 8 32 37 41 44 7 1 28 49 10 39 51 31 26 19 18 23 25 30 9 46 5 52 15 20
    4 37 42 43 6 5 25 34 3 49 44 10 17 20 46 8 41 40 15 24 19 51 50 9 52 22 33 21 16 28 39 11 18 47 38 32 35 23 30 12 14 36 2 31 26 7 29 27 45 1 13 48
    6 31 35 8 23 43 41 16 5 32 48 42 17 37 9 47 2 15 12 39 14 24 34 38 18 45 11 1 13 3 10 20 51 19 25 4 26 30 44 27 50 21 40 36 46 49 7 28 29 33 22 52
    51 20 38 39 45 28 27 50 29 12 4 46 31 42 52 49 26 13 37 10 11 24 33 8 9 41 30 16 2 1 14 40 43 15 5 35 36 19 34 32 17 47 6 25 44 48 3 18 22 23 21 7
    4 24 47 22 40 41 1 21 38 25 45 32 9 42 36 15 33 10 48 50 2 49 28 51 11 34 7 27 18 6 19 13 16 29 52 12 31 17 37 23 39 26 3 8 30 20 35 14 44 46 5 43
    36 5 48 3 35 14 16 24 30 15 20 49 40 7 6 13 44 12 51 9 22 50 27 23 11 45 32 1 39 26 46 4 38 29 31 43 41 8 17 52 25 33 37 42 47 2 18 21 28 19 10 34
    14 8 50 31 46 18 4 51 16 37 20 28 9 15 21 7 1 45 24 35 38 49 41 12 30 17 44 39 34 33 6 13 42 26 25 27 47 23 22 52 36 40 10 19 43 48 5 32 3 11 2 29
    37 44 29 26 23 10 2 13 5 49 48 1 20 36 32 39 27 11 51 6 43 19 30 28 52 25 24 17 34 21 15 14 16 40 33 22 12 7 38 45 46 35 47 8 4 50 42 3 41 9 18 31
    38 13 26 51 41 23 18 42 17 27 10 15 9 30 40 49 46 45 28 25 43 2 7 34 12 4 21 32 39 1 11 37 52 35 19 8 22 24 16 14 20 6 29 36 5 48 50 31 33 47 44 3
    5 43 48 51 36 44 22 32 12 28 6 50 46 34 14 40 13 38 4 23 41 30 19 39 42 24 26 20 16 10 2 31 27 45 25 37 29 52 47 33 18 49 17 7 1 8 9 35 15 11 21 3
    5 31 50 3 23 21 29 41 12 51 2 27 20 8 33 1 30 37 48 34 18 45 40 14 25 22 16 17 6 13 11 44 38 15 39 49 9 47 32 10 36 7 46 24 52 35 4 43 28 19 26 42
    18 24 20 35 8 46 44 7 31 41 21 48 33 11 9 49 15 52 14 27 38 12 16 30 39 17 4 43 34 32 23 13 51 37 6 3 45 40 42 2 10 5 22 47 26 19 1 25 28 50 36 29
    18 21 23 44 7 14 26 15 46 27 45 12 9 10 34 25 19 41 40 6 35 50 31 22 13 36 29 24 38 43 33 17 48 47 32 28 51 30 4 37 52 11 42 20 16 3 8 5 2 39 1 49
    20 4 31 18 2 41 42 6 11 9 49 29 15 46 22 50 12 5 8 19 3 26 38 17 32 24 27 13 48 34 21 51 30 47 7 40 16 36 37 43 44 14 25 35 1 33 39 45 23 52 10 28
    5 37 18 6 28 21 41 15 46 9 51 13 30 43 19 11 2 31 8 45 33 36 39 49 52 35 7 29 48 17 27 23 24 4 42 12 26 38 32 25 20 14 44 3 50 34 10 16 47 40 1 22
    41 26 33 47 42 40 16 20 12 52 28 44 1 8 35 3 51 46 31 37 7 49 25 36 29 50 32 13 10 9 43 27 18 15 11 4 6 2 38 45 23 34 19 24 48 39 30 14 5 17 21 22
    5 16 28 48 40 21 29 32 7 26 52 27 30 22 2 14 15 3 1 33 24 6 18 4 51 10 47 13 37 11 31 9 43 36 35 23 25 46 45 20 49 19 50 8 41 42 34 12 39 44 38 17
    11 27 33 44 25 46 21 43 19 26 49 52 39 32 41 42 48 7 1 10 24 6 17 29 34 4 37 30 40 15 9 22 28 50 31 51 47 5 45 23 35 2 16 12 20 14 8 38 36 3 18 13
    30 31 24 49 52 27 8 50 13 2 17 19 10 42 39 34 20 3 7 36 6 1 29 47 35 9 38 5 43 22 51 15 11 12 23 26 32 4 46 45 21 40 25 48 16 14 28 37 41 44 33 18
    18 30 26 1 3 31 11 25 20 42 12 8 35 40 17 22 44 27 37 6 38 19 4 15 23 43 21 7 49 14 47 24 9 36 28 45 39 2 50 10 32 33 41 29 52 5 16 34 13 46 48 51

