53

    36 53 24 34 13 10 32 42 4 41 52 6 38 1 2 3 17 50 11 35 12 7 27 51 30 45 44 8 5 26 20 19 39 29 49 28 46 18 40 31 37 25 43 48 9 23 15 14 22 16 47 21 33
    32 19 14 30 42 25 17 40 46 22 1 53 44 45 48 13 51 36 43 7 33 5 23 50 11 39 6 8 52 10 41 38 27 2 47 21 31 29 15 49 16 37 9 35 3 34 18 12 24 20 26 28 4
    8 44 20 45 33 27 42 47 41 49 4 16 7 46 37 28 50 52 38 10 9 30 17 39 6 29 36 35 53 12 51 21 24 31 15 2 43 18 26 11 48 3 23 13 14 19 40 25 1 5 32 22 34
    27 19 46 1 20 21 32 8 39 40 5 45 28 41 36 17 10 14 18 53 26 16 11 13 6 37 38 7 4 34 9 52 15 48 12 43 35 49 47 50 51 31 3 42 33 24 44 29 23 22 30 25 2
    11 35 50 24 28 41 3 39 42 38 10 48 53 18 51 21 4 5 12 20 14 46 45 27 16 36 49 43 13 40 7 29 44 25 17 15 47 34 26 23 19 8 2 31 33 22 6 30 9 1 52 32 37
    10 15 13 24 49 17 26 40 20 48 3 33 35 38 29 47 37 9 11 52 30 32 51 39 1 34 41 16 36 5 45 19 22 44 4 18 2 27 46 31 43 12 14 6 50 8 7 25 53 28 21 23 42
    17 1 39 12 21 16 5 47 2 43 24 8 53 4 35 3 42 28 27 9 10 7 46 14 25 40 51 26 29 38 45 49 34 36 52 15 13 48 11 31 50 32 41 19 22 18 6 23 33 30 44 20 37
    41 43 3 28 8 51 46 39 15 1 29 23 47 17 2 13 37 53 9 40 45 14 48 24 26 6 31 38 16 4 49 32 5 21 19 18 50 12 22 52 10 20 11 7 36 30 35 33 34 25 42 44 27
    10 50 12 20 16 7 49 38 53 29 34 9 44 31 1 46 5 18 3 28 45 51 11 27 32 13 37 26 25 2 23 4 19 15 42 35 40 47 33 24 36 41 21 39 22 48 30 14 52 8 17 43 6
    43 45 53 5 38 29 19 40 36 23 28 2 34 10 32 12 11 6 33 49 42 20 1 26 16 46 39 47 14 48 44 4 17 15 30 27 21 41 18 3 9 13 52 22 24 37 8 7 31 50 35 25 51
    33 21 3 49 6 31 27 46 14 16 40 13 19 41 43 7 24 9 22 4 26 12 44 38 25 15 30 11 37 50 10 35 45 17 42 51 32 23 1 5 28 52 36 48 34 2 20 39 47 18 29 8 53
    27 41 2 23 37 26 35 32 24 40 48 10 38 20 53 5 30 50 3 28 29 16 42 45 47 21 14 7 33 39 52 6 11 19 17 34 9 36 44 18 51 4 8 25 31 12 46 22 15 49 1 13 43
    16 50 3 40 7 34 43 19 17 41 8 39 46 9 44 18 13 51 27 29 22 38 35 30 53 45 24 32 25 6 2 36 23 42 33 12 48 28 21 10 49 5 1 31 47 52 26 20 4 15 37 11 14
    13 23 11 33 10 6 3 8 26 31 14 45 49 5 1 29 21 7 50 41 43 47 20 27 42 53 4 19 36 9 39 25 51 38 22 30 48 37 52 35 2 18 34 24 15 16 28 44 12 46 17 40 32
    27 12 48 43 38 10 28 25 4 19 41 23 39 33 53 34 46 20 49 21 7 30 17 3 22 8 52 26 37 51 29 2 42 9 18 47 5 16 31 1 15 40 6 32 24 36 11 44 35 50 14 13 45
    9 11 30 35 46 37 12 17 21 47 38 34 14 7 48 3 50 29 27 15 25 5 2 23 31 13 43 6 28 19 39 52 40 24 8 16 44 4 32 1 53 42 36 41 10 45 33 51 18 20 26 22 49
    9 16 35 7 27 44 12 19 45 5 23 2 34 13 4 37 42 20 24 1 15 39 47 36 14 38 41 48 21 49 32 31 53 33 10 26 25 50 40 18 46 11 43 6 3 28 22 52 29 17 8 51 30
    44 53 36 42 23 12 48 49 6 46 28 32 37 26 16 14 17 11 10 20 15 5 30 52 51 8 2 9 41 3 45 33 7 34 47 29 38 35 13 25 4 21 39 1 27 50 24 31 40 43 19 22 18
    8 40 51 25 26 7 16 43 15 5 42 23 46 52 12 10 11 3 22 19 49 30 2 38 39 6 47 34 18 24 35 1 20 28 13 29 33 14 21 32 27 9 48 53 44 45 41 37 17 31 36 4 50
    8 35 34 27 24 14 12 17 51 33 43 3 22 49 19 6 48 29 36 13 32 1 38 26 25 21 37 28 15 53 39 20 9 40 47 30 5 31 45 7 18 4 50 46 41 10 44 52 16 42 11 2 23
    9 3 5 46 22 4 19 25 20 7 47 32 11 27 31 10 21 35 29 37 40 16 34 15 43 18 1 45 8 48 51 53 52 23 39 13 42 44 38 17 14 33 36 2 30 50 49 26 28 12 24 41 6
    42 33 28 40 26 12 24 39 16 25 4 10 23 8 32 38 30 31 43 50 14 19 36 13 47 20 9 6 51 5 29 45 11 21 52 22 34 44 15 48 41 7 49 46 53 27 1 17 3 35 37 2 18
    30 22 47 19 48 31 50 8 17 24 37 10 5 4 6 16 40 21 7 33 44 23 9 15 32 29 18 49 43 1 42 41 11 34 38 53 25 36 27 2 51 28 45 26 3 39 35 20 14 12 46 52 13
    17 42 12 11 45 43 9 25 8 52 19 24 34 29 18 21 39 15 14 37 27 16 33 40 48 20 22 7 30 13 5 28 35 6 47 49 46 36 31 51 41 10 2 23 38 50 3 32 26 53 4 1 44
    26 28 37 33 39 25 14 38 19 17 29 46 22 13 43 34 2 15 52 42 49 16 35 11 27 47 40 3 10 7 8 5 21 30 23 41 24 50 32 51 18 53 12 31 36 4 6 20 9 45 44 1 48
    9 27 6 5 49 25 52 35 45 38 17 32 39 40 41 4 19 24 30 51 18 26 11 47 48 42 34 43 7 44 14 46 12 37 20 36 13 1 16 29 31 8 50 21 10 28 3 53 23 33 22 2 15
    44 2 8 46 26 1 47 25 35 23 28 49 39 13 51 42 17 15 38 12 9 16 7 10 19 52 34 40 31 53 27 11 29 48 6 22 45 33 4 24 30 18 21 32 20 37 43 3 41 14 5 36 50
    38 3 11 43 28 46 4 14 23 44 17 47 34 8 39 45 27 5 33 13 29 24 16 49 26 2 37 50 40 51 53 12 19 21 1 42 20 30 25 15 9 6 32 10 35 52 36 18 48 31 22 41 7
    5 6 20 39 33 24 34 21 13 52 2 46 9 35 11 32 30 10 15 37 19 7 3 8 23 29 43 1 45 44 12 51 18 38 22 49 16 53 26 31 25 41 28 4 27 17 36 50 40 48 42 14 47
    18 32 19 34 40 46 1 21 51 33 10 14 48 13 6 44 15 12 38 50 41 11 42 37 49 20 27 17 31 29 28 22 39 43 53 16 5 23 30 2 45 52 25 7 8 24 35 36 9 4 47 26 3
    47 1 43 37 12 5 14 23 8 41 52 10 36 15 9 40 34 21 38 32 51 20 33 46 2 31 22 19 28 48 25 11 35 4 6 13 44 42 50 16 26 3 18 45 30 17 39 49 7 53 24 27 29
    37 43 27 28 8 53 9 1 51 49 41 12 22 2 48 14 7 20 11 36 42 44 10 24 46 19 35 29 4 32 6 38 26 3 47 34 40 21 5 13 18 15 17 23 25 52 50 39 30 33 45 31 16
    18 5 4 11 40 49 43 9 24 21 15 23 41 28 16 2 34 36 33 26 47 8 50 17 10 14 29 25 1 20 45 22 30 48 44 27 51 42 52 12 3 46 35 32 7 39 38 53 6 31 13 19 37
    23 5 30 1 25 11 10 19 44 38 7 20 6 18 43 37 24 12 8 13 3 15 40 29 35 9 51 31 2 27 4 50 32 39 17 41 28 48 53 52 16 47 33 46 34 14 26 45 21 42 22 49 36
    5 15 28 25 53 50 39 24 43 13 30 4 44 31 17 37 33 32 46 10 41 48 20 21 8 26 52 7 29 1 27 23 11 34 12 19 45 42 18 2 6 38 49 16 40 22 51 36 9 35 47 14 3
    2 13 3 26 52 1 8 22 19 25 45 30 41 43 4 16 15 5 50 33 31 35 11 53 51 36 7 23 37 39 38 29 49 9 14 10 24 21 20 40 48 18 42 12 28 32 27 46 6 17 44 47 34
    26 40 44 29 3 36 53 16 5 47 10 27 1 23 52 51 50 42 38 45 30 21 24 32 11 15 41 7 49 14 13 37 2 19 33 8 22 39 17 20 34 43 4 35 25 46 28 31 9 48 12 6 18
    24 30 29 10 38 49 21 51 48 25 34 52 37 11 50 22 7 27 28 53 2 3 19 41 33 18 8 35 12 13 14 32 5 44 45 16 4 40 46 23 43 31 36 1 26 20 6 17 42 47 15 39 9
    38 46 12 25 11 41 29 22 39 31 50 14 47 53 9 44 18 37 23 49 28 27 30 42 51 13 34 26 10 8 5 33 52 19 21 48 35 24 4 7 20 15 2 3 6 36 17 43 40 32 1 45 16
    44 52 40 42 43 49 2 19 30 1 17 29 32 18 35 15 26 7 50 5 11 23 4 36 3 45 33 14 38 39 25 48 22 34 12 41 21 10 20 9 13 53 28 8 37 27 24 46 6 51 16 31 47
    22 26 8 44 27 30 43 5 47 52 7 24 35 20 41 39 14 15 12 37 49 40 33 45 1 2 23 53 46 48 10 28 51 50 36 11 29 9 38 21 19 13 3 6 32 18 31 17 42 4 16 25 34
    34 38 2 51 36 13 37 10 42 50 35 28 43 46 31 33 7 6 16 40 53 9 44 4 22 49 47 17 26 21 8 3 14 45 41 52 23 15 24 19 48 29 1 11 39 25 12 32 27 5 30 20 18
    32 23 18 11 27 30 10 19 51 21 53 44 15 43 8 4 46 38 5 9 1 29 39 13 41 25 31 50 6 45 33 3 28 14 40 49 20 48 22 42 2 17 34 36 26 16 7 52 37 12 24 47 35
    15 6 45 13 27 28 46 29 7 53 41 50 2 16 34 30 32 3 14 40 42 22 48 43 17 4 25 49 21 9 31 10 51 47 11 52 1 33 37 36 8 26 44 38 39 19 12 35 20 18 5 23 24
    18 53 36 13 29 46 19 47 33 26 30 25 41 45 50 14 34 3 23 8 44 9 28 21 32 10 5 27 22 15 38 17 51 24 48 43 31 37 20 40 52 7 39 4 16 49 42 1 6 2 35 11 12
    11 9 37 53 28 17 19 20 52 45 51 29 18 36 6 31 10 13 27 14 30 42 23 15 12 4 43 8 3 1 33 44 38 25 7 34 41 50 46 40 24 39 21 5 16 47 49 35 2 26 48 32 22
    2 44 36 30 46 6 11 26 41 18 34 43 45 7 19 31 9 35 8 24 49 3 28 12 5 50 14 42 37 53 1 52 22 33 25 13 16 17 15 23 4 20 29 10 40 38 47 39 32 51 21 48 27
    14 13 34 39 8 15 27 48 45 42 7 11 50 30 41 17 22 5 53 32 43 21 25 31 19 3 46 36 1 20 9 49 12 24 28 10 51 26 35 40 38 37 33 44 23 16 52 47 4 29 2 18 6
    2 31 4 38 22 24 52 50 49 53 51 16 39 7 9 48 3 33 8 1 37 19 27 21 17 20 15 46 11 47 12 34 14 42 26 18 6 5 36 44 29 35 23 41 10 13 43 25 28 40 30 45 32
    48 27 17 10 6 7 34 19 13 14 36 23 25 44 40 12 26 49 42 43 5 52 32 41 15 8 24 2 11 31 37 39 22 51 35 47 45 30 38 20 18 16 50 9 3 53 4 29 1 46 21 33 28
    31 39 49 8 27 12 17 42 14 16 36 1 34 44 13 43 20 9 41 29 25 7 22 30 23 11 32 24 48 53 6 51 38 35 15 40 2 37 3 5 18 10 33 50 21 46 26 4 28 19 47 45 52
    20 25 18 11 17 39 44 31 36 6 49 41 12 34 9 40 10 32 23 13 30 16 8 1 35 21 5 51 37 53 48 14 52 7 42 15 4 27 29 3 45 50 46 24 22 28 26 33 47 19 43 2 38
    25 36 41 19 20 27 24 1 48 13 14 38 15 32 50 28 8 3 10 52 17 37 21 9 33 45 30 43 5 46 35 4 44 6 18 31 11 34 22 2 53 29 51 12 26 23 7 40 42 16 49 39 47
    30 38 19 34 33 39 9 6 35 24 23 1 49 16 25 46 40 20 43 41 7 22 44 45 27 53 11 31 10 17 51 37 48 12 52 21 50 3 8 2 32 4 14 5 42 47 13 29 15 18 26 36 28
    22 37 36 10 51 7 47 4 32 30 49 31 1 3 40 43 5 13 44 6 41 50 15 14 12 21 42 34 52 19 45 2 29 38 23 48 11 35 16 28 17 9 8 46 24 33 18 27 25 26 53 39 20
    43 33 8 50 28 37 46 35 47 26 39 41 36 24 1 2 4 21 29 19 53 17 15 18 11 12 6 27 45 13 34 52 42 48 7 23 22 51 40 30 38 16 31 25 20 32 5 3 9 14 10 49 44
    45 26 35 9 3 41 10 11 31 29 14 18 48 51 33 24 2 30 23 12 22 28 46 17 21 6 38 32 19 50 39 8 25 52 7 5 27 47 1 15 44 49 43 4 53 40 36 37 42 20 13 16 34
    14 38 41 33 21 19 7 42 35 13 46 24 52 6 22 39 18 4 34 11 27 43 12 9 49 10 23 28 15 53 37 25 51 16 48 17 8 1 45 47 30 50 40 5 44 3 26 36 29 32 31 2 20
    27 48 21 15 53 6 34 40 13 10 25 17 42 43 47 37 32 2 41 46 18 19 8 7 4 20 38 14 29 30 28 9 31 52 49 24 35 16 26 51 36 39 3 33 22 45 44 11 1 5 50 23 12
    28 43 24 21 14 49 42 3 33 46 41 1 9 25 18 30 35 53 23 15 4 37 22 50 27 36 29 32 12 5 44 13 8 20 40 16 2 19 11 45 31 34 17 7 51 38 52 47 26 48 39 6 10
    25 6 29 21 8 49 34 48 45 5 31 53 14 19 42 24 20 27 43 44 23 2 1 52 15 47 4 10 3 22 46 13 17 18 38 39 32 7 11 35 37 36 51 28 9 50 30 33 41 26 16 40 12
    22 42 15 4 27 28 51 26 7 47 40 50 53 19 34 35 11 41 33 52 17 46 32 3 37 45 29 12 25 2 13 1 6 31 10 30 39 21 23 38 48 36 20 16 43 5 44 18 8 9 14 24 49
    29 33 13 20 48 10 27 6 12 7 5 51 28 25 14 18 46 41 49 26 30 40 9 3 52 39 47 23 19 36 53 22 35 11 45 43 34 38 21 1 31 32 50 42 2 4 44 17 37 24 15 8 16
    26 52 46 9 42 36 3 33 7 53 38 37 29 23 15 35 16 41 30 47 17 2 20 40 22 45 32 25 39 14 19 18 48 49 44 1 34 11 8 51 24 31 28 13 5 43 21 4 6 27 10 12 50
    17 14 24 37 29 16 1 43 38 52 6 2 22 9 44 45 13 53 7 8 19 31 39 12 10 30 32 20 51 21 42 47 36 40 34 23 33 3 49 41 18 15 4 26 11 48 5 25 46 50 35 28 27
    33 42 39 14 11 10 24 16 23 7 52 36 48 41 20 5 22 4 25 17 3 35 2 15 13 19 46 12 6 37 44 34 8 29 27 1 40 18 21 45 32 9 49 53 30 26 28 38 43 47 31 50 51
    7 14 23 8 25 46 33 45 12 3 40 26 29 47 11 6 1 35 50 36 48 28 5 16 20 18 4 32 27 43 52 30 22 17 31 9 37 38 19 10 39 41 44 34 42 13 51 49 2 53 24 15 21
    25 6 37 7 28 23 51 19 38 21 17 52 2 47 41 30 5 36 13 24 12 27 34 46 3 50 4 26 11 10 43 48 49 15 16 22 8 9 35 31 42 33 20 29 1 18 53 45 40 14 39 44 32
    21 28 16 32 29 27 5 26 13 42 25 38 41 9 52 35 36 19 24 23 49 44 8 30 4 11 43 12 2 33 45 40 39 14 6 50 3 53 22 7 20 48 34 18 47 1 37 31 17 10 46 15 51
    36 4 30 5 12 51 19 21 26 42 49 40 7 50 44 9 31 22 2 47 13 1 37 46 53 29 45 38 10 41 48 39 34 8 28 6 33 3 43 24 15 52 20 16 11 14 18 25 23 32 17 27 35
    1 18 21 36 6 22 10 7 16 44 14 27 33 2 42 51 32 34 31 3 53 38 46 23 47 28 35 29 49 37 25 13 50 4 12 26 41 5 52 24 20 11 8 15 9 48 45 40 17 19 30 43 39
    8 50 2 12 51 22 23 44 17 26 7 11 48 18 53 10 37 4 14 5 49 35 6 15 38 31 25 28 52 34 47 1 39 46 41 33 40 16 29 19 43 36 3 45 42 24 20 32 9 27 30 21 13
    52 42 14 1 12 5 6 49 36 38 35 10 7 9 39 44 11 37 22 24 8 19 16 18 46 29 34 48 43 51 45 17 40 32 53 4 21 50 28 27 47 3 41 30 15 13 26 2 31 25 20 33 23
    40 41 51 35 42 8 34 18 6 49 22 12 20 17 4 15 24 11 53 3 33 48 9 2 38 26 16 47 39 29 1 7 5 28 52 45 30 19 13 10 21 32 14 44 27 43 50 36 23 25 31 46 37
    41 35 9 33 34 2 16 18 4 12 7 49 38 15 46 25 3 28 21 42 40 32 48 20 8 30 1 45 39 24 43 13 6 52 36 53 27 44 5 51 17 10 47 26 22 37 11 23 14 29 50 19 31
    31 36 29 47 41 42 23 5 16 25 17 14 1 43 20 15 51 4 6 38 49 10 33 13 7 45 30 28 32 52 24 12 9 35 8 53 18 21 22 27 40 44 26 34 11 46 37 2 3 48 39 19 50
    39 26 20 21 27 45 28 4 29 1 2 51 50 6 52 36 38 5 31 35 42 43 44 3 13 33 17 24 15 40 16 9 48 11 22 34 18 37 8 49 7 32 19 10 53 47 30 41 14 23 46 25 12
    25 14 10 30 46 7 51 3 48 9 52 27 38 8 5 42 20 53 18 33 34 32 35 17 11 50 12 45 6 31 24 47 49 37 22 4 43 36 44 19 41 29 28 2 15 39 16 40 23 26 13 1 21
    44 49 52 45 51 46 50 43 2 42 26 8 53 10 14 36 16 47 27 5 23 24 25 29 20 48 40 31 1 12 30 32 35 9 18 15 7 37 3 34 41 19 11 33 17 22 28 38 6 4 39 21 13
    20 50 10 42 46 29 34 21 19 41 13 31 15 16 39 43 17 23 30 40 28 24 7 44 3 8 1 2 49 52 22 33 38 6 25 32 11 48 35 27 36 4 26 47 5 12 14 51 37 18 9 53 45
    49 46 14 36 26 24 21 40 19 39 33 18 38 52 42 15 45 3 9 31 51 29 13 43 50 32 44 22 20 25 8 2 4 10 23 11 27 5 12 30 37 41 17 47 35 7 48 28 53 16 6 1 34
    24 2 33 27 15 41 36 49 29 14 51 8 21 5 3 11 48 52 25 23 13 42 19 18 40 38 9 47 31 32 1 30 34 50 45 12 37 20 17 26 53 16 43 39 46 10 6 4 44 22 35 7 28
    36 42 15 43 18 50 32 41 4 28 44 46 26 51 2 48 35 47 45 1 11 8 30 22 13 5 38 20 12 24 19 3 37 10 27 7 52 25 53 33 23 14 34 17 9 21 29 16 6 31 40 49 39
    41 36 28 26 30 50 35 17 14 10 25 8 27 9 24 51 52 43 20 45 5 19 40 46 11 16 4 37 1 13 38 2 33 47 21 39 53 29 34 12 7 48 42 22 18 15 44 23 31 3 49 32 6
    3 51 40 39 34 13 9 49 32 44 24 36 47 10 1 5 20 38 14 19 16 21 43 50 30 25 23 41 15 8 33 6 18 31 35 7 29 46 28 37 2 22 26 53 4 17 42 11 48 45 12 27 52
    42 18 47 28 39 29 41 45 13 43 7 22 25 35 48 9 16 26 52 12 4 15 2 51 31 17 6 1 50 5 33 37 27 20 24 36 38 14 46 53 10 19 11 3 8 49 40 23 32 30 21 34 44
    38 25 43 6 33 28 31 14 37 15 1 27 50 11 34 8 22 49 17 2 48 26 24 4 9 40 10 44 13 3 53 29 12 47 20 51 18 21 42 41 7 45 36 39 16 52 46 35 23 30 19 32 5
    36 29 45 16 19 48 8 22 49 25 28 6 34 53 51 41 32 35 12 43 46 17 44 38 2 5 50 37 27 15 21 7 23 33 30 1 52 13 24 31 40 26 14 10 20 9 11 39 3 4 42 47 18
    25 36 32 12 37 22 24 51 42 9 7 52 23 49 1 43 29 13 30 39 38 16 27 6 47 19 20 10 33 31 17 3 34 28 41 11 45 15 4 35 8 44 18 46 26 50 21 48 2 53 5 40 14
    17 30 10 12 16 33 3 4 9 48 32 52 49 13 20 8 34 15 24 7 1 46 38 22 45 18 42 27 31 35 44 40 29 14 50 6 23 2 26 51 53 11 21 47 19 36 43 5 37 28 41 39 25
    48 53 38 6 41 26 8 44 39 29 35 40 18 24 21 52 2 16 43 1 46 12 11 42 17 20 25 27 31 22 14 15 50 49 23 32 45 33 10 3 47 13 9 19 30 34 4 28 51 7 37 5 36
    39 49 19 47 46 3 10 28 17 4 14 36 32 43 52 1 48 11 35 51 23 45 38 13 34 5 12 53 42 16 15 21 40 30 27 25 33 29 37 18 8 50 41 7 2 6 9 24 20 22 31 44 26
    53 20 6 22 48 11 13 42 50 38 32 15 21 46 17 40 39 24 9 31 26 27 18 19 41 2 4 51 44 45 37 30 5 25 52 16 23 47 36 8 33 35 34 12 28 7 1 49 10 3 43 14 29
    34 25 42 19 31 39 51 49 16 20 48 23 17 8 37 50 2 28 36 4 53 45 22 43 44 13 1 27 3 41 38 30 15 9 14 47 5 24 46 29 18 52 40 11 6 21 7 10 33 32 35 12 26
    48 5 45 22 23 9 26 25 27 46 47 19 33 14 30 6 49 17 38 35 12 18 36 1 50 37 51 43 53 34 29 3 41 8 31 2 52 28 42 11 20 44 16 4 15 24 32 40 21 13 10 7 39
    27 7 51 33 41 38 3 20 8 24 5 9 14 35 42 2 45 46 15 11 47 43 1 28 12 50 40 22 6 26 18 48 39 25 30 4 31 23 32 44 36 34 21 29 13 16 53 49 52 17 37 19 10
    53 3 30 33 31 28 32 25 22 41 24 18 2 42 11 36 16 35 17 39 20 46 47 1 12 7 6 15 52 50 48 10 29 51 4 8 26 14 37 45 34 23 27 49 38 5 13 9 19 21 40 44 43
    45 11 20 36 21 42 47 29 4 15 50 44 30 38 39 13 3 53 40 28 2 1 16 23 35 43 24 34 18 49 12 27 9 51 46 5 17 14 25 22 31 41 52 32 26 10 19 8 48 7 33 6 37
    26 51 19 47 3 31 25 43 40 49 42 53 16 9 29 32 44 20 52 13 36 24 1 7 23 4 28 18 38 6 46 22 41 8 15 14 2 11 5 10 37 17 39 12 21 48 45 33 34 50 35 30 27
    51 30 4 53 34 32 31 42 12 5 52 2 11 16 38 45 17 40 19 18 44 7 28 13 48 22 10 27 46 9 20 36 50 25 3 14 33 6 49 23 26 15 1 47 21 24 8 43 37 39 29 41 35

