54

    38 6 51 46 12 19 17 27 48 31 45 15 4 7 26 23 9 14 53 10 54 2 21 47 1 41 39 13 16 28 40 29 30 3 50 25 36 22 32 52 37 44 20 8 34 18 33 24 49 11 43 5 42 35
    49 33 15 37 28 9 44 16 30 27 51 11 26 34 24 6 47 7 10 41 14 54 52 3 35 8 45 20 23 22 4 12 53 19 32 13 40 42 36 29 17 46 38 48 18 1 5 50 2 31 39 25 43 21
    6 22 35 52 15 33 29 25 39 28 43 44 34 14 21 10 5 49 11 3 20 45 7 19 53 41 26 30 36 1 24 23 47 9 40 17 38 13 32 12 51 8 27 48 18 2 54 46 31 42 4 50 16 37
    10 39 33 34 31 6 1 46 49 42 18 26 12 15 24 2 8 45 32 37 48 54 9 20 50 4 51 23 28 22 17 3 29 19 36 43 53 40 11 27 41 16 21 38 5 52 7 13 25 44 35 14 47 30
    22 39 54 45 28 36 41 26 16 48 46 29 17 9 43 4 6 21 42 7 40 25 47 14 24 27 1 30 44 51 33 32 49 37 15 52 31 53 18 11 3 38 12 13 5 23 10 8 50 35 2 34 20 19
    13 42 6 3 31 16 35 17 54 45 47 11 53 39 20 30 41 25 29 37 44 33 12 34 2 50 52 51 15 10 48 40 1 24 27 26 21 19 18 9 36 5 8 32 43 7 28 23 38 22 49 46 14 4
    41 33 22 27 42 4 11 54 46 48 38 47 16 40 10 49 29 35 37 1 21 39 28 26 43 19 23 14 32 5 7 50 6 52 53 34 30 45 8 17 12 18 51 24 36 20 31 13 9 3 25 15 2 44
    49 13 3 1 23 29 26 42 46 53 2 22 51 31 5 48 20 19 37 21 44 52 34 40 33 8 10 9 25 38 7 4 36 50 15 54 28 41 16 14 43 30 32 6 45 12 18 11 39 17 27 24 47 35
    23 44 30 34 13 45 29 10 47 5 1 18 53 41 46 2 36 19 12 52 54 40 43 16 31 7 20 14 48 22 3 50 6 28 49 39 9 42 17 32 8 4 24 27 35 15 38 11 51 33 26 21 25 37
    35 18 45 25 50 26 41 7 22 4 48 12 39 52 23 16 44 21 15 14 24 31 28 40 20 29 49 19 17 1 54 51 38 27 9 43 46 47 36 30 37 53 3 6 42 33 5 11 10 2 8 32 13 34
    21 26 35 49 2 29 23 19 27 47 14 28 4 42 1 32 24 37 40 44 6 39 51 18 9 43 8 30 10 16 13 54 33 41 38 48 5 22 36 3 11 50 34 45 25 53 17 15 46 20 12 52 7 31
    30 8 23 20 31 2 39 4 45 35 33 22 51 11 28 38 14 44 5 40 50 47 13 21 17 41 52 54 3 29 48 42 43 27 25 16 53 15 12 49 24 7 32 36 10 6 46 1 9 34 37 19 18 26
    6 1 10 3 11 43 12 42 17 20 27 32 18 36 9 24 7 25 39 14 23 2 46 52 30 28 38 37 22 4 40 33 16 45 35 5 48 29 47 49 26 50 19 13 41 15 31 53 21 51 44 8 34 54
    8 36 4 10 6 44 38 40 49 19 35 47 41 20 14 25 17 16 26 50 2 53 45 28 52 31 32 22 13 43 18 21 46 27 48 42 5 24 7 54 15 12 11 33 29 51 34 9 39 37 30 1 3 23
    35 14 49 28 38 31 51 41 4 46 21 37 20 1 44 52 39 29 23 2 6 10 42 25 30 22 5 17 40 18 26 50 27 43 34 12 8 54 32 19 24 36 53 3 13 47 45 33 48 11 16 7 15 9
    18 31 45 19 22 52 27 8 49 2 12 39 43 14 34 48 36 23 16 3 29 42 51 53 37 5 24 17 10 41 21 47 30 6 33 38 1 46 32 25 28 15 20 13 50 11 7 4 54 44 35 40 26 9
    11 4 28 10 1 8 30 48 42 53 3 17 16 45 50 39 46 22 7 37 15 41 34 6 9 52 31 18 13 23 47 21 26 38 2 33 27 12 20 24 44 54 40 14 19 43 25 35 5 51 36 49 32 29
    29 42 30 9 45 16 27 20 46 10 15 13 3 49 2 7 24 39 44 25 35 6 38 33 48 1 22 19 26 41 17 5 21 23 36 12 34 37 11 50 8 18 51 28 40 14 31 47 43 52 4 54 53 32
    43 3 22 25 29 9 4 18 5 26 28 34 30 2 27 38 44 46 54 20 31 6 37 32 51 8 52 21 15 35 16 7 33 42 39 49 23 10 53 45 50 17 13 11 14 24 48 12 47 41 40 1 36 19
    45 43 18 51 19 39 49 13 52 20 53 21 25 48 24 11 35 28 47 22 46 41 7 16 34 37 17 33 23 31 6 42 3 38 10 36 4 2 40 8 32 14 15 5 26 44 54 50 30 27 12 9 29 1
    41 16 8 27 37 30 53 40 32 12 35 47 39 3 38 51 24 13 1 46 14 10 52 29 17 50 18 23 48 9 2 28 43 5 7 4 42 6 26 20 44 19 36 15 45 11 21 49 33 25 31 54 22 34
    42 36 41 44 27 52 48 50 43 40 31 54 7 12 53 28 51 25 34 38 46 2 11 39 49 13 30 32 24 15 47 45 3 9 19 33 17 10 29 4 16 23 8 18 1 6 14 35 26 22 21 20 37 5
    34 31 18 40 39 30 13 32 28 3 15 48 5 52 19 14 2 51 49 22 53 27 50 45 21 16 47 36 35 54 9 8 1 7 24 12 17 20 23 26 41 4 11 38 42 6 37 29 33 10 44 46 43 25
    25 18 23 53 30 13 16 11 24 51 8 33 38 10 19 47 1 41 22 14 3 7 5 39 31 17 52 6 4 34 9 54 42 40 28 15 20 36 27 21 50 26 44 46 48 43 37 45 12 2 49 35 32 29
    37 6 39 46 45 7 1 4 34 47 52 42 41 11 5 44 40 9 8 14 54 3 50 28 17 33 30 26 43 20 25 32 31 48 19 16 10 35 24 15 18 12 21 13 2 49 51 53 29 23 22 38 36 27
    20 1 29 11 25 28 48 21 24 47 34 40 50 18 16 36 14 53 17 10 27 52 44 5 33 9 39 42 38 49 2 4 45 13 19 41 22 23 37 54 35 43 46 15 7 3 51 30 12 26 8 6 31 32
    18 46 29 40 41 43 44 30 21 28 8 35 26 31 20 51 49 19 47 45 53 32 17 12 23 4 5 36 42 33 22 38 48 10 39 27 15 54 24 52 1 6 16 11 7 2 25 3 9 37 14 13 34 50
    47 48 40 54 20 2 34 11 37 46 22 30 44 1 52 26 6 43 50 45 39 27 16 25 41 31 32 38 10 21 13 35 23 7 24 49 9 14 42 18 29 51 15 12 19 28 53 36 5 8 17 3 4 33
    21 39 13 26 8 34 43 30 7 1 37 19 44 22 10 42 17 49 20 54 53 23 51 36 18 33 14 3 9 45 11 6 40 15 29 35 38 41 48 16 24 31 4 5 25 47 46 12 52 28 32 2 27 50
    40 38 34 24 10 42 2 16 33 22 27 12 9 6 52 41 15 23 46 29 19 20 43 1 32 37 11 13 53 54 25 31 21 17 4 44 36 50 8 30 39 48 51 47 35 3 45 18 49 28 5 26 7 14
    31 53 10 52 38 37 24 6 30 29 27 9 49 47 4 5 1 39 51 45 36 18 54 17 44 2 46 28 8 22 48 40 23 19 25 7 41 12 26 20 32 11 16 15 34 50 21 13 42 3 14 35 33 43
    22 28 29 15 27 1 26 2 5 16 37 19 44 35 3 9 42 7 6 31 18 33 11 20 41 50 12 46 48 10 14 34 38 24 32 39 23 25 49 51 8 43 40 30 54 47 13 21 4 17 36 52 45 53
    12 48 5 45 19 32 20 26 33 41 2 10 17 27 25 6 53 34 44 15 46 38 30 24 3 52 29 40 22 16 39 50 7 31 28 9 37 43 13 42 18 35 8 49 14 21 47 1 36 11 51 23 54 4
    33 35 28 26 50 11 54 44 45 17 6 21 27 14 1 46 41 31 7 39 47 29 48 40 8 20 53 4 9 22 2 52 10 18 34 3 24 43 12 32 36 38 51 16 37 5 23 15 25 49 42 19 30 13
    41 2 4 5 6 19 40 39 7 31 21 28 8 27 17 26 49 43 52 53 1 11 23 33 25 51 37 50 35 15 20 24 12 45 29 48 30 42 3 22 38 14 36 54 13 32 16 10 46 18 47 44 9 34
    44 4 27 11 5 50 22 35 47 31 26 29 6 49 13 2 36 10 7 48 53 43 28 8 1 19 41 33 38 23 18 34 46 42 20 32 17 16 39 25 40 52 51 3 9 45 15 54 21 37 24 12 30 14
    38 4 49 6 39 1 53 30 28 5 32 27 13 44 34 37 2 18 46 10 21 22 29 25 36 24 52 14 35 23 9 45 50 47 15 54 17 33 40 31 51 26 42 8 43 20 7 12 11 3 16 48 41 19
    16 11 39 40 14 23 44 24 20 9 47 33 19 7 50 42 38 5 2 54 51 36 53 12 48 26 29 22 46 45 28 4 30 37 25 27 18 13 32 1 17 8 34 41 31 15 10 21 6 43 49 35 52 3
    34 18 52 10 46 50 35 17 36 38 22 19 3 6 8 42 45 25 21 31 15 44 13 43 48 53 12 4 33 30 2 32 41 9 40 49 51 20 26 29 54 39 5 27 11 16 14 23 7 47 28 24 37 1
    13 9 15 21 52 27 17 3 38 53 50 34 22 43 5 14 28 54 12 2 49 32 33 45 31 10 6 29 4 51 26 46 40 11 20 48 30 47 23 42 19 44 39 1 36 8 24 18 41 35 37 25 7 16
    28 21 15 27 45 29 33 16 3 13 7 49 34 30 22 6 41 46 31 54 44 42 47 53 1 5 23 18 51 10 2 50 24 26 37 35 20 11 14 17 32 25 39 52 4 48 8 12 9 19 43 40 38 36
    37 51 20 48 40 25 11 8 53 38 13 36 42 26 15 35 47 4 49 45 12 41 17 2 31 46 32 30 16 28 54 34 9 10 43 23 19 33 24 18 22 6 7 27 39 1 14 29 52 50 21 5 3 44
    37 13 31 4 50 46 10 43 53 9 25 32 45 23 39 52 21 3 2 54 27 47 24 26 40 38 41 22 36 42 16 48 5 12 14 17 15 30 7 19 35 51 6 49 18 34 11 8 1 33 44 20 29 28
    52 49 8 38 48 43 26 35 39 2 19 28 4 32 10 45 18 31 16 11 30 27 9 50 46 42 13 15 1 3 7 34 20 21 44 12 37 5 17 51 41 6 22 36 23 40 29 33 53 47 25 14 24 54
    50 37 10 54 38 8 33 18 11 3 15 39 36 44 53 22 24 48 30 45 29 41 42 1 28 46 9 14 19 17 34 51 23 43 47 2 25 7 49 13 4 35 52 27 6 26 5 16 20 31 32 40 12 21
    41 42 49 43 54 29 6 45 20 46 26 17 11 47 3 4 31 50 12 19 37 18 1 34 39 8 48 10 38 33 27 30 16 40 15 53 52 24 44 7 32 21 22 28 35 36 13 5 23 14 25 2 9 51
    30 44 50 21 29 52 9 22 13 25 3 24 40 45 38 53 54 35 6 1 32 26 19 2 34 5 49 16 28 12 33 46 47 37 15 31 43 41 51 8 48 4 17 23 20 18 39 14 36 42 7 27 11 10
    18 8 33 51 4 7 30 5 21 15 40 12 32 47 38 46 48 24 49 25 23 39 6 43 13 19 3 31 14 2 45 26 35 41 11 10 17 54 29 34 50 44 1 53 37 9 27 28 16 36 42 52 20 22
    7 40 10 2 34 31 16 53 28 42 22 20 24 32 13 37 38 12 52 18 41 14 44 51 35 1 17 4 39 8 23 19 30 50 46 48 45 15 27 5 9 29 54 47 6 43 25 33 11 36 26 21 49 3
    8 5 4 47 10 17 26 32 46 1 30 20 35 33 13 39 2 14 15 18 29 25 24 6 38 22 42 41 50 11 21 16 23 51 37 48 40 44 19 45 54 7 34 12 27 9 43 36 31 3 53 49 28 52
    12 39 45 9 2 27 47 1 6 32 35 51 37 16 43 7 11 31 38 50 17 46 29 40 26 33 28 8 15 4 49 24 42 44 30 23 52 54 19 14 13 21 3 10 18 25 5 41 53 20 36 22 34 48
    20 48 15 26 52 31 23 53 11 28 14 40 10 18 36 9 19 12 16 30 29 24 13 37 22 25 2 46 43 47 1 3 39 50 44 32 27 8 49 38 6 35 7 5 21 54 17 42 41 34 4 45 33 51
    25 42 3 12 35 32 39 51 14 41 29 30 22 33 24 36 44 13 23 47 52 5 8 27 53 38 31 2 49 26 18 4 16 37 6 7 48 15 40 34 1 19 10 50 45 46 21 17 20 9 43 54 28 11
    12 15 38 25 35 33 31 30 5 41 46 29 51 19 48 13 53 34 10 28 26 47 36 43 9 17 44 23 8 11 2 54 6 4 32 42 18 3 24 39 27 21 1 16 40 50 20 45 37 14 49 22 7 52
    50 48 42 35 22 25 28 44 52 2 12 38 5 3 8 37 16 36 6 34 17 29 13 33 4 32 14 31 9 30 43 47 21 24 15 10 49 41 27 7 11 46 23 18 19 26 20 1 53 40 39 51 45 54
    7 3 21 35 26 44 13 36 40 27 47 1 16 10 53 19 52 18 28 48 30 34 17 41 38 23 29 42 20 33 43 54 15 6 12 9 51 32 25 5 22 37 4 31 2 46 14 50 45 49 8 39 11 24
    28 47 14 38 13 37 40 11 52 1 46 20 43 36 18 29 22 17 50 41 48 44 10 25 53 32 31 16 23 34 19 45 21 9 8 6 39 54 33 3 24 27 2 26 7 4 51 35 15 42 12 30 5 49
    16 28 38 20 15 17 25 13 36 26 14 42 48 40 18 9 2 27 54 43 33 19 30 39 10 21 41 12 22 23 46 3 32 1 6 8 53 44 24 49 35 45 47 51 31 52 37 29 34 11 5 7 4 50
    7 40 53 8 28 10 27 35 44 24 43 20 17 48 13 36 42 9 18 23 6 5 51 30 19 12 47 50 37 41 38 49 25 16 1 3 21 45 46 4 31 33 14 22 15 29 11 2 39 52 34 32 26 54
    43 47 21 45 26 14 23 31 36 18 3 32 35 25 30 13 44 50 42 15 53 16 22 5 2 6 11 20 41 38 52 17 49 51 24 37 7 8 40 34 28 48 29 19 27 39 12 54 33 10 46 4 1 9
    3 18 43 45 9 17 36 5 44 14 41 8 11 29 22 7 39 4 23 46 1 49 50 19 31 10 21 52 24 34 20 53 33 42 38 25 27 12 15 40 13 28 2 37 32 16 47 54 51 48 26 35 30 6
    21 41 17 26 2 40 18 37 14 4 3 10 46 49 53 13 23 11 5 30 47 7 25 36 33 20 22 38 32 6 9 28 12 24 51 27 19 16 42 35 8 39 34 31 1 54 45 15 50 29 48 44 43 52
    50 15 7 12 3 37 5 45 25 17 23 14 47 42 32 22 36 13 40 33 38 35 53 43 30 4 34 2 44 6 8 51 18 31 24 46 10 28 27 39 48 29 1 16 54 19 9 11 26 52 41 20 21 49
    27 12 29 54 9 35 44 3 46 34 4 40 17 53 13 30 15 49 50 41 51 52 14 6 47 32 19 42 39 45 21 37 11 48 23 5 28 22 1 16 8 38 25 7 20 2 26 10 36 24 31 33 18 43
    4 44 45 54 31 20 52 46 40 7 27 25 29 39 18 2 49 12 47 15 30 34 42 23 26 21 32 51 33 19 53 50 8 3 10 35 6 13 9 37 1 17 48 36 24 22 5 16 11 38 28 14 43 41
    8 10 26 11 39 4 33 29 45 27 14 9 2 1 53 41 47 7 5 21 31 28 15 51 12 20 16 23 19 13 30 6 35 44 49 42 48 37 18 54 34 38 40 52 36 50 22 25 46 43 3 24 32 17
    39 2 51 33 24 6 10 20 7 5 53 34 23 17 40 28 14 9 26 54 50 38 36 25 22 11 46 21 32 42 16 1 31 3 35 13 4 19 12 52 8 18 47 43 49 37 44 45 15 41 27 30 29 48
    30 8 10 34 21 31 19 39 53 14 36 43 7 33 18 27 35 15 48 42 25 38 11 37 50 24 40 54 3 32 44 41 2 16 47 20 17 12 9 45 28 4 29 5 23 51 49 46 22 26 52 1 13 6
    46 23 3 51 45 44 34 53 28 36 13 20 16 54 9 35 4 18 29 31 22 25 38 49 15 6 32 8 5 39 17 10 43 41 2 37 19 26 42 48 21 52 30 11 24 33 14 47 27 40 1 12 50 7
    37 45 30 4 50 39 42 27 35 44 48 20 41 9 2 26 19 22 51 24 33 53 52 3 29 32 25 8 47 5 28 7 40 21 11 6 36 46 17 43 16 1 23 54 18 10 12 15 34 14 13 38 31 49
    26 12 15 53 43 45 10 6 34 25 2 40 1 18 36 35 49 4 50 5 47 38 30 24 27 51 31 54 3 52 7 32 22 11 14 20 28 48 8 42 17 16 19 39 23 46 37 21 13 33 9 41 29 44
    5 3 25 14 42 36 53 47 26 44 2 19 1 48 49 35 24 11 18 54 10 8 4 28 16 39 21 27 15 13 41 38 6 12 37 52 17 29 34 50 7 51 33 43 23 30 32 22 45 20 31 40 46 9
    24 36 39 15 10 44 27 5 54 40 45 23 3 11 22 52 14 16 2 42 43 13 21 7 4 1 38 30 51 19 48 46 31 35 29 53 17 50 12 28 49 26 20 8 25 33 41 47 9 37 6 18 34 32
    30 17 42 33 35 14 21 37 53 4 38 8 51 46 15 25 24 34 43 9 6 20 1 27 26 11 31 28 16 23 22 10 48 19 3 49 7 52 54 32 44 39 13 47 40 12 50 45 5 18 29 36 2 41
    39 7 40 37 13 38 11 31 16 26 50 17 8 34 21 32 15 53 19 48 4 10 43 14 5 36 44 51 24 28 54 29 20 49 22 35 3 45 9 27 18 2 30 41 42 12 33 52 46 6 1 47 23 25
    16 31 37 45 46 44 54 43 49 27 36 18 19 26 42 17 53 14 22 41 50 51 15 35 47 52 1 7 48 21 9 32 20 28 10 40 6 5 13 8 29 11 30 38 34 25 4 23 33 3 2 39 12 24
    1 6 11 33 28 13 40 48 2 15 44 22 50 52 14 8 27 9 17 20 43 30 45 39 18 35 16 51 7 24 21 23 49 34 36 53 32 12 54 10 4 38 46 37 5 31 26 19 47 41 25 29 42 3
    16 3 15 45 53 21 44 38 13 5 2 37 19 26 34 20 14 8 17 7 9 52 22 50 1 10 6 54 30 39 23 29 28 46 25 51 40 27 32 11 35 18 31 12 36 47 43 33 4 42 48 49 41 24
    40 53 20 37 49 13 44 45 4 48 41 46 5 42 27 19 8 33 50 10 52 1 29 38 3 7 18 30 28 14 9 21 22 47 23 2 11 43 36 34 12 15 16 51 31 25 24 54 17 39 35 26 32 6
    29 43 5 14 51 16 26 42 40 13 3 32 34 6 1 35 45 36 4 30 33 54 44 10 47 52 18 48 17 37 11 24 27 41 7 53 8 20 38 21 46 12 22 49 39 9 19 31 15 25 2 28 50 23
    20 6 42 34 40 8 29 1 32 39 23 30 31 14 50 12 21 17 4 53 11 49 38 35 10 54 7 15 22 47 37 36 26 13 9 27 5 3 43 45 44 19 2 41 28 33 16 52 18 25 48 46 51 24
    32 5 4 10 20 17 6 12 50 15 18 13 8 35 54 25 16 53 1 19 28 27 51 45 2 14 41 34 31 22 39 21 9 26 29 24 37 36 40 47 43 3 42 46 44 7 23 33 30 38 49 11 48 52
    43 2 9 21 30 52 51 53 3 15 12 5 38 4 48 54 40 44 28 25 11 7 36 19 10 1 31 23 50 17 20 22 24 46 42 8 39 27 45 41 16 6 32 34 47 37 18 13 49 26 14 33 29 35
    19 2 8 23 46 41 49 15 27 26 33 43 16 25 3 24 1 29 11 52 4 30 31 18 32 28 39 22 36 50 17 54 6 7 37 12 21 44 34 10 45 42 14 53 13 51 35 47 40 48 20 5 9 38
    3 41 24 5 44 40 42 23 21 13 8 16 33 25 10 48 35 39 14 19 22 30 20 28 2 18 51 7 46 50 12 54 27 29 53 9 52 38 26 47 45 43 36 34 31 49 32 15 6 4 17 1 37 11
    2 34 7 20 48 50 4 25 28 31 22 45 13 1 12 30 6 3 43 26 37 16 52 53 39 35 19 21 49 29 32 23 42 9 38 36 10 11 18 47 41 8 54 14 46 33 15 5 27 44 40 24 51 17
    16 25 47 18 54 5 43 41 22 46 28 34 24 8 51 23 49 50 1 9 36 32 26 52 21 53 33 38 4 44 11 37 30 48 6 31 42 2 20 40 27 15 3 29 19 12 7 13 45 17 14 10 39 35
    32 25 7 23 53 43 36 9 49 50 42 4 19 1 35 11 2 22 6 48 21 47 16 52 5 26 45 51 29 54 13 34 10 37 20 40 14 41 8 27 18 28 31 44 38 24 46 12 17 33 39 15 3 30
    25 19 54 34 24 37 30 53 2 15 27 52 20 8 18 21 39 4 10 29 28 45 9 33 3 49 11 51 17 22 46 12 14 7 47 43 13 40 31 36 6 26 1 35 41 32 50 44 23 16 38 5 42 48
    35 37 34 24 46 45 32 49 43 23 12 9 21 10 44 41 36 54 3 25 52 5 15 51 6 28 31 26 38 13 47 8 48 1 4 39 27 11 53 29 42 30 19 14 22 2 40 7 16 20 33 17 50 18
    16 14 43 50 41 5 22 8 4 54 23 7 18 30 24 12 21 19 47 44 3 49 15 46 34 36 37 17 9 48 25 53 45 40 38 31 35 32 10 11 27 2 52 6 42 1 33 39 20 29 51 13 26 28
    31 30 2 29 3 47 32 44 24 20 6 15 13 51 11 12 48 33 23 27 16 34 42 8 38 9 18 25 26 40 54 36 35 43 19 17 53 41 46 1 14 7 22 28 21 5 45 52 39 37 4 49 50 10
    8 18 45 1 25 35 20 5 53 51 42 28 23 4 7 46 24 30 14 9 41 2 31 13 33 29 17 39 43 47 50 32 12 22 44 40 54 11 10 37 21 49 19 3 52 34 15 27 36 26 48 38 6 16
    20 46 19 50 36 37 26 27 22 48 1 41 49 21 16 39 17 14 43 51 33 11 4 52 8 42 29 30 53 34 13 15 5 2 38 54 7 18 35 3 25 47 44 45 24 12 28 31 6 9 10 40 32 23
    20 33 32 23 34 5 39 36 19 47 10 17 25 51 9 44 11 6 31 27 22 18 15 43 52 49 21 14 2 4 45 28 37 8 53 30 41 13 50 12 3 1 38 42 7 54 40 16 24 35 46 48 29 26
    13 11 53 43 29 28 45 23 41 42 21 15 12 17 34 44 38 22 26 30 33 48 39 9 36 14 37 50 47 4 20 25 54 31 2 19 52 3 5 46 6 16 1 24 8 32 27 49 18 7 35 40 10 51
    32 47 25 17 12 46 52 8 44 15 30 42 23 37 4 5 29 7 2 3 48 28 10 50 16 11 31 43 6 54 51 24 34 27 21 20 35 38 26 40 45 14 36 1 19 39 9 18 41 13 22 33 53 49
    35 41 48 31 14 6 23 39 52 44 1 22 20 15 25 47 16 5 29 42 12 26 49 50 9 36 46 30 28 51 3 13 2 10 45 43 21 8 54 18 4 11 17 38 24 37 7 34 19 33 40 27 53 32
    5 14 19 15 49 38 17 8 28 6 35 52 32 22 13 21 44 40 3 50 9 11 53 39 2 10 45 7 1 47 12 27 26 24 4 31 23 42 30 18 20 37 34 41 46 25 33 16 54 43 51 29 36 48
    7 12 30 48 11 28 1 47 32 20 19 21 41 54 15 23 26 4 27 40 17 39 13 37 16 42 8 35 14 3 2 45 29 22 49 34 38 9 46 33 44 36 52 18 43 10 51 6 25 50 31 24 5 53

