55

    29 37 4 38 39 48 53 42 19 52 50 23 36 20 41 12 14 25 26 17 13 15 40 31 45 6 27 18 3 24 51 2 5 30 35 34 47 9 49 1 7 16 44 21 22 55 28 54 10 8 43 33 32 11 46
    23 4 10 9 42 31 11 20 43 32 38 13 8 55 14 35 49 12 36 18 40 6 54 46 27 53 47 33 21 3 19 30 52 7 51 48 45 29 2 16 50 41 15 44 24 28 37 1 22 25 17 34 39 5 26
    51 27 48 45 19 21 17 12 8 9 20 29 53 2 16 4 49 38 33 6 10 13 32 36 37 24 43 52 26 39 41 11 50 23 40 22 7 54 42 44 25 47 30 1 5 35 14 28 31 3 18 46 55 15 34
    28 25 2 1 43 15 37 7 41 19 38 11 54 17 13 48 24 45 16 29 50 32 8 22 42 47 9 27 46 4 20 5 35 12 34 49 53 40 52 18 30 3 39 14 31 44 55 23 21 33 26 36 51 6 10
    23 10 37 6 49 14 29 17 7 25 30 40 26 32 18 1 43 24 9 55 15 8 52 36 48 50 11 44 53 12 19 33 51 28 3 38 35 16 42 13 47 39 27 21 31 20 2 45 5 54 4 41 22 46 34
    21 5 42 7 15 2 23 38 37 29 17 31 1 11 54 32 16 12 10 43 36 55 52 22 30 53 26 4 34 45 47 44 9 6 25 19 33 28 39 48 14 46 3 40 41 13 50 18 8 27 35 51 20 49 24
    39 5 17 12 35 11 47 38 48 34 51 45 50 44 40 37 41 4 36 19 7 23 42 32 46 31 10 33 25 15 13 22 9 16 43 26 18 3 24 6 55 29 2 54 53 20 27 28 14 8 30 52 49 1 21
    19 13 6 21 25 7 35 15 9 8 2 42 11 48 45 17 5 10 46 12 27 54 47 49 28 29 18 16 4 53 23 52 41 34 20 14 43 38 26 37 3 24 33 36 39 44 31 40 1 51 22 32 55 50 30
    32 24 20 52 39 2 27 8 26 12 21 45 34 9 16 51 29 48 22 36 37 6 15 54 1 42 47 50 19 23 10 49 18 11 55 38 41 28 3 4 44 7 46 25 33 53 40 13 35 30 31 14 43 5 17
    13 18 38 51 49 47 6 1 32 26 30 54 28 50 31 41 11 46 43 35 4 33 42 29 22 48 24 16 27 23 17 14 25 20 37 45 8 2 40 34 39 9 5 44 19 52 12 7 53 55 10 15 36 21 3
    22 52 19 37 43 3 2 31 36 25 45 42 1 44 14 17 49 13 18 12 10 53 50 7 11 47 6 55 21 46 8 15 35 33 51 24 23 5 38 28 40 16 29 54 30 4 9 48 39 41 34 32 27 26 20
    25 14 38 1 52 11 37 9 13 3 31 5 50 28 46 24 15 34 51 19 6 48 55 18 21 7 49 54 20 2 23 10 27 41 17 30 12 42 36 47 22 26 32 33 45 39 29 40 53 35 8 4 44 43 16
    3 34 6 10 49 13 8 52 21 37 22 2 42 25 27 35 38 5 11 29 33 32 36 26 18 45 40 55 53 14 54 17 20 7 9 4 30 43 23 15 50 24 12 47 44 31 19 51 48 28 16 1 41 46 39
    15 14 53 20 19 31 47 26 36 50 48 43 46 2 6 29 28 54 10 13 12 39 5 55 9 51 7 32 42 40 35 16 18 45 22 30 37 33 34 21 41 11 4 23 1 52 17 3 25 24 44 27 8 49 38
    41 42 19 55 20 2 14 32 6 46 50 52 33 26 51 15 40 29 44 21 48 45 11 25 13 47 35 23 43 22 10 28 7 12 16 1 34 38 54 9 8 5 37 24 4 53 17 18 31 27 39 30 36 3 49
    55 46 11 35 53 15 6 4 32 28 5 7 23 16 47 36 27 20 29 39 12 43 44 30 10 45 42 38 34 13 24 18 50 21 54 51 1 37 26 33 41 25 49 40 52 14 3 31 2 9 8 48 22 17 19
    13 6 40 44 3 39 14 10 4 48 16 50 18 30 35 17 33 52 9 27 23 51 37 34 7 49 46 22 21 1 11 55 26 41 2 32 38 36 5 45 31 53 25 8 20 42 28 24 29 54 19 43 15 12 47
    25 54 11 46 9 20 7 15 43 30 13 21 24 37 12 42 5 17 14 4 22 35 49 48 23 26 27 28 3 31 45 33 53 40 29 6 10 16 47 41 1 36 19 55 51 2 32 44 39 8 34 50 18 52 38
    35 4 32 30 14 42 51 41 25 21 1 52 47 15 43 48 49 33 36 29 16 23 37 24 3 50 40 39 2 5 54 18 53 11 6 17 38 45 13 9 55 20 19 44 34 22 26 12 10 46 28 31 8 7 27
    41 42 15 4 36 40 22 51 31 6 50 29 23 34 14 26 1 21 20 45 17 19 16 8 38 44 55 28 46 24 33 10 25 37 2 18 47 52 12 30 11 9 35 49 53 39 32 54 27 3 5 7 13 48 43
    39 18 15 53 26 23 47 38 44 31 55 48 32 22 7 54 37 34 17 8 14 19 11 27 43 51 5 45 13 25 36 24 29 33 28 21 9 35 1 6 3 46 10 40 42 52 49 20 41 16 50 30 12 2 4
    24 5 11 2 48 43 40 1 8 18 53 51 6 13 14 29 44 7 26 4 46 42 54 49 25 28 41 45 21 31 10 17 36 23 32 47 34 22 33 52 38 15 39 3 35 20 19 9 16 50 12 30 27 55 37
    54 15 8 40 30 1 49 24 51 37 53 21 16 34 22 43 19 10 18 4 52 9 26 35 5 2 44 11 41 17 28 25 20 14 6 7 13 23 27 3 29 50 47 31 45 12 39 48 46 38 36 42 33 55 32
    25 15 20 14 27 28 45 47 51 31 1 24 30 41 17 7 53 52 23 39 37 40 6 55 4 43 21 44 33 3 49 8 48 9 36 18 16 46 34 35 42 11 19 50 2 12 10 5 38 32 13 22 54 26 29
    42 2 55 34 23 40 18 33 54 39 32 21 6 25 43 4 8 35 45 48 30 14 31 15 44 26 10 5 22 3 38 49 27 50 24 47 13 53 52 36 1 19 28 41 11 37 9 20 51 17 12 7 16 46 29
    33 10 42 32 45 6 28 17 49 22 24 18 55 51 29 37 13 40 16 46 14 50 5 30 34 21 48 44 27 36 41 53 20 26 1 38 31 35 3 8 43 12 25 23 4 11 19 39 7 9 54 15 2 52 47
    18 10 13 16 11 48 14 40 47 41 37 21 50 7 29 26 54 43 15 31 38 52 19 23 44 42 39 17 2 24 33 35 5 3 6 9 25 28 51 34 45 4 49 55 27 46 22 1 20 32 36 8 30 53 12
    37 39 10 36 4 9 5 12 35 27 47 23 45 52 19 25 17 11 21 38 44 55 31 28 53 24 51 42 29 15 50 6 16 18 20 3 1 7 33 46 41 30 49 14 54 34 32 2 13 40 8 26 43 48 22
    29 32 23 51 20 21 38 54 49 13 17 45 43 41 52 2 33 5 31 44 26 35 18 15 48 46 19 40 22 9 53 6 10 50 34 16 4 14 28 24 8 7 1 36 47 42 37 39 30 12 55 27 25 11 3
    35 16 45 21 13 39 9 40 54 46 8 4 41 12 24 3 53 47 18 42 17 49 50 52 44 48 10 23 43 33 26 31 51 7 25 38 22 27 19 20 37 34 11 30 32 6 36 28 15 1 5 2 14 55 29
    30 19 10 31 29 50 2 20 12 6 44 38 51 21 40 1 48 23 7 17 32 52 55 45 33 9 13 41 26 42 37 35 54 27 22 46 8 5 24 39 49 4 47 25 28 34 43 53 3 15 11 36 16 18 14
    41 5 46 44 27 48 51 36 23 39 55 9 13 11 28 18 8 19 52 10 26 24 2 22 33 53 38 31 37 50 45 16 34 49 21 42 3 1 14 20 43 32 7 35 6 29 4 12 17 47 15 30 40 54 25
    17 40 5 53 46 7 52 48 44 45 31 24 19 6 36 41 2 47 11 13 16 55 34 28 15 49 1 3 43 18 25 42 21 9 35 29 50 20 39 14 26 10 22 38 37 23 30 4 32 8 33 54 51 12 27
    11 14 10 54 52 48 47 19 46 38 27 21 17 1 39 44 9 45 43 16 8 31 49 37 12 30 23 34 33 29 13 20 24 22 15 5 7 53 28 3 42 40 36 41 25 32 18 26 50 51 55 6 4 2 35
    33 29 16 46 37 44 10 3 52 47 50 39 34 26 23 2 48 49 38 53 41 45 18 13 4 17 19 11 8 36 32 25 15 9 35 54 40 1 42 55 51 28 27 7 24 6 21 22 5 14 43 20 31 30 12
    47 5 19 6 28 41 15 26 44 8 55 34 16 20 23 22 13 4 43 38 49 18 52 14 42 53 27 2 54 48 21 10 36 31 9 50 40 46 39 35 17 11 7 30 3 24 32 29 45 12 51 37 33 25 1
    11 31 2 32 45 34 9 52 37 7 49 17 43 29 24 33 5 19 26 41 12 1 40 53 30 4 27 38 39 25 16 14 6 42 55 3 51 44 48 20 47 13 22 50 10 8 18 15 21 54 36 23 28 35 46
    33 19 29 20 54 31 16 47 8 15 4 36 39 51 49 53 18 9 41 55 11 7 6 13 25 45 50 1 22 12 46 42 40 17 44 24 27 21 26 5 35 23 10 52 43 14 28 37 30 38 2 3 34 32 48
    2 25 47 27 9 13 46 32 22 11 8 45 6 43 40 44 48 10 24 30 23 38 17 52 50 16 49 29 33 21 1 34 14 39 15 36 55 18 54 35 51 12 42 53 26 4 31 3 5 19 41 7 28 20 37
    24 3 40 18 43 54 2 35 13 47 26 20 1 17 11 14 41 32 9 34 37 21 25 15 27 50 38 30 31 16 39 28 29 7 53 6 44 49 51 36 46 22 5 52 48 10 4 55 8 45 23 19 42 12 33
    53 54 52 18 15 46 43 35 45 51 47 49 12 38 34 14 29 50 42 2 30 11 40 36 23 33 22 13 20 3 55 41 5 26 27 16 32 25 17 24 6 44 1 21 8 10 7 39 37 48 19 28 4 9 31
    27 36 38 31 54 33 32 15 53 3 35 4 45 43 47 19 28 10 7 52 49 37 26 6 18 25 9 8 50 23 22 34 17 46 21 1 20 29 16 12 13 44 48 42 11 2 41 40 5 55 39 24 30 51 14
    9 44 17 49 21 40 41 23 48 22 55 27 6 18 47 4 26 35 38 2 30 15 43 53 34 45 31 3 12 32 54 1 36 19 11 7 46 33 8 52 10 24 20 51 28 50 39 16 37 14 25 5 29 42 13
    5 40 20 47 29 32 39 37 13 16 27 30 4 8 21 42 24 12 7 55 35 50 15 10 51 34 23 38 25 9 49 17 6 54 53 45 33 48 43 3 46 19 18 14 36 44 11 26 41 31 2 52 1 22 28
    20 7 49 28 34 51 29 18 15 38 25 47 11 53 23 27 39 19 45 44 40 1 4 33 22 43 9 48 12 41 3 31 54 5 46 32 42 35 24 2 26 6 10 37 55 52 8 21 50 17 13 14 36 30 16
    14 27 32 41 35 51 1 53 47 39 52 50 13 55 43 6 23 3 16 17 29 38 30 31 20 42 18 8 7 36 12 15 10 48 37 45 54 19 49 5 46 22 11 2 44 40 24 33 28 4 9 21 25 26 34
    15 40 41 33 30 25 37 35 44 42 48 6 54 43 47 24 18 39 52 20 4 26 16 53 10 1 13 51 31 2 12 29 11 28 49 50 27 36 23 38 21 9 8 32 5 17 3 46 7 14 34 45 22 19 55
    18 47 46 17 43 2 4 55 49 20 7 24 1 12 27 3 53 14 41 8 22 23 5 35 40 54 19 51 37 52 45 16 9 21 36 10 26 25 42 29 13 39 48 32 34 15 31 11 30 50 33 38 6 28 44
    46 48 50 32 29 12 10 38 23 47 41 19 22 31 7 18 27 21 20 39 43 3 52 53 16 2 8 28 17 13 4 35 37 5 34 30 9 15 26 6 42 11 40 24 55 45 44 36 51 33 1 14 49 54 25
    37 35 38 45 4 47 53 3 23 11 27 28 15 10 55 40 39 12 41 52 24 1 36 2 33 29 17 18 48 34 22 50 42 54 14 32 7 8 6 9 49 31 20 30 46 51 16 43 25 44 21 5 19 26 13
    8 45 54 9 25 40 33 31 37 50 17 42 10 35 24 26 32 1 39 15 43 30 6 55 41 16 18 47 3 29 7 23 52 5 36 20 12 38 2 51 49 13 14 44 53 22 21 19 48 46 27 28 11 4 34
    7 38 18 39 36 28 29 27 17 48 20 35 37 31 51 6 40 12 24 45 33 26 4 55 47 23 30 52 53 13 8 50 11 49 9 15 16 3 2 43 5 41 21 22 1 10 46 25 42 32 54 19 14 44 34
    47 30 23 1 28 55 37 29 17 43 48 40 3 35 20 2 4 13 44 45 6 19 50 49 54 33 22 26 7 18 38 31 42 15 53 32 46 25 14 16 9 52 41 24 8 39 11 34 36 10 12 27 21 51 5
    55 45 12 53 43 17 35 25 8 13 34 46 1 52 33 21 24 18 49 5 3 27 40 54 7 30 37 11 9 50 26 48 47 32 39 2 14 16 19 44 29 23 41 28 22 51 38 42 36 20 15 6 4 31 10
    13 45 44 41 53 34 46 43 39 48 7 51 52 37 50 31 17 29 28 9 5 14 19 23 3 25 47 38 1 49 2 10 12 54 30 20 22 11 18 55 16 35 27 36 24 32 42 21 33 4 15 6 26 40 8
    30 3 44 37 36 17 34 9 16 23 18 4 8 31 15 45 27 51 38 29 1 39 40 22 20 24 43 2 14 48 49 7 52 35 10 33 50 32 21 13 55 25 6 46 11 26 54 19 47 12 5 42 28 41 53
    55 26 29 49 28 36 4 8 14 35 11 16 40 41 38 19 48 15 22 24 5 37 3 51 23 27 9 43 18 42 44 20 12 7 46 50 47 21 52 25 6 53 13 34 33 32 54 30 31 2 17 10 1 45 39
    46 9 21 55 32 5 12 1 47 22 8 4 44 48 23 28 54 36 26 39 43 10 33 25 13 18 30 6 16 41 7 53 34 42 35 14 2 50 31 49 52 24 27 29 45 20 38 19 15 3 40 17 37 11 51
    36 6 37 38 5 16 29 15 49 51 14 2 24 43 8 39 45 22 4 28 50 40 9 19 18 31 27 23 48 3 11 17 33 47 34 52 26 41 44 25 42 13 53 7 10 21 1 46 54 55 12 32 30 35 20
    23 12 44 7 8 54 25 45 36 52 11 20 39 21 18 46 47 2 41 10 43 48 40 13 22 17 50 37 16 35 29 38 51 31 15 1 14 30 27 42 24 6 55 49 53 9 32 33 19 34 3 4 26 5 28
    43 25 48 27 31 55 12 35 47 17 3 1 22 15 40 7 37 6 21 39 54 20 5 11 9 34 23 24 52 49 50 14 46 18 26 4 38 45 28 30 36 29 32 51 41 42 19 8 16 13 33 10 53 44 2
    31 17 24 7 39 55 3 32 8 49 4 14 30 51 12 23 47 15 35 25 40 46 44 50 11 33 37 22 54 34 52 48 43 26 13 29 38 36 2 5 45 42 19 28 21 10 53 18 1 6 16 27 9 41 20
    27 50 51 55 14 15 40 39 2 42 29 28 7 43 26 35 52 48 38 24 53 44 34 33 31 19 8 6 13 11 18 41 32 46 25 37 16 21 9 1 20 22 10 23 45 3 17 12 4 5 30 36 47 54 49
    21 41 24 18 17 53 11 14 36 10 49 6 39 40 35 25 9 51 29 7 19 38 42 15 48 2 50 3 1 23 46 33 32 27 54 37 12 31 8 22 30 52 47 34 28 45 55 4 13 5 16 44 26 20 43
    42 37 53 24 26 16 10 32 23 38 2 12 18 11 33 43 34 50 19 44 29 22 36 51 17 48 40 49 6 5 45 41 28 27 3 8 15 9 7 31 54 35 20 55 1 14 47 13 4 46 30 25 52 21 39
    23 26 18 44 9 4 25 29 20 2 3 11 13 38 40 7 39 53 32 52 24 30 19 10 43 1 41 21 14 17 6 49 22 27 51 45 54 42 15 8 5 55 46 34 48 16 36 37 12 33 50 35 31 28 47
    43 29 46 50 40 19 1 2 21 35 24 44 5 7 3 6 51 17 36 20 10 41 15 14 33 31 53 38 4 27 8 45 9 32 37 26 52 18 55 22 42 34 16 12 11 28 39 23 25 13 30 47 48 54 49
    16 6 32 22 2 33 39 13 29 20 27 36 40 44 31 5 28 46 17 52 35 3 11 43 10 34 4 24 15 18 19 51 1 49 23 54 47 7 8 48 30 38 25 41 26 37 45 55 53 12 14 9 50 21 42
    41 10 43 6 37 5 21 14 28 12 11 15 55 2 33 48 42 19 31 1 51 40 16 38 20 44 7 39 18 25 34 47 27 3 17 52 45 29 46 30 32 53 36 35 8 23 9 26 22 4 24 54 13 50 49
    29 9 11 21 34 15 23 30 28 26 38 10 43 25 36 22 54 17 41 8 1 16 49 45 32 27 20 48 18 39 50 52 35 12 55 24 5 2 14 44 33 53 13 4 37 46 7 6 47 40 3 51 42 19 31
    25 53 22 47 16 19 38 37 43 21 55 18 52 26 15 14 49 20 33 13 29 31 8 45 12 9 46 35 39 24 6 2 50 41 27 5 51 34 1 17 10 36 7 42 11 32 48 54 30 44 4 40 28 3 23
    36 55 25 28 33 18 52 24 48 44 29 43 3 35 19 22 15 21 50 6 39 4 20 31 23 10 27 49 46 53 34 42 37 2 13 8 38 54 45 17 47 32 11 12 14 9 1 5 51 16 7 40 30 26 41
    50 22 42 17 45 41 10 23 30 19 8 38 9 34 47 3 24 6 2 12 26 52 37 32 48 33 21 46 44 7 20 11 16 53 39 4 35 49 43 15 54 1 13 27 28 31 36 51 14 55 29 5 18 25 40
    55 54 7 25 51 24 32 47 19 37 38 26 4 28 22 16 6 50 42 10 3 41 21 48 53 45 20 12 31 18 13 34 8 9 14 44 27 17 35 23 1 29 40 46 49 11 2 30 5 15 33 43 36 39 52
    33 35 52 18 20 38 16 15 6 24 46 9 48 21 49 42 17 11 5 28 40 29 41 19 54 36 50 27 43 13 51 1 26 2 39 34 32 37 4 44 8 7 53 25 23 12 3 47 45 14 30 31 55 10 22
    28 19 43 10 21 47 9 15 13 27 25 24 50 18 45 16 22 30 33 49 14 26 8 41 3 42 35 17 40 51 32 31 55 1 37 38 6 54 46 11 20 4 23 52 39 34 29 5 12 53 44 36 7 2 48
    36 37 43 48 51 49 6 16 4 44 8 7 42 30 40 53 3 19 5 15 32 54 18 52 26 14 35 27 24 23 20 1 50 13 47 39 17 11 2 55 22 45 9 38 46 25 34 28 31 41 10 33 12 21 29
    38 22 46 1 34 51 17 30 25 47 36 52 4 29 35 28 21 54 18 26 5 32 53 3 2 7 49 37 33 44 43 50 27 41 13 24 19 40 12 14 48 31 55 10 23 11 16 20 42 6 8 45 9 15 39
    47 32 24 46 14 48 45 20 17 25 50 52 37 44 54 22 4 2 16 26 51 38 34 28 31 29 39 6 21 35 1 49 33 19 27 9 30 18 13 10 36 15 43 53 55 3 41 23 8 11 7 40 12 5 42
    35 2 49 40 20 47 5 13 26 29 39 9 15 25 14 4 32 51 19 22 37 43 1 34 6 27 54 36 33 44 11 50 17 30 48 28 38 23 16 46 12 42 31 53 55 24 45 3 8 7 18 52 10 41 21
    31 46 28 53 10 2 43 13 36 34 50 27 16 33 14 55 7 32 51 30 12 18 29 37 52 20 22 23 25 11 40 49 17 8 47 41 1 42 6 54 38 4 15 21 35 19 44 3 48 26 9 5 45 24 39
    18 45 27 54 8 46 10 5 6 49 4 14 16 23 12 2 28 1 39 47 26 22 48 13 36 32 40 31 55 24 51 30 11 52 20 38 29 21 19 35 44 9 17 15 41 3 34 37 25 50 43 53 42 33 7
    43 36 12 47 37 14 7 19 25 1 10 29 44 18 3 34 22 20 32 49 13 55 39 5 30 38 42 51 16 26 46 9 2 28 27 54 52 24 35 6 53 40 41 48 11 23 21 17 15 45 8 4 50 33 31
    2 7 29 26 10 21 49 55 11 50 40 25 48 23 41 46 51 8 18 20 52 27 5 36 19 32 12 3 44 45 1 37 38 13 34 16 6 24 31 35 15 14 22 9 54 53 39 17 30 43 47 28 42 33 4
    50 30 22 5 37 1 4 20 24 40 43 44 34 38 15 53 36 49 27 2 6 51 54 13 16 18 9 12 26 47 52 8 21 11 29 25 46 14 19 45 23 32 41 28 55 33 7 10 3 17 35 31 42 48 39
    46 33 1 9 5 19 42 53 32 26 44 14 37 49 7 31 36 30 15 29 47 35 38 13 20 51 4 48 54 24 28 55 52 25 10 18 22 23 17 40 34 12 39 8 6 50 11 45 27 3 43 2 16 41 21
    51 27 46 43 18 22 35 52 19 12 26 41 38 40 50 48 25 37 45 33 7 49 28 1 30 16 3 23 14 29 24 5 21 53 15 42 54 36 32 9 55 10 8 44 6 39 2 13 47 11 34 17 4 31 20
    36 53 38 16 41 30 31 7 55 48 29 35 21 26 1 17 8 25 47 46 27 33 32 54 28 37 12 10 40 39 51 9 11 20 19 45 23 24 5 52 6 43 13 2 14 18 44 42 34 22 4 50 49 15 3
    27 48 45 6 53 54 3 55 39 12 28 14 42 16 43 31 34 32 29 18 4 23 37 25 22 47 36 19 24 44 13 1 11 21 46 50 26 52 35 17 33 15 38 7 49 51 10 40 2 41 8 9 30 5 20
    40 5 54 6 38 11 8 15 53 48 31 45 39 12 32 1 22 29 14 43 27 37 24 18 16 47 52 19 55 30 21 10 34 26 17 3 49 36 44 50 51 23 7 13 25 20 35 4 33 9 42 28 41 2 46
    52 49 20 42 22 45 7 31 36 28 23 30 33 29 35 51 19 1 40 32 34 41 3 55 44 9 15 50 47 21 37 25 38 16 14 2 18 11 53 48 5 6 4 43 39 8 12 13 46 54 24 10 26 17 27
    9 48 27 45 22 46 37 17 52 43 39 50 49 2 7 29 41 12 31 24 28 55 13 38 30 19 23 35 32 4 5 1 26 47 54 44 3 10 53 8 16 6 33 51 25 34 21 42 18 14 15 40 11 20 36
    39 50 26 20 28 15 11 53 55 51 42 48 36 19 12 37 13 34 14 43 32 24 27 38 29 5 35 33 1 49 17 47 9 25 2 21 52 7 4 30 23 18 41 16 8 22 54 44 46 45 40 6 3 10 31
    36 31 38 15 48 28 26 20 12 52 46 37 55 13 30 4 1 47 32 21 11 27 17 40 34 41 35 14 10 9 2 8 43 22 44 23 7 54 5 16 29 6 45 51 49 3 53 25 50 39 19 18 33 42 24
    34 9 39 52 2 7 31 29 15 24 14 16 13 6 26 10 19 5 35 42 43 28 50 49 30 20 54 1 12 37 3 46 32 4 23 21 8 27 36 11 40 33 51 38 18 48 47 53 44 41 45 17 22 25 55
    45 4 34 15 2 25 47 50 19 21 49 48 10 9 42 13 35 27 37 22 6 7 53 32 3 12 20 26 8 44 52 31 23 33 16 17 11 18 14 30 36 38 51 28 55 43 54 46 1 40 5 29 24 41 39
    30 20 29 53 45 21 46 52 18 43 37 47 19 32 24 10 26 13 25 49 44 14 3 5 11 16 50 48 28 55 9 54 36 27 4 15 40 51 6 34 35 1 38 8 23 41 39 12 33 22 31 2 17 42 7
    20 12 42 19 32 33 23 55 24 11 45 26 6 41 48 37 3 1 44 15 22 21 54 4 14 8 36 16 29 47 46 31 18 28 2 13 38 40 39 53 34 50 27 25 35 7 5 52 49 9 43 30 17 10 51
    2 23 37 29 25 33 19 15 5 26 45 54 18 3 8 35 16 4 36 41 40 38 53 14 7 13 11 22 17 1 42 55 28 32 49 47 12 20 31 34 51 46 24 52 10 27 6 21 39 44 48 50 9 30 43
    29 4 44 52 46 35 36 43 10 11 12 42 5 38 33 30 37 18 2 34 22 14 48 1 19 9 23 53 28 6 45 13 41 27 7 16 55 21 39 50 20 26 51 40 32 24 49 54 31 15 47 8 25 17 3

