56

    17 30 5 33 36 3 11 49 39 6 2 19 15 55 24 14 9 56 41 54 27 53 18 10 37 8 35 42 44 22 13 40 34 47 31 21 48 1 12 43 7 26 32 52 28 46 4 16 29 51 25 38 20 50 45 23
    31 35 20 28 10 33 30 45 49 43 39 19 54 6 40 7 12 41 47 24 8 56 15 21 3 16 23 48 5 13 36 25 53 18 37 55 2 22 11 52 32 4 44 51 26 38 42 27 29 14 46 50 17 1 34 9
    43 9 10 39 4 20 41 42 36 28 1 31 33 47 2 16 23 22 45 17 5 38 51 3 37 26 30 19 52 56 7 27 50 40 35 55 24 48 15 32 12 14 34 54 11 18 8 21 13 44 49 46 53 29 6 25
    45 31 50 41 14 51 23 7 2 42 39 13 35 38 24 37 15 32 1 36 49 48 21 53 12 6 27 19 40 47 29 55 25 5 16 22 18 34 20 56 10 54 28 52 30 43 4 9 26 46 17 3 11 44 33 8
    15 53 34 52 18 51 3 29 4 25 55 47 33 37 32 19 45 48 41 56 44 49 2 6 14 21 7 20 10 5 23 17 35 43 11 54 36 42 16 9 26 13 46 39 31 24 12 27 1 28 22 50 38 30 8 40
    45 10 22 23 20 50 26 56 14 42 18 54 13 6 37 38 41 52 11 34 15 46 55 12 31 40 29 5 9 51 30 21 19 39 43 36 44 53 7 28 8 17 33 48 32 2 16 35 27 3 4 24 1 47 25 49
    15 28 11 22 16 43 13 19 45 26 51 47 31 23 29 4 21 17 24 20 39 12 42 9 35 56 53 10 6 25 32 30 46 8 38 1 2 55 40 52 50 41 36 14 34 33 48 18 49 37 5 7 3 27 54 44
    48 2 35 10 45 32 16 38 53 8 36 47 34 25 23 56 46 4 30 37 3 24 40 55 15 42 33 43 21 50 20 52 31 49 51 9 11 41 18 29 22 26 19 13 6 17 5 27 44 54 39 12 14 7 1 28
    38 29 8 24 48 42 40 25 44 2 6 11 51 18 53 41 54 23 46 14 45 5 27 47 30 10 26 55 33 22 13 28 3 20 4 7 1 21 36 31 17 50 52 9 12 19 35 56 32 37 43 39 16 34 15 49
    27 18 29 25 55 26 24 1 7 33 47 21 12 38 16 5 35 9 14 50 56 49 44 43 34 53 45 40 13 28 10 3 46 23 32 41 31 11 51 19 36 2 39 4 20 8 17 42 48 52 37 15 54 30 6 22
    42 18 1 3 21 35 33 24 49 48 10 5 11 46 2 8 20 55 44 34 25 50 45 56 13 43 41 7 52 40 36 23 14 15 37 39 30 28 26 29 54 19 27 31 53 4 38 47 51 9 6 12 32 17 22 16
    43 9 15 34 23 31 6 24 12 25 48 37 29 16 5 3 7 36 21 33 1 51 41 26 44 50 27 14 18 38 2 47 8 45 35 17 52 42 53 28 30 46 39 20 49 32 56 13 22 11 10 40 54 4 19 55
    8 40 28 43 19 25 32 9 29 14 7 55 49 56 52 53 46 16 31 37 47 6 30 39 22 12 54 11 18 36 17 34 48 5 1 51 2 4 44 15 23 10 27 26 20 45 33 3 50 24 42 13 41 21 38 35
    11 47 7 26 39 43 5 55 4 24 25 9 56 34 27 14 21 20 31 36 28 52 15 3 16 53 13 42 8 40 2 22 1 10 19 6 41 51 46 18 38 37 48 44 50 17 33 12 30 45 35 29 32 54 23 49
    29 45 27 8 44 35 23 47 33 11 41 46 1 42 53 31 6 25 56 20 19 30 50 34 12 24 40 55 26 10 28 2 36 32 4 48 3 15 13 54 49 37 16 51 17 7 43 9 14 22 38 18 21 39 5 52
    50 54 3 16 27 5 18 2 15 28 49 12 26 40 7 25 4 39 53 20 52 36 38 24 35 10 33 41 56 42 43 30 9 8 31 13 19 55 32 23 17 1 47 45 22 29 51 21 6 34 11 44 37 46 14 48
    49 14 38 41 22 6 10 5 28 45 52 18 15 36 20 35 32 33 29 34 53 24 56 43 23 26 11 4 1 42 25 54 13 27 16 31 50 9 30 51 3 37 47 46 17 19 8 44 21 48 39 55 40 2 12 7
    11 26 39 12 42 6 49 56 35 50 46 48 45 16 25 19 5 29 30 7 2 28 20 27 15 3 38 44 52 43 32 40 8 1 55 13 23 17 33 34 36 9 37 41 54 10 22 24 47 4 18 51 14 53 31 21
    2 39 26 34 7 33 28 50 21 35 49 51 38 24 16 8 42 22 1 40 17 20 10 41 15 36 53 44 37 25 5 56 31 13 52 19 18 29 4 47 45 43 32 54 55 46 11 3 30 9 27 14 6 48 23 12
    3 41 37 29 5 45 28 4 7 16 35 55 34 36 2 23 12 31 21 27 43 30 40 38 50 33 49 10 52 6 14 51 26 8 22 20 18 9 53 24 15 48 42 47 54 17 11 25 13 19 44 1 32 39 46 56
    15 54 44 45 16 46 32 13 42 9 51 55 56 4 6 21 28 18 5 34 52 30 3 17 25 33 1 48 24 41 50 38 49 2 20 23 31 7 35 37 36 27 11 29 22 40 14 10 39 53 8 47 43 19 26 12
    46 3 21 11 9 45 17 18 56 7 51 22 2 32 12 33 41 1 10 40 36 48 27 42 47 29 34 20 39 28 37 15 13 50 49 43 19 54 38 35 55 52 44 6 26 53 25 24 5 31 14 23 8 4 30 16
    53 10 34 18 36 27 20 41 49 47 38 2 44 52 39 11 1 22 13 32 33 28 15 26 23 51 30 37 46 48 50 56 35 8 43 6 31 12 54 9 21 3 14 45 40 16 5 19 7 55 25 4 24 17 42 29
    39 47 20 49 42 44 16 55 32 24 43 26 28 31 2 54 38 45 10 11 13 41 19 5 22 35 9 52 1 3 7 56 21 25 17 18 37 4 53 29 8 23 51 48 15 34 6 30 12 14 46 40 50 27 33 36
    40 27 7 17 55 51 29 56 15 11 48 26 10 6 1 35 33 52 12 38 41 54 21 30 43 4 13 22 34 5 20 47 8 23 39 24 44 14 31 32 37 50 49 3 19 9 28 42 2 18 45 25 53 46 36 16
    44 54 40 3 35 50 17 16 53 42 2 48 29 39 14 37 51 45 20 1 52 28 5 31 9 49 6 8 22 55 25 32 56 47 11 34 7 21 4 23 46 10 33 43 24 38 27 13 26 36 15 12 41 19 18 30
    17 32 49 30 21 24 19 22 26 48 1 8 15 5 50 29 9 3 40 6 31 11 45 41 36 53 55 18 28 20 44 12 2 52 23 13 39 54 4 25 14 16 56 27 47 35 43 10 37 7 42 33 46 34 51 38
    4 43 9 18 26 20 10 51 31 55 33 13 28 37 24 32 25 54 16 41 30 15 42 29 6 14 38 3 17 23 45 1 50 44 48 22 2 8 49 27 40 11 47 53 39 35 46 56 52 12 5 36 19 34 21 7
    44 27 5 51 40 43 34 39 6 12 17 56 18 48 2 37 28 55 46 30 33 11 26 38 9 8 1 16 35 20 36 10 14 15 53 47 50 19 22 32 13 54 24 23 29 31 49 41 21 3 4 7 45 52 25 42
    56 31 35 33 5 50 49 18 14 44 15 28 29 42 9 30 51 54 22 41 3 43 37 32 6 53 13 16 21 40 34 26 25 2 20 45 47 48 7 24 46 39 8 52 11 10 1 17 12 38 27 4 19 36 23 55
    15 41 52 6 3 8 23 47 11 42 32 55 35 43 38 44 16 53 36 51 1 29 7 46 34 5 37 39 2 17 19 10 22 26 24 50 18 45 12 54 20 25 56 14 31 13 21 48 27 9 4 40 28 49 33 30
    12 46 45 21 42 40 26 50 3 49 18 25 9 32 22 31 6 35 28 55 33 16 17 43 37 7 51 8 13 44 1 36 23 4 11 54 14 29 24 20 5 52 48 10 41 39 38 56 27 19 2 53 47 34 30 15
    30 29 40 6 13 3 7 34 21 8 41 18 27 52 26 42 15 25 47 23 38 56 12 49 55 10 45 35 16 2 5 1 53 33 14 20 9 36 51 44 32 22 39 28 37 54 17 11 48 4 19 31 43 46 24 50
    40 15 34 42 4 56 23 41 12 24 45 5 9 48 43 29 13 14 52 36 53 1 37 32 49 55 54 47 6 27 8 39 18 10 38 33 19 46 20 26 2 11 28 7 31 17 21 22 30 35 44 51 3 50 25 16
    37 7 47 28 43 19 22 27 11 56 23 31 44 4 1 48 40 52 2 21 54 6 30 3 26 5 17 12 46 55 38 53 33 49 51 32 18 29 36 45 20 39 13 9 8 34 24 14 25 41 42 50 16 15 35 10
    38 22 34 18 29 48 3 24 7 28 50 35 26 39 27 21 36 43 16 55 1 51 32 30 19 46 25 52 49 37 31 5 20 14 2 56 47 40 13 54 9 12 23 33 45 41 10 6 17 15 11 8 4 42 44 53
    36 28 18 4 46 10 23 30 56 24 53 43 12 5 38 27 34 17 52 48 1 20 45 40 47 8 42 19 15 2 49 39 13 7 6 16 44 14 21 37 41 54 55 50 33 25 31 11 26 9 32 22 35 51 29 3
    54 30 47 50 18 5 52 15 21 34 9 13 42 10 45 3 23 33 19 8 55 4 38 11 48 7 46 25 36 28 53 20 49 32 2 43 16 17 24 29 12 44 14 37 22 35 6 41 39 31 1 51 26 27 40 56
    9 28 46 2 49 55 50 54 52 19 42 33 44 10 47 35 45 41 5 14 25 30 26 21 8 13 34 23 48 3 37 12 27 20 53 17 56 15 22 24 6 29 32 36 7 43 1 4 39 38 16 31 11 18 51 40
    27 4 49 28 13 55 39 15 16 7 35 17 10 48 30 14 25 1 41 19 47 26 5 40 24 43 50 29 18 51 32 44 31 8 53 3 56 9 21 45 2 54 46 12 20 36 38 23 11 34 37 33 42 52 6 22
    4 34 49 23 2 53 16 27 45 32 14 35 7 6 19 13 29 51 56 30 47 9 33 38 20 28 25 36 15 44 42 3 40 55 17 46 8 22 43 52 12 54 50 18 26 1 41 37 39 10 21 5 48 11 24 31
    47 51 2 3 39 44 34 35 45 14 36 37 28 13 9 24 54 17 19 53 27 6 23 32 41 12 21 22 25 43 49 52 26 15 46 42 38 31 48 1 18 29 56 50 10 8 7 4 33 55 5 30 40 20 11 16
    8 27 20 54 25 42 46 31 34 14 24 41 32 53 23 39 28 3 21 50 38 9 43 5 55 45 36 18 47 2 13 6 26 37 40 7 33 48 15 22 35 29 17 11 44 30 52 49 1 12 4 19 16 51 10 56
    44 1 27 40 17 29 55 35 34 8 48 41 16 36 51 46 53 31 47 45 37 13 38 54 20 25 11 3 32 50 42 5 9 10 33 22 19 18 4 26 56 24 39 30 23 2 43 7 21 28 14 6 15 49 12 52
    48 20 27 2 39 15 51 7 26 14 32 22 37 38 55 49 56 4 42 10 16 17 31 50 5 3 13 28 11 33 36 43 45 19 12 44 53 30 47 46 25 54 8 29 21 23 52 34 35 1 40 6 9 18 41 24
    34 5 13 29 54 41 44 47 7 30 26 36 20 16 6 24 1 4 53 3 48 45 42 22 37 10 25 31 28 15 43 32 33 49 12 39 38 35 17 52 50 19 51 14 40 9 55 18 56 23 27 8 11 21 2 46
    3 31 12 41 38 19 51 46 21 50 26 1 43 20 37 14 15 35 23 44 40 4 54 45 28 24 25 10 6 2 53 32 55 27 9 11 33 17 29 30 22 36 56 48 52 47 42 39 5 8 49 18 13 7 34 16
    8 16 24 2 37 19 31 42 34 36 11 38 53 35 21 46 22 49 5 55 18 17 54 10 40 45 56 6 23 7 52 25 41 48 50 44 39 3 14 33 51 20 15 27 28 26 12 9 29 1 30 47 43 4 32 13
    55 47 6 17 42 43 48 26 34 37 53 14 7 54 49 45 30 28 21 51 27 36 22 39 10 31 35 15 38 3 1 25 9 50 5 40 11 18 41 29 32 56 19 13 23 24 52 20 33 16 4 2 12 46 44 8
    29 56 41 48 30 13 43 38 12 14 24 52 3 6 34 15 54 17 39 25 44 7 11 2 50 46 5 26 1 42 18 22 32 21 49 19 31 9 37 51 55 28 23 20 53 4 33 40 10 36 35 45 47 8 16 27
    18 51 8 20 36 11 48 13 44 56 24 23 2 47 38 37 52 53 49 21 30 12 9 39 10 6 33 29 3 1 17 50 4 14 31 16 35 25 43 28 22 45 41 7 32 46 27 34 42 55 5 26 15 40 54 19
    41 43 45 34 55 8 11 27 46 15 40 10 49 16 25 51 53 30 24 56 5 14 44 52 31 48 47 2 22 38 50 26 4 28 54 6 20 29 12 17 33 13 21 19 36 35 37 32 9 7 39 23 1 3 42 18
    12 48 45 32 18 31 25 42 10 8 7 16 13 44 30 17 14 43 26 40 27 53 54 36 1 35 6 29 22 52 15 24 2 3 56 38 41 39 19 51 33 4 11 34 50 49 55 46 37 23 20 28 9 47 5 21
    23 33 46 19 40 39 14 17 55 56 12 11 24 49 16 28 22 26 41 37 53 50 21 42 6 43 44 8 5 51 1 52 48 35 38 31 30 47 27 18 25 54 32 29 10 45 4 2 36 34 13 20 7 15 9 3
    11 23 18 27 51 41 34 17 20 10 56 15 4 37 25 45 44 36 1 31 24 54 7 12 48 33 6 49 55 28 14 32 50 39 21 3 35 46 38 40 9 8 43 30 13 22 2 29 52 47 19 53 42 26 5 16
    41 49 56 7 47 13 35 39 31 51 16 18 9 23 42 8 11 26 27 37 25 55 38 4 52 50 6 20 53 32 29 3 15 5 45 22 21 1 12 2 33 17 44 14 43 40 24 28 36 46 30 48 54 10 19 34
    51 53 1 27 56 7 40 16 28 22 39 2 47 42 49 41 33 23 46 43 12 35 6 54 19 36 5 13 50 18 17 48 11 38 4 3 8 26 15 25 32 55 34 10 20 21 37 24 52 30 14 9 44 29 31 45
    25 33 52 29 30 47 43 12 21 18 31 14 53 3 36 4 6 35 48 15 19 5 23 28 51 38 9 20 50 7 17 13 10 1 22 39 32 56 55 45 34 40 37 44 42 46 26 27 16 54 11 2 49 8 41 24
    1 12 17 48 42 21 20 55 10 13 43 44 3 46 29 38 5 30 33 24 56 53 23 51 54 15 18 37 50 52 28 6 32 16 39 9 19 11 49 34 22 26 8 41 31 35 25 7 47 36 2 4 14 45 40 27
    14 46 51 54 28 2 9 37 4 41 16 18 53 1 13 36 30 42 11 56 3 26 45 19 31 49 12 50 17 55 32 43 48 7 27 6 47 25 24 21 34 35 33 22 38 23 52 44 8 39 15 5 10 20 40 29
    45 44 19 56 26 2 30 40 13 1 29 51 27 54 15 52 36 7 10 42 28 31 48 9 18 37 49 50 17 35 34 16 20 24 23 8 14 32 5 22 33 21 38 46 11 6 4 41 12 43 39 55 53 3 25 47
    31 29 3 17 20 4 33 10 40 1 6 7 16 34 5 48 9 39 23 27 25 54 12 37 18 15 26 49 21 53 28 11 19 8 55 30 36 14 13 42 44 52 2 51 46 22 43 35 45 24 41 38 47 50 32 56
    54 31 29 15 16 52 25 7 56 21 53 34 36 44 11 55 19 12 47 8 27 20 37 42 43 23 14 32 1 26 17 39 10 2 9 35 48 41 4 22 51 24 5 18 13 38 50 49 30 3 40 45 33 46 28 6
    53 33 44 24 8 43 49 6 30 5 28 14 26 17 54 32 3 35 7 2 42 21 22 37 51 55 19 38 4 29 50 10 48 23 56 25 27 13 40 39 9 15 41 46 34 16 1 36 11 47 31 45 18 52 12 20
    21 38 46 4 17 2 37 15 39 47 20 54 16 23 53 27 6 56 28 14 25 44 45 26 18 19 24 12 13 31 40 49 32 51 43 11 55 3 36 8 10 52 34 7 22 30 9 48 41 50 1 42 5 29 33 35
    11 7 39 20 50 18 42 24 29 15 49 4 16 48 38 26 44 8 34 33 28 37 14 32 35 25 6 3 17 13 46 41 2 23 45 1 30 22 55 10 31 51 9 21 52 53 43 5 40 36 47 56 19 27 12 54
    16 26 12 24 19 35 18 56 55 2 51 15 37 44 48 8 33 10 32 52 53 14 17 39 5 43 50 7 27 54 41 9 30 6 36 1 29 21 4 34 23 28 22 20 11 49 47 40 42 45 38 25 46 13 3 31
    8 18 54 31 6 16 27 17 3 34 9 20 35 24 55 10 47 28 37 23 38 44 11 50 30 48 40 7 49 36 2 45 1 19 53 46 13 56 42 32 14 22 26 4 21 41 15 29 39 52 51 25 12 33 43 5
    15 14 51 8 18 17 28 50 39 11 49 10 21 37 33 41 25 24 40 53 7 3 52 34 55 47 42 1 2 22 54 5 30 6 46 45 4 43 44 36 32 13 31 9 29 20 23 48 35 27 56 16 12 19 26 38
    46 55 31 3 25 7 10 21 52 28 2 17 32 45 19 4 44 34 18 47 35 14 48 8 51 24 38 5 50 37 29 43 16 26 41 40 33 12 30 22 11 56 53 39 20 54 9 42 27 36 13 49 1 6 15 23
    16 41 21 10 1 19 22 54 38 4 55 13 26 45 32 28 5 52 48 6 53 46 11 24 33 2 23 8 29 14 17 51 50 25 34 36 3 20 27 12 31 49 44 47 9 35 7 18 39 42 43 30 15 56 37 40
    39 13 20 49 31 45 3 17 2 1 28 53 56 25 18 14 6 47 27 43 22 32 10 48 9 44 34 29 15 4 24 30 35 23 21 52 8 33 42 50 51 41 5 46 11 7 55 37 26 54 12 36 16 40 38 19
    1 54 4 12 20 49 2 44 39 27 34 48 33 28 6 17 41 43 37 10 31 5 47 45 22 11 14 15 24 38 19 50 8 3 21 56 32 30 53 25 7 36 23 18 40 26 29 42 16 51 13 52 55 9 35 46
    7 9 33 40 1 3 17 19 16 38 12 46 10 26 37 44 22 47 11 41 48 2 31 15 39 34 49 25 23 32 4 18 14 13 20 6 27 35 45 28 36 55 53 30 51 21 50 29 56 42 54 5 52 43 24 8
    38 46 18 4 1 48 24 26 11 49 41 25 44 35 50 34 5 16 29 52 13 30 56 22 40 31 7 27 32 19 9 21 28 6 23 10 2 47 36 37 3 15 20 12 54 42 53 8 43 33 14 45 51 55 17 39
    25 37 20 13 21 4 35 52 26 9 30 32 45 3 19 41 17 28 2 44 29 14 42 15 56 31 39 33 40 24 53 47 49 18 43 46 55 10 38 12 1 27 23 34 54 48 7 22 6 8 51 5 16 50 11 36
    7 34 12 26 35 18 2 55 46 9 4 17 16 8 11 54 10 51 30 42 14 52 22 47 36 13 19 41 24 37 31 6 33 40 45 38 5 1 25 21 23 15 27 28 20 49 39 3 48 53 43 32 56 29 50 44
    38 51 40 9 2 1 41 3 44 12 30 43 53 37 20 28 55 33 46 56 36 15 8 49 4 23 14 7 19 27 34 42 16 39 17 52 11 25 18 24 5 10 6 32 21 35 31 26 48 13 29 47 22 54 50 45
    43 51 4 45 2 49 7 52 16 24 3 28 53 22 5 32 20 15 29 1 14 18 17 11 10 39 25 6 9 42 19 48 47 21 8 54 36 35 12 33 44 37 56 31 41 46 40 38 23 13 27 26 30 34 50 55
    55 12 20 14 25 44 34 19 3 16 39 54 11 46 30 2 37 13 24 23 9 4 48 10 35 28 40 41 27 36 1 32 47 22 51 29 6 42 26 45 53 17 38 56 21 52 18 43 15 33 49 7 5 50 31 8
    21 42 1 52 4 5 47 9 50 36 44 11 48 54 43 37 16 30 8 49 14 10 18 56 3 53 2 39 27 51 15 24 45 41 22 46 33 29 35 38 25 20 40 34 19 55 26 31 17 7 28 23 12 13 6 32
    52 8 44 25 54 17 21 50 39 9 53 29 5 32 16 13 3 37 20 45 51 6 35 7 36 46 41 31 19 18 2 4 23 33 30 11 12 43 42 24 34 1 22 40 27 26 49 55 47 28 56 15 38 48 10 14
    47 6 2 54 38 22 29 19 50 56 13 16 34 30 17 33 35 28 15 36 12 51 25 39 8 43 1 53 7 27 18 14 5 52 55 48 32 23 37 9 24 10 3 42 26 21 4 41 46 49 31 44 40 20 11 45
    24 54 35 19 3 30 36 15 12 53 47 2 25 34 5 13 26 45 23 8 51 29 46 42 28 49 6 18 17 52 4 10 38 31 32 50 56 44 33 21 55 39 40 27 20 7 48 43 41 1 9 14 37 22 11 16
    18 51 24 40 37 35 34 28 3 11 50 38 6 29 31 22 45 17 52 33 1 32 4 54 56 47 8 25 2 15 14 16 9 53 12 42 39 7 49 26 46 21 55 41 27 5 44 43 20 30 10 48 23 19 13 36
    36 1 30 38 47 14 31 8 54 39 9 18 49 43 5 12 7 3 26 15 29 10 2 4 24 27 35 53 28 33 46 50 45 48 16 23 22 6 37 13 32 52 56 42 21 40 25 44 51 20 41 34 19 17 11 55
    38 11 18 37 55 45 14 26 17 2 27 20 31 42 3 50 29 30 10 53 6 44 48 56 25 12 9 36 54 13 34 49 47 35 8 32 1 41 4 51 28 46 19 52 22 39 5 7 40 43 33 15 21 23 16 24
    17 39 11 37 42 43 55 15 13 10 56 18 20 19 44 23 38 7 27 6 31 4 29 2 40 35 33 9 30 49 47 8 48 32 1 36 22 12 26 14 21 50 5 28 41 45 16 51 54 34 25 52 24 53 3 46
    41 31 2 43 51 47 12 17 24 22 23 53 36 56 30 16 3 42 14 6 49 50 33 39 4 8 28 48 20 27 54 9 13 10 11 45 1 21 15 46 37 55 44 18 7 34 52 26 5 25 40 38 29 35 32 19
    27 4 34 38 28 30 53 7 8 6 22 37 21 50 15 17 36 44 18 47 33 2 20 49 31 45 41 10 12 24 5 56 55 46 40 14 19 48 43 13 3 51 16 9 11 25 23 32 29 39 1 26 54 42 52 35
    26 55 52 23 4 32 37 27 19 18 42 48 16 36 43 31 40 24 17 49 51 35 56 44 5 28 10 3 2 54 34 12 11 14 13 1 46 41 25 9 6 15 7 47 38 29 45 20 8 50 21 53 30 33 22 39
    39 22 26 23 12 15 35 4 31 37 46 44 36 2 24 9 48 6 10 55 11 3 18 34 47 40 20 54 49 1 14 8 45 53 21 29 42 25 41 5 52 33 50 17 43 28 13 27 7 19 38 16 56 51 32 30
    51 8 49 39 43 19 26 28 54 48 14 2 9 16 25 18 52 47 44 6 24 23 45 37 50 30 29 17 7 21 36 53 56 5 41 38 10 15 42 11 12 22 20 34 46 40 4 31 13 55 35 27 1 33 32 3
    40 25 46 55 15 42 2 4 19 9 47 36 41 5 22 53 24 52 54 32 8 50 29 18 7 34 10 51 43 1 16 33 37 35 21 38 27 3 45 44 28 12 11 48 13 31 30 23 20 56 49 6 14 26 39 17
    42 20 5 18 9 23 29 38 39 46 16 14 7 3 50 10 2 15 55 22 37 25 4 43 41 52 19 35 33 28 13 53 8 47 12 34 44 11 6 1 45 24 40 30 26 31 27 56 51 32 54 48 49 17 36 21
    47 41 55 22 27 56 39 4 26 35 15 14 10 18 9 50 42 44 1 49 24 3 23 53 40 54 52 30 12 21 51 7 28 5 34 48 8 33 6 46 36 20 19 25 38 29 13 11 2 45 31 17 32 16 37 43
    54 53 49 29 43 36 19 45 41 35 14 13 5 26 48 7 28 51 42 37 22 21 11 40 2 6 17 46 52 4 55 15 33 18 10 32 44 30 23 12 3 31 16 56 20 47 27 25 38 9 34 1 24 8 50 39
    28 56 20 43 11 33 18 24 25 8 50 39 4 55 9 44 17 36 10 52 32 12 5 49 21 15 42 29 31 27 7 47 35 13 16 23 41 14 45 19 48 6 34 38 3 46 2 22 37 26 40 30 1 53 54 51
    37 33 47 9 49 51 52 3 12 16 36 23 2 14 31 56 5 1 32 4 7 15 19 27 30 48 6 50 45 29 42 34 55 40 46 28 54 53 18 25 35 17 43 20 11 38 26 10 39 8 44 24 22 21 13 41
    17 36 56 37 5 31 53 50 1 14 30 55 51 15 6 24 22 49 7 3 54 28 12 44 26 45 8 46 16 4 35 48 10 27 2 18 47 25 40 43 11 41 23 21 38 39 42 32 9 34 19 13 20 52 29 33

