57

    3 45 44 50 18 46 32 30 8 35 39 16 34 47 7 2 48 26 15 27 14 31 38 1 53 43 11 22 36 52 12 21 10 40 13 29 20 6 42 37 56 19 23 51 28 9 33 17 49 4 25 55 5 41 24 57 54
    18 21 56 47 38 51 34 27 17 36 55 7 2 57 8 25 33 39 52 5 31 48 10 14 43 30 49 45 28 4 6 19 44 35 37 32 53 13 15 12 9 24 54 11 20 50 22 16 42 40 29 41 26 1 3 46 23
    17 37 27 1 14 48 35 2 38 36 32 57 19 54 7 6 21 50 25 24 22 4 53 51 20 42 39 34 23 49 15 33 30 41 26 8 40 31 5 44 29 45 9 47 52 3 55 10 12 16 28 46 13 56 11 18 43
    34 5 18 47 29 49 23 45 7 22 51 40 54 39 28 17 50 31 48 55 15 11 26 30 4 37 25 6 13 12 53 42 38 1 46 56 44 14 19 16 27 24 52 8 21 32 20 10 35 33 9 41 36 57 43 2 3
    23 18 10 44 7 57 51 24 3 11 22 43 52 4 1 6 13 53 31 17 34 21 39 27 19 30 2 46 33 16 41 32 50 38 9 48 20 5 35 47 56 42 26 14 36 8 40 15 55 12 25 49 28 29 45 37 54
    17 57 7 39 4 9 51 15 8 24 38 49 45 42 18 22 44 47 28 54 33 30 37 19 1 16 50 3 41 36 2 53 25 55 21 29 27 56 32 13 26 48 23 52 12 14 6 43 10 34 11 20 31 40 35 5 46
    22 53 49 3 28 8 12 44 17 9 45 4 13 29 1 10 36 33 35 54 23 50 42 56 16 55 25 5 6 37 40 21 43 15 51 32 11 27 57 30 31 24 19 2 48 38 20 47 7 41 52 39 14 46 18 26 34
    1 45 17 41 16 47 28 36 6 25 37 20 31 22 51 27 4 29 39 9 2 5 21 40 38 53 24 55 8 30 15 42 49 57 50 54 12 34 11 48 3 10 46 19 18 35 14 52 13 44 7 23 43 33 32 56 26
    21 56 16 50 40 17 20 38 3 24 48 29 39 41 32 2 43 5 8 6 35 44 52 18 12 7 34 49 13 1 28 31 46 57 47 53 36 45 27 10 42 30 22 14 11 51 55 4 19 23 33 26 37 54 9 15 25
    20 33 2 1 39 21 46 44 5 54 47 16 19 28 43 18 51 37 36 30 6 26 53 41 52 3 12 23 38 8 7 10 57 45 15 11 22 17 27 32 35 31 24 42 48 50 56 49 14 40 4 29 34 13 25 9 55
    9 32 55 50 26 13 45 30 56 40 16 41 27 52 8 43 53 28 37 23 54 2 39 4 29 48 47 24 10 33 14 57 18 21 31 1 44 35 6 20 46 25 19 15 34 51 3 36 38 7 12 11 49 22 17 5 42
    11 34 19 38 45 1 15 57 50 53 40 49 30 52 56 20 16 2 47 12 25 44 14 4 37 33 24 7 43 46 27 39 6 31 28 9 8 36 13 3 35 26 42 48 41 5 23 55 10 51 22 54 32 18 29 17 21
    30 5 8 23 44 32 26 13 22 18 33 40 37 14 15 34 21 54 46 24 38 11 42 50 35 57 49 55 25 43 9 4 53 31 51 39 3 12 36 2 10 6 27 45 7 47 19 1 20 17 52 48 56 41 29 16 28
    19 54 32 17 7 2 5 12 33 52 51 14 40 45 56 44 49 20 31 24 46 22 9 47 29 42 13 8 21 53 11 38 43 37 10 16 41 36 1 30 27 48 26 50 23 4 35 25 15 55 18 34 6 3 39 57 28
    12 49 32 56 44 21 14 1 26 31 42 15 50 22 5 43 3 17 38 18 37 53 7 9 23 29 40 47 8 52 54 11 24 36 34 6 10 46 4 39 20 45 13 30 33 25 35 16 57 48 41 27 28 55 19 2 51
    29 43 19 20 40 54 5 38 13 2 10 33 1 35 39 23 57 4 46 37 24 15 31 26 56 52 3 9 14 55 44 16 28 30 21 34 18 12 51 53 36 11 27 22 47 25 17 42 45 7 49 48 41 50 8 6 32
    24 18 17 25 31 10 51 45 43 26 2 55 7 27 1 32 38 12 54 50 49 33 57 48 19 15 30 23 42 20 34 14 41 36 40 5 39 4 6 13 53 52 16 8 56 35 37 3 11 44 9 46 29 22 28 21 47
    32 24 20 43 16 4 21 54 38 22 57 49 46 13 55 7 17 18 10 37 28 47 51 8 11 26 36 33 1 35 25 44 6 39 19 52 53 42 40 31 12 3 5 50 27 34 23 45 29 48 30 14 9 2 15 56 41
    21 37 17 50 35 23 15 42 20 8 22 26 7 51 2 44 18 53 52 4 43 10 33 12 34 13 24 48 31 39 40 14 41 5 57 47 6 49 30 27 28 54 45 46 56 9 1 25 19 3 36 16 38 11 29 32 55
    15 36 55 45 47 19 21 9 43 11 20 37 39 53 40 5 24 16 18 57 8 3 14 6 27 54 23 49 17 28 12 51 2 1 7 13 56 25 31 29 44 38 30 35 26 42 48 10 32 41 46 4 52 22 50 33 34
    23 38 29 14 43 6 15 42 53 28 27 39 51 19 45 36 17 24 25 18 46 11 13 21 7 26 56 34 8 44 32 2 30 55 10 49 22 5 12 16 57 4 50 1 54 31 20 3 37 52 33 9 35 40 47 48 41
    20 29 39 17 31 52 44 30 25 9 6 32 13 1 27 8 16 12 19 28 53 26 4 38 51 5 33 36 55 37 41 50 2 7 14 23 35 11 56 22 18 40 54 57 24 43 10 49 15 45 47 3 48 46 42 34 21
    53 43 16 35 7 12 25 20 1 18 51 44 9 40 23 10 15 5 46 52 37 42 27 45 8 29 6 33 54 13 47 38 17 48 32 57 22 55 30 4 31 21 26 50 14 39 36 19 2 3 56 49 11 28 41 24 34
    43 25 17 27 53 31 37 9 33 56 49 26 22 34 8 41 13 35 38 2 30 14 52 4 40 47 10 48 45 24 54 7 57 42 20 16 23 39 11 55 29 51 44 46 12 1 32 21 19 6 18 15 36 3 5 28 50
    36 28 42 24 19 23 46 21 57 1 2 27 4 48 3 6 43 52 41 53 56 25 37 15 30 18 32 34 47 31 45 35 9 5 50 40 17 8 12 20 13 22 38 54 16 55 29 51 39 10 26 11 49 44 33 14 7
    54 55 1 23 52 34 53 41 36 6 45 24 56 25 19 9 14 28 31 51 22 8 26 46 16 18 27 5 42 3 11 29 4 7 38 37 35 47 43 17 40 48 20 15 30 10 12 2 32 50 13 49 21 39 44 33 57
    9 22 31 17 18 45 36 28 12 49 54 32 27 10 47 42 2 5 26 7 51 33 21 8 48 39 16 37 25 23 13 35 52 40 38 50 46 15 3 57 11 24 19 44 20 4 29 6 55 56 53 1 14 43 34 41 30
    3 14 12 57 56 33 11 27 54 19 43 23 17 31 6 39 16 41 9 20 42 30 47 26 5 51 21 10 44 40 32 35 22 8 29 34 50 2 45 15 25 48 46 4 24 53 18 1 49 37 55 52 13 28 36 38 7
    2 18 34 21 38 12 43 57 5 50 37 22 35 19 9 52 25 54 30 47 33 39 15 51 31 28 16 42 6 45 36 29 32 27 56 10 17 44 14 41 55 24 4 53 3 26 8 40 48 23 49 7 11 1 13 46 20
    45 23 5 54 21 55 47 29 25 49 16 56 39 36 27 20 30 34 10 40 18 12 3 11 43 51 1 13 53 52 28 35 37 41 4 33 9 2 38 32 57 31 24 42 44 26 22 19 15 8 17 6 48 50 46 7 14
    35 42 40 49 22 57 16 12 55 44 13 53 41 8 18 14 10 52 39 21 17 30 15 37 23 50 56 54 29 9 6 11 46 28 47 33 26 27 5 45 34 32 31 20 25 3 43 38 2 7 48 4 36 51 1 19 24
    41 25 4 55 19 27 42 33 40 3 26 18 46 38 37 7 29 31 44 13 8 30 48 6 43 2 5 24 57 20 53 22 35 36 50 11 34 10 15 9 52 12 56 21 39 14 17 23 1 51 47 16 49 45 28 32 54
    28 21 30 7 36 2 49 17 11 32 25 46 14 19 31 44 29 42 16 54 1 8 6 37 33 51 3 55 15 34 23 39 35 10 52 47 5 40 20 4 50 56 57 41 24 12 18 13 53 9 43 38 48 26 22 27 45
    31 36 17 21 51 11 8 2 53 6 44 46 26 5 28 18 57 30 29 34 43 1 42 33 19 9 50 12 39 54 16 25 13 56 45 3 40 41 20 49 23 48 38 47 32 15 55 14 7 37 27 24 52 10 22 35 4
    32 28 55 45 47 5 10 7 27 36 44 24 37 15 23 4 49 51 20 54 50 21 12 57 34 26 33 43 29 46 53 18 39 25 3 38 41 9 17 31 14 2 8 16 13 30 56 42 22 48 6 35 11 40 1 19 52
    54 37 35 24 52 15 23 41 56 14 50 47 5 49 36 10 33 40 19 17 18 44 30 48 55 21 29 3 6 31 43 16 53 11 26 34 46 2 13 38 45 9 12 4 32 51 8 1 28 57 42 7 27 20 39 22 25
    3 39 6 36 22 25 8 56 27 46 15 47 50 20 48 44 12 26 57 49 34 53 54 11 38 31 24 16 2 9 13 10 51 4 37 21 30 23 1 32 29 19 40 14 45 28 55 41 35 52 42 33 7 5 17 18 43
    12 16 30 19 11 6 38 9 7 55 24 5 35 26 28 49 43 4 45 48 32 2 50 51 22 1 34 37 3 44 53 21 33 31 29 20 54 42 36 13 57 46 14 25 41 15 39 52 56 23 27 10 17 40 18 8 47
    34 43 23 26 6 16 39 32 55 37 22 15 56 8 12 13 31 38 14 35 7 4 21 25 28 11 51 36 20 53 44 30 17 18 40 33 10 2 41 52 1 50 24 42 19 27 9 5 45 49 47 46 3 29 48 57 54
    49 43 37 1 47 40 4 24 34 13 36 21 2 52 25 50 48 51 19 11 38 35 18 5 9 30 8 55 39 22 23 56 28 33 17 29 16 7 14 46 44 57 15 42 31 20 12 10 26 27 32 6 41 3 45 53 54
    34 55 41 18 26 2 37 23 29 44 51 48 3 20 40 14 50 33 9 11 32 28 19 25 10 1 39 15 47 30 21 7 12 46 36 43 13 54 6 31 22 57 45 27 16 24 4 5 42 49 17 38 56 8 52 35 53
    3 6 26 51 52 14 55 24 43 2 39 25 41 13 4 29 17 37 54 38 28 20 23 46 16 31 5 45 18 11 21 49 19 35 48 27 12 22 47 30 7 36 50 1 57 44 53 32 8 40 9 15 42 56 33 34 10
    52 36 23 20 17 1 22 42 10 19 30 18 46 50 28 2 44 4 16 8 53 54 51 9 3 32 7 33 21 38 41 29 13 55 49 5 27 37 15 47 45 43 11 6 26 31 39 14 57 25 48 56 35 24 40 12 34
    22 4 12 53 52 28 29 50 10 46 31 54 48 38 36 25 3 56 2 40 33 11 1 23 51 20 7 5 15 41 13 24 42 57 32 18 55 6 21 14 44 17 43 37 45 26 27 47 49 39 16 8 35 9 34 30 19
    21 1 32 52 15 31 43 26 2 44 3 40 7 19 57 13 9 30 42 35 23 41 34 51 14 53 27 18 39 37 50 29 46 20 24 54 36 4 11 22 45 56 38 17 28 6 16 12 55 25 8 48 47 49 5 10 33
    30 5 45 42 23 11 12 8 4 9 48 47 55 44 31 21 34 52 49 7 6 28 1 26 37 36 51 53 41 22 38 24 19 54 27 35 15 18 10 13 50 16 56 3 39 14 20 25 33 46 57 43 17 29 2 40 32
    18 38 34 10 57 54 43 11 44 15 12 42 56 55 53 22 5 41 33 35 13 26 4 25 3 9 23 27 51 37 45 7 48 1 31 16 32 39 29 19 49 50 46 20 24 6 17 47 40 52 36 30 21 2 28 14 8
    12 17 10 51 4 23 13 56 6 8 37 14 53 20 25 32 28 11 33 15 49 22 30 50 39 7 45 31 1 2 19 47 18 38 54 46 57 21 34 48 16 41 42 27 26 52 55 40 43 5 3 44 9 36 35 29 24
    18 37 29 2 42 46 16 15 54 53 38 40 12 8 45 23 30 9 10 6 33 50 56 36 13 27 52 7 43 48 1 44 22 32 3 21 28 14 26 41 24 49 4 34 47 35 51 19 57 20 31 11 17 55 39 5 25
    56 1 36 49 30 35 41 57 50 25 47 26 9 33 24 52 6 14 12 15 37 3 39 19 44 34 53 22 29 55 23 48 13 40 31 54 32 21 38 16 51 8 5 2 27 46 45 42 28 18 43 10 7 4 11 17 20
    29 6 7 4 56 25 15 47 46 54 2 11 30 32 31 19 35 26 45 37 36 41 57 20 16 33 55 10 12 9 48 23 40 27 28 1 17 53 39 3 5 38 49 13 24 52 18 8 50 44 42 34 43 21 14 22 51
    3 15 42 14 27 25 51 43 55 18 23 34 4 29 2 56 40 54 48 7 39 6 49 8 5 30 33 9 26 32 36 28 45 13 16 47 17 21 41 19 38 1 52 35 50 31 44 57 24 10 11 22 12 53 20 46 37
    45 39 15 30 6 38 37 4 52 41 35 2 48 43 56 50 57 33 31 40 51 32 25 44 21 13 11 3 42 29 26 1 14 24 27 23 28 22 49 53 17 12 7 5 20 55 54 10 36 46 34 8 18 16 47 9 19
    53 37 55 12 56 43 14 49 10 3 27 39 20 28 44 52 42 35 29 36 4 41 32 1 46 19 48 6 50 16 38 40 15 18 17 45 57 24 9 11 7 22 26 25 30 5 8 13 2 21 34 47 23 54 33 51 31
    26 33 50 29 16 20 1 35 12 34 17 38 28 48 56 42 2 10 51 4 15 5 46 14 39 44 37 43 30 11 40 6 52 27 55 25 7 22 54 41 23 19 13 36 31 18 24 8 53 45 32 47 3 57 9 21 49
    29 40 57 6 2 50 20 31 53 25 24 55 30 35 19 21 33 18 45 8 17 26 1 22 49 14 47 11 9 27 38 15 41 42 10 48 28 12 34 52 5 54 36 16 23 56 3 7 43 13 32 51 37 4 39 44 46
    16 30 27 50 55 12 24 1 6 9 28 26 53 7 8 17 2 25 15 21 38 54 29 46 22 3 23 56 40 52 47 34 13 10 5 43 39 11 49 19 36 18 48 44 4 32 31 51 42 45 37 20 14 35 57 33 41
    54 42 2 7 18 33 13 3 27 30 32 31 23 43 55 28 56 10 36 12 4 20 21 35 49 46 29 11 41 51 17 53 5 37 9 45 48 50 26 15 52 14 8 6 57 19 25 1 38 22 40 24 39 16 47 34 44
    43 54 38 10 31 5 44 2 56 25 28 26 11 46 55 4 34 13 48 52 15 9 50 45 21 24 37 23 3 47 16 41 29 39 17 32 12 20 30 53 1 40 6 33 36 8 19 22 27 7 57 42 35 49 14 18 51
    11 29 8 38 36 50 26 54 30 33 18 2 4 35 17 10 55 39 24 53 34 40 27 57 44 19 31 3 16 43 7 49 23 47 28 14 6 21 5 46 15 13 37 25 45 52 12 1 42 51 22 48 32 20 56 41 9
    10 54 49 32 4 38 39 12 48 37 56 46 34 52 35 27 6 1 15 16 21 7 47 11 45 41 53 40 50 24 43 25 26 31 55 13 3 9 30 14 2 8 36 44 57 18 17 5 22 19 23 20 51 33 29 28 42
    40 31 21 48 5 28 44 8 29 56 42 27 46 12 1 13 3 19 57 36 38 2 34 10 35 14 45 39 47 43 9 32 11 7 50 23 18 37 55 16 17 30 22 24 26 4 51 33 53 15 54 41 49 52 6 20 25
    24 16 5 39 35 54 57 48 22 23 32 53 26 43 38 42 55 6 17 29 3 49 28 44 52 9 56 19 12 21 34 47 8 40 25 14 10 31 1 30 41 15 51 50 27 7 36 20 18 4 2 37 13 46 33 11 45
    37 27 8 44 31 36 2 7 9 21 26 28 50 54 1 53 24 39 41 20 29 42 38 57 45 4 47 46 16 55 19 43 5 13 32 34 51 40 33 14 22 6 17 30 48 23 25 35 10 56 3 52 12 11 49 15 18
    14 54 13 32 57 42 16 9 48 6 36 22 12 49 40 28 10 51 33 23 25 19 17 41 5 43 24 45 35 47 55 34 44 37 7 52 3 29 38 39 46 8 18 11 20 27 21 4 30 50 1 31 53 2 15 26 56
    52 27 1 2 13 23 6 56 51 29 44 10 14 45 46 48 17 33 53 36 5 57 4 26 16 21 30 32 3 41 34 54 47 49 31 12 43 38 19 39 20 28 37 25 11 9 18 8 7 50 40 15 42 24 55 35 22
    50 54 21 55 53 39 1 52 8 46 34 12 33 49 4 41 23 6 9 11 32 2 26 36 47 45 15 56 30 44 24 16 17 13 10 5 38 14 20 25 19 27 7 22 40 28 3 37 35 43 29 18 51 48 57 42 31
    55 16 46 31 20 35 52 5 9 41 26 57 38 7 44 47 50 54 28 25 56 32 10 21 6 11 8 48 24 51 14 49 4 37 22 36 27 40 34 15 23 17 3 33 18 13 39 12 29 53 1 43 30 42 19 45 2
    21 11 3 8 43 20 50 40 55 26 29 7 33 17 15 57 9 31 35 5 42 10 49 52 51 12 24 14 23 56 46 16 38 2 22 32 48 37 36 18 30 27 19 39 13 47 45 44 1 34 28 54 4 6 25 41 53
    26 3 53 2 15 32 41 18 55 37 8 19 4 34 14 48 9 5 24 21 6 35 57 25 11 43 56 1 40 30 7 50 12 28 23 54 29 39 47 44 22 38 10 51 52 17 13 33 42 27 45 49 16 31 36 46 20
    48 24 31 14 36 27 32 33 46 5 19 20 4 50 44 2 45 41 37 23 43 7 12 57 34 6 21 8 26 11 13 17 47 16 52 30 38 29 49 55 35 39 18 9 42 25 10 28 1 54 56 15 22 40 3 51 53
    16 38 51 3 34 32 28 9 10 44 11 50 48 35 1 18 29 6 7 40 2 47 49 57 39 55 21 20 13 12 41 43 17 22 56 23 31 27 15 37 19 33 25 30 26 14 4 8 45 5 24 54 52 42 46 36 53
    11 9 43 38 39 57 34 6 25 3 15 49 54 23 27 19 16 17 37 47 55 45 30 51 24 42 36 50 4 10 32 46 35 14 20 1 40 28 26 21 44 5 48 52 53 12 13 33 7 41 2 22 29 18 56 31 8
    33 39 26 50 32 10 35 34 31 41 52 21 57 37 24 17 8 46 9 22 45 5 1 3 18 53 28 36 7 42 15 55 43 44 19 11 13 30 49 6 12 23 14 54 48 4 47 40 38 2 16 51 27 25 56 20 29
    3 38 19 51 41 16 54 21 23 45 26 11 48 25 14 57 49 50 46 30 32 42 13 39 6 53 7 8 35 43 12 18 10 34 40 22 9 17 15 29 37 24 4 36 47 31 20 28 55 1 27 44 5 52 33 2 56
    5 57 30 36 13 8 7 34 4 28 31 35 23 52 39 15 56 18 11 27 2 53 44 42 47 22 38 51 45 32 21 25 12 1 55 33 17 46 49 54 41 37 50 43 19 9 10 40 48 20 3 29 14 16 26 24 6
    43 57 54 52 37 38 33 26 12 30 21 27 8 5 34 44 39 49 20 24 13 22 56 32 40 14 11 28 47 23 2 29 42 4 48 36 41 51 35 10 6 31 17 7 45 1 50 15 16 19 9 25 18 46 3 55 53
    30 56 22 37 17 54 53 6 41 20 26 13 31 18 51 9 16 25 33 14 24 45 3 43 35 38 28 8 57 7 49 48 10 46 5 32 52 4 2 21 44 47 27 42 40 39 1 15 34 19 23 36 11 12 29 55 50
    3 20 16 9 48 57 15 30 53 26 47 23 22 54 55 46 41 43 44 1 13 18 2 37 10 52 49 24 19 8 4 50 12 14 21 34 35 29 27 7 11 42 28 39 38 33 32 40 56 45 5 36 6 51 17 31 25
    51 2 5 27 9 40 13 34 14 56 38 55 6 15 57 19 25 30 52 36 24 31 35 49 10 33 47 53 4 26 11 3 32 44 8 17 46 16 42 21 41 28 37 43 29 7 45 1 48 18 54 22 39 50 12 23 20
    9 4 22 38 14 55 51 25 19 3 12 29 11 47 52 17 39 49 10 44 37 36 40 6 18 32 15 57 26 53 33 42 50 28 46 27 23 24 30 41 8 7 48 16 56 54 45 5 43 21 34 2 1 20 35 13 31
    23 12 55 5 18 45 44 24 46 47 28 3 32 30 2 54 11 17 41 9 16 42 38 26 27 37 21 29 43 8 40 22 6 39 7 20 25 50 51 48 57 33 19 14 15 56 34 53 1 52 36 13 49 31 10 35 4
    56 35 48 15 47 50 18 2 27 1 4 33 25 11 5 57 3 22 29 26 19 39 37 23 6 44 30 54 14 55 21 16 13 17 9 46 38 28 43 10 49 31 7 12 32 8 40 41 42 53 20 34 51 52 36 24 45
    26 57 7 14 28 17 23 31 16 18 1 44 36 9 24 55 27 52 35 29 38 4 41 47 51 45 50 5 49 40 21 8 19 30 53 3 54 46 32 11 20 48 37 56 2 42 12 33 39 10 43 15 22 34 13 6 25
    35 8 29 37 1 42 44 2 55 10 40 32 24 30 13 46 49 33 27 6 22 48 31 45 11 26 7 56 15 28 47 21 9 54 50 51 52 23 4 36 25 18 53 12 57 34 43 38 5 41 20 17 19 16 14 3 39
    26 3 34 31 32 5 48 14 29 9 15 56 13 46 52 21 41 43 1 8 23 36 27 53 50 44 18 38 10 28 51 49 45 40 37 7 17 2 19 54 55 24 39 22 11 47 25 16 12 20 30 35 42 33 4 57 6
    23 33 30 6 41 24 17 10 12 21 9 37 7 36 8 43 40 13 2 14 18 22 31 15 57 1 11 16 45 4 3 50 29 5 55 38 35 54 52 25 48 27 46 56 28 39 51 44 53 49 42 20 34 47 26 32 19
    13 57 15 35 26 34 14 27 32 11 5 28 42 56 51 17 43 31 7 19 1 30 24 52 49 20 54 36 41 3 53 38 46 23 48 22 25 2 12 8 21 50 6 55 18 47 9 40 29 44 37 39 16 33 10 4 45
    30 55 35 20 36 6 46 56 34 8 43 48 50 2 21 7 31 53 28 22 18 12 33 51 19 9 57 24 47 26 27 44 17 39 15 29 4 11 41 42 37 5 1 32 49 23 25 40 3 14 13 10 38 45 16 52 54
    10 11 51 36 1 4 13 44 14 5 20 45 39 43 28 2 57 42 9 23 50 26 34 41 35 40 3 47 18 55 21 53 32 8 7 33 24 38 49 30 56 22 16 54 25 27 37 31 52 29 12 17 6 15 19 48 46
    46 25 51 34 41 7 52 43 21 48 20 6 50 35 3 24 42 1 16 22 32 56 29 4 40 19 39 2 10 5 57 53 44 28 23 18 14 31 15 37 49 12 9 36 17 54 47 38 13 8 45 30 11 27 55 33 26
    45 33 17 30 48 19 53 20 15 27 18 6 12 51 26 57 40 25 38 21 39 13 50 56 36 4 43 42 9 29 46 16 32 49 37 5 23 41 44 47 2 10 22 35 24 1 54 7 34 28 52 31 8 11 14 3 55
    23 44 48 38 27 4 18 1 41 55 19 25 35 32 43 39 13 29 20 2 9 46 22 12 15 5 54 34 30 17 37 51 28 52 24 57 21 33 56 53 11 45 40 36 47 50 3 7 31 42 26 49 6 10 8 14 16
    33 30 32 22 51 40 52 5 26 3 53 18 29 24 10 11 55 37 23 56 4 41 31 8 21 39 38 48 25 49 43 1 42 17 2 7 34 27 16 36 50 14 35 20 45 28 57 47 44 15 13 9 6 54 12 46 19
    42 29 14 44 28 12 2 56 36 27 23 17 9 31 52 8 40 24 46 47 55 16 21 10 18 15 7 43 11 41 30 38 54 39 6 4 22 51 45 48 26 13 20 32 53 37 49 57 33 50 1 25 34 35 5 3 19
    17 56 2 32 8 6 41 43 19 26 11 55 5 29 46 53 42 18 40 45 22 37 25 4 48 10 9 23 30 24 38 35 28 14 36 34 50 7 52 20 57 47 39 12 27 16 44 15 51 49 33 31 13 3 54 1 21
    51 40 20 49 56 53 41 46 24 36 5 44 57 10 38 18 28 31 9 45 27 39 8 19 11 54 12 6 1 43 48 2 17 26 22 13 47 32 23 50 35 33 21 30 37 7 55 52 4 42 14 34 29 3 16 15 25
    22 20 4 38 1 5 16 37 15 41 56 2 18 50 3 32 49 33 53 28 9 8 6 21 23 11 36 47 35 45 42 57 29 31 13 17 39 12 26 43 34 48 27 25 30 52 19 51 55 44 40 54 10 46 14 7 24
    28 36 43 45 7 24 46 34 2 13 12 21 48 27 18 53 52 47 29 15 10 26 39 54 25 49 17 44 33 30 37 51 35 14 1 31 8 32 5 4 3 38 19 6 16 50 41 40 9 11 57 20 22 23 42 56 55
    49 22 54 15 6 36 19 57 27 3 28 12 24 35 38 48 44 40 46 43 10 37 31 9 30 25 13 2 42 32 41 52 29 47 1 16 50 33 11 18 21 7 26 5 20 51 55 56 4 14 39 53 23 34 17 45 8

