58

    20 51 10 56 24 57 21 28 6 49 18 38 34 2 13 33 32 14 39 23 46 9 40 15 8 5 48 16 4 30 25 47 53 17 31 26 36 35 22 58 45 11 27 3 44 41 12 19 50 37 7 55 29 43 54 1 42 52
    55 29 22 53 28 34 10 50 27 24 11 33 47 23 3 14 46 40 52 58 30 51 44 19 1 43 36 17 39 25 13 21 16 57 41 18 31 56 5 4 49 42 45 32 15 38 7 26 6 9 54 37 48 8 35 20 12 2
    48 26 47 21 45 38 20 25 22 5 16 28 10 2 41 42 34 35 36 43 7 30 9 46 37 51 39 24 49 56 53 29 32 8 18 6 57 12 11 23 55 1 58 50 44 15 19 17 14 52 31 33 40 3 27 4 54 13
    38 55 23 45 41 20 54 30 18 40 5 47 26 44 49 25 53 50 39 13 51 7 35 9 17 33 57 11 58 56 14 29 34 22 24 43 27 48 16 6 15 12 4 1 32 46 21 52 37 2 8 42 28 31 19 10 3 36
    42 25 34 17 45 8 9 12 19 11 41 5 24 6 46 7 57 50 56 48 30 13 27 47 43 31 3 32 4 23 1 58 33 15 28 20 55 22 39 40 37 38 35 26 14 10 51 44 53 52 36 49 16 21 2 29 54 18
    11 55 54 39 8 12 53 29 50 58 3 45 24 52 6 18 30 51 49 9 4 57 37 7 16 34 33 40 5 31 25 10 56 17 28 14 1 42 15 43 36 35 47 38 46 41 23 13 44 32 26 2 27 20 48 22 21 19
    52 47 15 32 40 50 24 49 18 16 53 13 10 54 14 22 43 33 58 20 45 57 35 5 23 30 3 51 34 27 36 26 41 46 31 38 8 4 12 21 7 19 48 11 25 28 17 37 6 39 44 1 55 2 29 56 9 42
    40 6 38 52 49 18 19 37 47 25 36 24 16 8 55 29 35 3 56 34 50 43 23 15 10 11 54 41 44 4 5 20 27 46 9 48 33 12 45 28 39 14 30 22 2 13 53 51 21 1 26 17 58 42 7 32 31 57
    15 50 57 7 3 17 24 27 29 38 32 28 35 9 56 44 47 30 58 33 41 53 34 16 43 19 11 6 36 2 20 49 37 1 48 5 10 52 31 8 42 22 13 14 12 39 54 25 18 21 45 40 51 23 55 46 26 4
    19 18 25 34 14 6 37 31 1 39 16 51 53 54 12 13 9 38 40 2 58 21 36 8 23 4 43 22 30 11 27 32 29 52 15 42 46 57 47 7 55 50 45 26 48 3 5 33 28 35 56 17 49 24 10 41 20 44
    12 50 44 43 39 10 25 15 37 8 13 32 52 49 54 11 53 2 36 46 48 17 29 21 40 16 3 56 14 34 19 57 28 4 20 24 23 18 41 51 31 9 33 47 5 27 58 7 6 30 22 45 35 42 38 1 55 26
    13 14 46 12 22 9 32 35 5 19 43 48 45 42 2 57 36 52 26 7 16 54 20 8 40 1 21 28 55 31 58 39 33 23 4 38 29 17 15 34 25 10 44 51 41 6 18 37 47 56 3 49 53 50 30 11 27 24
    33 43 53 56 19 54 40 5 1 55 50 3 58 7 2 48 21 36 37 23 4 39 42 46 41 24 15 30 32 9 28 6 12 47 29 16 11 51 35 52 49 8 18 10 31 38 27 44 45 25 14 17 26 22 57 34 20 13
    44 46 22 26 39 12 8 28 37 9 55 7 21 50 33 3 17 24 57 16 36 53 43 31 41 25 40 23 10 38 14 2 47 54 29 15 48 6 52 51 13 20 1 56 5 18 27 34 49 35 30 42 58 45 4 11 32 19
    43 46 44 36 20 31 12 28 39 24 45 19 18 51 14 26 22 8 16 30 21 58 29 33 2 3 34 47 41 49 50 55 17 5 1 40 48 10 6 27 53 23 35 25 42 11 7 4 13 32 57 56 15 54 9 52 37 38
    8 42 23 2 43 55 28 45 30 31 7 16 33 29 4 52 49 13 54 21 41 37 10 53 5 14 57 56 58 40 17 18 11 27 32 36 1 15 6 22 26 9 47 46 51 38 19 44 35 48 25 50 34 20 12 3 24 39
    29 10 8 24 44 53 19 27 49 5 45 13 12 34 42 40 39 33 26 7 51 21 15 14 48 58 52 46 23 54 16 41 31 32 55 35 47 30 28 43 56 20 2 38 11 22 37 1 36 3 6 50 25 18 4 57 9 17
    57 2 30 12 36 54 1 20 41 26 11 40 55 14 50 13 37 6 32 47 10 15 48 52 39 19 16 29 23 25 38 17 42 45 27 31 51 35 58 3 34 53 56 43 18 21 4 5 7 46 49 24 22 44 33 28 8 9
    11 29 1 3 12 14 56 20 17 18 51 52 48 24 15 26 46 33 36 7 43 45 4 42 58 55 5 41 22 53 39 44 50 9 28 40 6 19 23 32 31 30 13 21 37 57 49 27 34 16 35 54 10 38 47 2 8 25
    12 26 30 49 3 52 56 57 38 41 45 29 34 7 33 47 10 5 28 44 35 8 17 19 15 14 23 11 9 13 58 46 53 6 20 55 18 50 48 40 43 24 22 4 16 32 31 51 42 2 54 39 25 36 27 1 21 37
    18 7 20 1 37 32 10 34 5 43 41 47 40 49 27 13 21 56 26 17 57 28 38 55 42 36 54 9 53 30 12 52 4 16 2 23 44 14 58 24 48 50 35 15 8 33 29 31 25 3 51 39 45 6 22 11 46 19
    5 48 1 57 25 54 55 50 21 18 12 10 22 47 53 6 15 36 20 40 44 46 9 42 31 58 8 11 32 2 4 34 39 33 19 56 28 51 43 3 29 37 35 52 27 41 23 49 26 13 16 30 17 14 38 7 45 24
    46 19 9 12 40 39 3 13 24 53 7 52 55 30 29 8 47 28 10 36 31 27 21 54 50 35 49 11 23 18 58 1 37 14 32 45 41 22 38 6 25 42 56 57 20 43 48 26 17 16 4 5 34 44 2 51 15 33
    23 53 3 26 14 51 5 32 30 6 36 20 1 8 24 25 27 39 58 35 13 46 37 34 21 56 22 31 57 19 2 29 48 12 42 41 33 38 18 17 54 45 47 40 10 50 28 44 16 52 15 11 49 4 55 7 9 43
    43 19 25 54 36 41 37 45 3 47 32 18 29 31 20 27 6 33 5 10 1 24 51 49 7 2 56 40 14 15 48 4 9 35 58 13 53 46 11 28 26 39 30 55 57 22 50 16 23 17 34 12 21 42 8 44 38 52
    41 51 38 39 53 5 6 30 57 26 4 21 54 17 8 12 16 35 44 37 47 48 28 15 33 9 18 29 2 3 55 11 23 58 46 25 56 10 14 49 32 50 20 42 43 24 7 1 52 19 34 22 45 40 27 31 13 36
    40 4 56 17 19 29 43 2 53 34 7 8 58 50 55 36 25 30 33 14 51 6 57 3 44 12 10 27 16 45 38 48 20 5 35 9 23 1 18 26 24 13 47 52 15 54 39 11 42 22 32 49 28 37 31 41 46 21
    52 39 41 10 57 45 12 50 19 15 54 34 37 30 14 20 47 36 18 26 31 27 16 11 13 55 28 2 21 5 42 35 58 7 22 25 53 44 51 23 40 29 3 49 43 6 24 48 32 56 46 9 8 38 17 1 33 4
    56 21 44 46 10 6 41 53 7 18 25 34 12 55 57 48 58 29 17 2 50 35 16 22 51 47 8 4 27 1 52 32 20 43 31 37 38 19 54 5 39 36 24 14 9 45 15 49 28 30 3 23 42 13 33 11 40 26
    44 31 37 50 25 8 1 11 18 16 33 14 12 2 5 6 51 43 42 13 9 34 30 26 23 48 49 38 39 21 4 36 20 27 40 57 55 52 3 35 7 15 41 54 22 56 58 19 28 10 53 47 29 32 46 45 24 17
    25 57 8 26 23 41 11 34 6 29 52 31 16 28 5 45 1 4 18 24 27 33 2 3 44 21 17 19 43 50 51 55 48 14 53 30 46 36 12 54 56 49 15 9 58 35 47 10 22 37 20 32 7 40 38 39 13 42
    19 39 17 1 23 2 12 5 3 47 22 42 53 46 43 48 10 16 11 14 50 31 7 34 55 8 27 32 21 6 58 45 51 9 26 20 40 33 52 54 28 35 36 13 37 25 4 30 38 41 57 44 18 15 56 49 29 24
    57 9 44 27 18 31 51 26 49 11 22 1 50 6 16 7 2 24 23 42 14 17 53 29 58 36 43 32 56 5 46 3 25 28 30 33 40 39 35 15 13 20 34 4 8 48 37 12 55 52 21 19 54 10 41 38 45 47
    22 39 48 41 34 42 19 50 24 49 37 51 5 55 35 57 16 33 1 21 9 36 28 52 18 30 40 11 6 25 47 46 43 10 58 13 56 32 54 29 14 12 15 45 53 26 38 27 17 2 23 20 44 8 3 31 4 7
    51 24 22 13 11 27 46 1 55 9 25 5 41 50 38 43 36 30 49 44 4 39 56 14 32 53 35 2 57 58 10 28 12 6 40 45 52 48 7 26 29 21 42 37 15 3 31 17 23 8 47 18 20 16 19 33 54 34
    12 46 50 40 8 7 38 39 32 44 13 58 23 14 26 6 24 17 31 10 4 53 52 42 48 15 45 51 49 35 34 20 25 5 29 56 3 2 37 1 11 30 9 41 55 33 54 16 27 21 22 57 28 19 47 36 18 43
    31 36 56 43 32 13 33 57 1 20 14 16 40 28 39 35 29 26 24 22 44 18 51 17 25 38 8 34 27 5 4 50 52 54 11 30 9 6 15 19 21 3 7 2 55 42 12 58 41 48 45 23 46 53 47 49 10 37
    50 26 22 30 49 23 43 28 42 29 57 38 8 4 58 31 12 56 52 54 44 47 53 37 24 32 21 16 19 13 41 45 20 25 55 5 11 51 46 1 48 3 7 9 10 2 36 33 14 18 17 35 34 6 40 27 39 15
    44 40 46 32 42 4 34 22 14 5 47 31 25 8 52 33 26 2 43 11 53 30 23 28 37 35 38 21 20 29 48 12 45 9 36 6 49 1 13 17 51 39 41 24 19 56 7 58 3 18 55 15 27 50 54 10 57 16
    53 50 33 54 14 41 27 26 22 9 47 25 38 8 48 39 49 24 29 35 16 15 19 31 10 12 32 51 5 3 7 4 2 43 36 34 57 45 1 44 58 28 6 55 20 18 37 40 52 11 42 30 17 13 46 23 56 21
    40 55 32 43 51 12 52 27 34 17 42 5 24 48 7 1 29 41 28 53 46 16 15 37 26 2 30 20 50 45 56 11 47 9 31 44 19 8 13 49 35 57 21 25 14 38 33 36 54 3 10 58 18 22 39 6 4 23
    22 58 35 12 1 46 26 41 19 42 8 39 10 18 3 24 21 57 11 43 23 29 49 31 37 48 34 9 36 55 2 51 52 28 53 14 50 6 45 16 33 20 5 13 44 27 25 30 15 4 32 7 56 47 40 38 54 17
    42 36 48 11 54 17 57 41 53 32 2 19 10 43 31 8 26 1 46 22 20 14 45 52 35 15 37 18 40 23 55 4 25 38 21 3 47 28 58 56 24 44 34 39 29 5 33 51 27 9 50 30 7 6 13 16 49 12
    52 25 37 7 26 21 3 28 50 56 33 49 35 40 17 45 12 6 31 41 11 58 48 14 19 42 20 46 1 54 22 5 36 47 27 4 51 10 38 57 39 2 24 23 29 53 15 13 55 18 43 16 8 9 34 44 30 32
    33 15 35 41 57 19 47 36 9 13 42 58 52 25 20 7 54 43 39 4 56 18 46 45 50 30 32 29 34 10 55 16 8 23 22 6 51 27 26 14 11 21 1 48 49 17 40 3 5 24 2 38 31 53 28 44 12 37
    48 22 45 33 26 36 17 29 19 46 32 2 35 40 52 15 41 50 13 38 18 57 20 10 7 9 34 54 24 21 49 11 47 58 53 14 5 4 30 12 56 23 8 51 16 25 1 3 44 28 39 43 31 37 6 55 42 27
    15 11 22 18 48 25 38 42 17 55 13 44 24 31 14 32 58 57 16 20 8 7 19 50 6 5 46 27 33 36 56 28 47 43 1 26 23 34 9 29 4 49 53 51 45 40 12 54 2 37 21 35 41 3 10 52 39 30
    47 9 12 52 56 43 50 16 34 57 15 23 1 17 18 44 11 26 3 28 10 13 5 4 40 30 36 37 54 53 25 39 51 2 49 45 35 19 31 42 33 14 27 29 21 55 22 41 20 46 32 8 7 38 6 48 58 24
    14 31 50 23 21 48 2 13 49 52 41 18 16 34 47 29 39 7 19 37 35 12 6 25 44 4 30 28 56 9 40 36 20 43 11 33 27 24 38 51 55 32 45 46 42 5 57 10 17 58 3 8 1 15 22 26 54 53
    57 10 16 19 50 26 12 28 53 14 52 37 9 44 42 3 41 29 2 56 30 17 23 33 45 25 34 21 20 24 5 48 1 8 31 35 43 46 47 7 39 58 4 38 13 40 18 15 27 49 51 54 11 6 55 36 22 32
    16 43 12 24 55 8 57 54 18 17 10 27 25 6 26 48 53 7 22 56 52 5 29 40 42 34 13 4 45 23 31 50 32 37 51 39 3 2 36 19 21 38 20 11 15 9 46 35 14 44 28 30 1 47 41 49 33 58
    25 2 3 40 20 24 45 38 47 33 22 56 9 53 31 55 30 57 10 48 41 6 36 16 15 58 35 14 21 29 52 26 8 11 13 46 42 1 4 7 44 54 32 43 34 51 5 23 27 49 12 19 18 17 39 50 28 37
    7 1 21 49 44 23 19 27 20 15 4 39 24 31 38 50 17 57 54 30 25 18 55 3 32 26 53 48 10 56 16 42 9 2 45 51 47 35 29 37 28 5 36 12 14 6 58 22 34 8 43 13 41 11 52 33 46 40
    35 23 6 31 17 34 27 9 30 20 19 37 39 50 58 15 43 1 8 24 57 54 55 25 33 48 11 40 26 53 28 44 4 45 21 42 41 3 10 7 18 36 49 56 16 22 14 12 2 52 51 46 29 32 5 13 38 47
    20 22 48 10 29 30 18 44 14 33 28 55 38 5 16 39 9 49 56 53 54 32 26 1 41 12 23 37 52 27 25 40 46 3 8 15 36 45 11 34 42 13 6 47 51 4 57 31 43 21 24 58 7 50 19 35 17 2
    52 16 33 6 15 42 41 4 39 51 46 5 34 22 14 30 31 55 24 12 32 3 45 38 18 23 7 2 11 21 10 57 40 19 28 54 35 44 26 13 43 29 37 1 50 48 27 20 58 36 49 25 56 47 9 17 53 8
    33 58 17 35 48 32 44 3 23 11 9 46 31 22 13 8 55 1 7 25 39 18 36 53 12 30 50 27 34 41 42 49 21 14 56 20 38 6 29 52 54 26 19 47 51 2 16 28 57 45 37 10 40 24 43 5 15 4
    39 4 13 8 49 32 5 28 33 37 51 46 53 10 26 41 20 34 12 21 23 27 42 50 48 29 24 22 57 17 7 9 18 15 36 3 58 2 54 40 55 45 30 16 38 52 6 44 14 56 35 11 43 19 1 31 47 25
    51 26 53 55 36 46 8 2 22 11 3 5 31 4 34 10 54 58 20 16 45 19 43 52 56 14 47 32 30 37 23 50 15 42 25 6 49 38 24 35 28 21 1 9 27 57 44 39 12 29 40 7 33 17 13 41 48 18
    19 25 20 31 51 16 14 1 35 8 46 27 53 2 37 26 45 47 33 15 7 34 50 52 21 57 49 54 28 48 13 23 18 10 56 3 32 6 11 58 4 17 41 43 9 5 40 44 38 24 55 30 12 42 22 36 39 29
    42 4 39 27 38 9 53 23 5 13 47 12 48 50 11 41 2 15 52 10 26 21 22 58 24 46 30 35 14 29 31 40 28 7 57 44 55 18 16 34 36 17 45 37 19 56 3 54 43 33 32 25 51 8 1 6 20 49
    47 53 28 36 15 41 48 24 31 22 46 12 13 14 39 42 30 32 49 45 34 9 8 7 58 5 18 33 1 38 6 51 25 35 56 27 4 43 40 57 20 44 11 54 17 2 50 21 26 55 3 52 37 23 19 29 16 10
    41 44 35 2 33 7 48 18 43 12 52 49 6 34 8 24 36 14 25 10 28 19 53 39 46 3 4 55 9 40 54 42 16 15 5 21 56 58 47 17 50 32 13 26 38 23 45 37 57 27 11 30 29 1 31 22 20 51
    42 22 14 56 3 36 29 4 26 15 1 25 2 57 19 52 47 45 13 24 21 54 12 6 44 58 41 43 35 32 5 9 30 38 17 53 33 51 39 34 50 10 11 37 55 27 18 16 49 31 40 7 48 8 28 46 23 20
    13 47 33 18 26 20 24 32 4 35 45 50 15 3 57 29 48 22 51 11 58 36 44 39 5 19 55 49 10 8 53 54 17 52 1 41 14 30 23 21 43 9 16 40 42 12 27 34 46 2 25 38 37 6 56 28 7 31
    31 58 21 26 50 48 23 15 8 34 10 47 3 36 44 7 19 6 11 22 16 41 49 46 51 28 4 52 18 5 27 2 45 54 9 40 25 39 42 1 20 13 30 55 14 32 29 35 38 33 12 24 37 17 57 53 43 56
    18 37 19 36 48 22 10 7 45 35 57 15 20 56 49 32 4 8 2 17 11 33 50 52 42 1 38 51 44 39 31 9 47 54 26 3 30 28 16 12 6 14 41 13 58 24 46 25 23 55 21 40 5 34 53 27 29 43
    13 31 56 19 36 28 49 43 55 21 7 18 12 40 14 23 42 58 9 22 4 2 16 29 33 48 50 53 37 52 15 51 41 32 17 38 27 39 6 24 46 35 26 11 30 5 8 44 57 20 34 10 3 54 45 1 47 25
    34 45 33 43 26 23 47 8 32 35 16 3 1 17 7 11 21 42 31 15 12 2 6 46 44 51 9 22 10 37 53 19 18 4 48 29 36 39 25 41 49 52 38 40 28 56 13 24 27 30 5 14 57 54 20 58 55 50
    21 44 37 51 17 42 9 16 49 46 22 15 4 26 24 31 48 30 41 28 53 20 1 57 10 2 19 12 25 55 11 43 54 47 14 40 18 7 23 8 39 34 50 3 58 38 27 45 36 6 13 52 32 5 33 35 29 56
    44 14 22 21 6 49 9 2 40 15 53 47 38 51 4 55 30 12 19 1 37 28 34 11 7 10 23 46 27 57 43 5 17 8 45 24 58 39 20 41 31 50 48 35 3 29 56 16 33 54 25 52 36 42 26 13 18 32
    4 34 17 28 20 39 42 31 30 6 5 14 18 35 25 15 19 48 54 7 51 41 57 40 58 21 29 27 22 56 1 11 33 47 32 16 50 46 24 12 37 8 10 45 3 23 53 9 2 49 26 55 13 52 43 36 44 38
    35 36 9 25 20 23 19 1 45 40 44 4 15 11 48 29 22 56 14 13 26 12 10 37 21 33 51 52 31 42 46 32 18 8 54 39 7 5 28 53 50 41 24 58 6 3 55 47 2 17 57 43 34 38 30 16 49 27
    34 38 27 35 53 17 2 36 25 13 41 48 22 10 5 56 32 43 40 58 3 28 8 55 15 33 16 49 30 4 29 42 31 24 1 18 19 11 51 45 14 39 44 7 47 26 9 20 50 23 46 12 6 54 57 21 52 37
    19 1 34 25 6 27 16 48 49 26 31 22 45 20 13 32 52 38 28 42 53 40 55 8 33 2 56 12 51 44 39 46 36 43 3 15 50 54 58 4 5 57 24 41 30 14 9 29 18 35 21 10 37 7 11 23 17 47
    48 10 24 36 16 42 11 3 32 37 19 5 29 43 44 38 51 14 57 50 54 34 12 30 58 21 1 25 56 26 17 28 20 23 45 9 7 41 6 27 35 31 53 49 46 39 22 2 40 15 4 52 55 13 8 18 47 33
    8 7 2 18 48 52 46 51 29 5 38 4 3 43 19 23 27 33 55 28 6 9 39 37 56 30 41 57 49 24 12 53 32 31 15 36 34 14 35 45 16 58 50 47 25 21 11 54 42 26 44 40 1 17 13 20 10 22
    39 11 27 6 51 52 14 23 18 54 25 19 44 16 8 15 38 56 32 58 5 26 1 29 46 45 4 41 30 2 57 10 34 50 48 40 35 37 31 9 33 3 36 7 53 43 20 42 49 13 12 21 17 47 22 24 55 28
    55 25 15 50 26 27 34 38 1 5 52 42 43 36 10 11 28 32 9 2 19 24 3 57 4 40 29 17 45 7 8 49 37 54 41 56 31 44 33 22 18 20 35 58 6 12 46 16 48 39 13 47 30 51 23 21 53 14
    14 20 55 46 6 27 17 28 13 1 24 8 45 23 48 11 3 50 41 2 7 30 29 37 21 49 18 12 57 47 34 40 5 39 32 19 43 10 56 36 22 16 9 26 31 4 52 38 35 53 44 58 42 25 51 15 54 33
    53 56 18 10 29 52 5 6 47 27 39 46 40 58 54 9 51 55 32 13 1 12 16 2 37 14 45 8 21 42 48 11 23 4 20 26 41 25 17 3 38 36 7 50 44 57 15 19 49 31 33 22 30 24 34 35 28 43
    15 53 52 20 44 18 3 40 19 25 56 16 37 10 30 12 42 13 28 1 57 39 17 26 6 21 58 9 22 50 51 43 38 46 7 27 55 36 48 45 24 4 32 11 47 49 14 29 54 34 23 8 5 33 35 41 31 2
    39 19 8 4 21 13 35 52 29 57 46 20 49 54 3 23 16 12 6 50 15 1 22 38 18 47 53 36 56 31 40 51 14 34 58 30 32 33 9 45 42 25 24 7 2 43 5 17 44 28 41 48 26 37 10 55 27 11
    14 40 8 47 18 58 46 32 41 2 13 6 16 11 55 7 53 45 29 33 9 44 30 15 1 43 12 39 49 3 37 17 35 23 28 31 36 34 5 24 38 22 54 52 10 56 26 42 51 25 48 57 20 50 4 19 21 27
    39 20 3 29 14 57 47 31 40 25 2 51 21 49 6 8 5 26 12 16 41 50 52 43 17 7 36 45 11 22 53 56 13 18 42 44 46 54 34 30 4 33 27 24 23 9 38 28 37 15 32 55 10 19 1 35 58 48
    21 58 57 47 1 16 49 18 45 48 52 4 56 32 53 8 41 15 50 10 14 23 33 28 22 46 25 17 34 35 55 6 19 43 20 13 37 29 39 11 42 40 36 31 27 3 44 5 7 30 24 51 12 2 9 54 38 26
    50 55 52 47 23 12 41 58 53 21 28 56 22 37 57 46 24 32 11 25 17 13 30 45 2 38 9 36 3 29 34 33 5 1 8 54 10 44 15 27 7 18 43 6 16 39 20 40 14 19 49 42 31 51 26 4 35 48
    27 21 31 39 41 13 30 58 16 33 22 6 3 38 35 45 42 49 46 5 51 43 28 12 4 57 29 24 40 50 2 7 56 52 37 55 18 36 10 9 14 48 15 25 32 47 23 54 26 1 44 17 53 34 8 20 19 11
    4 58 22 28 27 24 29 31 54 1 39 45 43 8 57 9 47 25 21 2 40 33 18 12 14 41 36 42 37 51 15 34 53 35 55 16 19 3 23 17 13 48 7 46 26 49 30 5 10 32 56 52 11 6 50 44 20 38
    21 22 43 41 50 5 13 10 53 24 57 7 18 30 40 1 2 38 48 25 15 3 45 49 44 56 46 47 35 12 14 26 33 11 19 34 16 37 39 28 51 29 20 17 32 27 54 9 52 8 42 4 31 55 36 23 6 58
    37 2 52 41 50 30 5 28 6 48 7 29 57 46 9 56 34 49 8 22 12 16 14 55 44 32 18 33 23 1 47 24 42 25 10 19 51 43 40 21 13 36 54 17 27 26 15 39 3 4 20 35 11 45 38 53 58 31
    58 23 1 15 46 41 30 6 56 19 47 18 49 14 39 43 45 37 8 4 32 38 34 20 26 48 11 55 21 10 9 36 54 16 27 13 31 5 28 42 2 12 44 25 35 57 51 7 40 22 50 53 17 52 24 33 3 29
    34 31 44 41 3 47 58 15 19 30 40 24 5 28 20 39 57 26 36 45 43 16 53 1 6 37 52 2 17 54 27 8 23 33 32 18 14 21 29 10 55 50 9 56 12 46 7 48 22 13 38 4 49 35 51 11 25 42
    41 50 4 18 20 24 23 39 38 25 34 52 16 40 26 46 29 5 35 13 44 48 47 3 7 30 10 42 31 53 2 58 56 45 55 15 43 17 36 1 32 49 14 19 21 12 57 8 27 37 6 54 51 28 22 33 11 9
    46 56 21 16 38 17 58 39 25 53 29 37 3 27 40 31 19 43 45 26 11 15 12 51 28 20 47 14 48 52 42 35 24 8 36 5 50 32 6 23 7 44 34 54 13 49 55 22 1 10 18 30 9 57 4 2 33 41
    5 31 36 46 45 19 24 20 50 12 22 7 11 37 39 40 58 32 29 55 30 4 35 57 28 17 54 23 42 9 15 53 34 8 44 2 21 13 38 47 26 52 14 16 6 43 27 10 41 49 33 51 48 56 3 1 18 25
    31 53 16 33 49 38 52 50 26 39 48 23 4 46 24 40 58 13 32 18 7 17 34 45 9 57 14 44 2 28 37 42 25 12 43 10 8 6 19 55 22 21 35 5 11 51 15 3 1 29 56 30 27 47 54 20 41 36
    27 17 58 23 35 29 20 14 49 11 34 4 41 30 47 40 10 50 3 45 5 38 33 9 51 15 7 37 28 12 53 6 24 25 21 43 18 1 32 42 26 8 46 22 56 31 52 36 55 13 54 2 39 48 57 19 44 16
    48 10 58 6 35 9 50 1 8 15 30 14 57 49 3 23 22 40 5 26 24 37 39 20 56 54 27 44 11 29 4 51 47 19 17 25 18 31 36 41 52 33 42 21 46 13 34 12 55 43 2 45 28 16 38 32 7 53
    28 3 33 21 39 51 34 32 2 50 29 44 24 45 37 18 53 1 30 57 23 10 22 38 47 27 52 36 7 31 16 40 55 5 20 42 25 6 4 11 8 17 14 46 35 13 41 15 12 56 43 58 19 9 54 48 26 49

