59

    37 43 29 48 36 2 21 34 11 45 16 7 23 52 6 56 38 35 53 15 51 4 33 59 18 30 20 5 58 50 49 39 17 13 9 32 41 46 1 19 22 12 31 40 42 57 10 14 26 24 28 27 47 54 55 44 8 25 3
    52 27 14 42 17 45 10 3 35 36 40 53 9 59 39 4 2 41 51 57 23 46 21 18 25 24 55 16 49 43 26 29 33 5 6 13 28 44 31 48 38 50 11 58 30 15 56 32 7 47 1 12 22 54 20 34 19 37 8
    1 54 35 17 36 57 38 45 25 49 29 33 4 50 46 16 43 27 32 11 9 30 13 53 24 42 48 55 39 40 18 59 28 8 20 12 37 14 19 10 7 34 56 31 23 52 51 15 2 21 41 44 3 26 6 58 47 5 22
    38 57 58 36 55 56 10 2 16 11 47 54 3 23 13 46 42 37 28 5 20 1 21 40 44 43 48 52 25 51 26 49 6 53 27 14 41 39 59 45 50 19 12 15 30 9 31 7 33 8 4 24 18 22 17 29 34 32 35
    4 57 59 11 8 25 40 16 20 52 6 44 54 2 41 24 7 43 35 49 17 33 46 26 9 53 29 38 12 45 3 13 56 23 50 27 5 58 10 36 19 55 51 22 14 34 28 21 15 48 37 47 39 1 42 31 30 18 32
    26 33 30 35 7 13 38 52 49 40 45 54 24 9 5 18 1 58 32 34 23 39 2 41 14 53 47 42 48 43 27 11 16 36 29 59 46 10 22 3 31 50 25 51 21 8 55 19 28 37 20 44 6 56 15 57 12 17 4
    24 20 6 59 27 39 55 58 53 57 15 26 8 2 41 17 54 10 28 50 3 23 43 48 37 47 25 7 56 34 42 14 12 38 9 51 45 16 32 49 13 1 30 22 40 46 44 29 52 21 35 31 5 18 4 11 36 19 33
    47 56 6 4 46 21 55 49 44 29 37 5 28 34 51 30 43 13 19 41 40 33 53 11 15 58 24 57 26 42 59 7 35 48 36 52 12 1 17 27 2 39 3 32 31 9 38 45 25 8 14 10 20 18 23 50 22 16 54
    28 23 4 30 11 53 21 54 13 19 43 51 59 12 20 47 16 18 35 56 3 46 36 39 34 24 7 1 22 45 44 40 32 41 33 15 17 25 14 58 9 48 26 2 42 8 52 55 27 10 31 57 49 6 37 50 29 5 38
    17 53 59 4 8 50 25 48 29 32 44 51 9 37 2 30 35 47 57 3 49 46 13 33 52 27 56 14 34 42 38 10 21 24 28 1 26 39 41 22 40 54 16 6 19 18 43 11 5 58 23 55 31 7 36 45 20 12 15
    17 11 51 25 46 52 47 9 57 55 27 21 19 45 34 58 1 5 4 35 14 32 15 49 37 22 23 20 48 36 16 24 56 53 31 50 30 2 40 18 59 44 42 3 7 39 41 26 28 33 43 29 8 54 6 13 12 38 10
    36 22 33 59 18 44 26 55 50 35 45 37 39 53 32 3 58 28 51 47 16 29 34 1 10 27 30 11 19 43 15 23 21 5 49 52 9 13 41 12 25 56 2 38 7 46 17 20 6 40 48 42 14 8 31 54 57 4 24
    28 1 42 25 9 43 35 31 48 12 29 59 51 33 4 22 44 39 27 13 16 30 45 55 58 10 56 50 19 8 36 21 54 14 3 57 46 24 20 18 2 38 26 23 7 53 52 41 40 5 17 34 15 49 32 11 47 6 37
    40 31 57 49 19 30 20 9 13 36 55 4 7 53 21 24 54 33 11 28 2 29 42 38 48 47 16 34 41 45 37 3 44 35 14 18 5 43 6 15 52 58 51 46 27 32 59 1 50 26 8 22 56 25 10 23 17 12 39
    38 1 8 46 35 48 54 25 3 31 51 40 45 5 4 28 59 39 17 43 19 52 58 14 9 56 42 37 13 55 26 22 7 11 41 24 57 49 27 44 15 34 10 18 16 20 29 23 21 47 2 32 50 36 33 6 53 12 30
    33 32 51 1 17 15 56 16 46 30 39 29 49 7 59 38 58 57 36 55 20 14 5 11 43 42 22 35 28 24 13 26 48 54 27 25 18 45 21 6 3 12 37 4 41 9 19 8 10 2 52 40 50 23 47 44 31 34 53
    41 53 8 17 58 16 52 29 32 10 35 14 11 43 6 26 20 9 21 57 30 28 48 54 1 49 34 51 56 27 36 44 5 23 33 4 47 45 15 2 37 46 25 31 18 40 38 50 12 13 59 39 24 22 7 55 3 42 19
    54 27 9 35 40 22 23 56 29 8 57 37 34 59 19 58 11 48 52 10 50 49 51 14 3 21 16 18 39 36 46 32 15 12 31 43 7 30 33 20 26 13 41 45 25 5 6 17 2 47 44 28 4 42 53 38 24 55 1
    47 35 32 6 22 13 17 41 10 52 53 14 27 54 24 8 2 1 16 25 4 26 7 33 9 19 50 38 42 36 40 11 46 34 43 45 5 49 31 30 59 48 37 39 58 21 20 57 3 55 29 56 12 18 51 44 15 23 28
    5 12 40 23 20 19 10 16 41 58 32 26 37 53 30 24 48 7 22 28 43 2 3 38 34 39 52 4 42 17 8 18 33 51 45 46 35 54 57 21 59 29 31 6 14 36 25 9 55 44 56 50 13 1 47 15 11 27 49
    20 26 49 18 10 54 1 5 2 45 14 29 30 25 9 23 27 53 44 47 31 41 50 24 16 40 19 6 35 39 34 42 22 59 58 15 37 57 51 56 32 28 55 38 33 8 11 13 52 48 21 43 7 4 3 46 36 12 17
    11 6 49 32 5 15 59 45 27 38 13 47 53 43 16 57 48 19 44 36 25 10 34 56 42 7 50 17 54 18 33 12 9 20 30 35 22 46 51 26 4 40 23 28 3 24 21 8 55 1 31 41 39 14 2 37 58 29 52
    23 38 20 53 44 47 51 54 42 50 55 29 52 37 45 58 1 17 28 12 15 16 13 9 10 35 41 30 4 26 36 43 32 6 49 56 24 7 11 5 57 22 25 27 40 34 2 59 48 39 18 19 14 3 46 33 8 21 31
    16 37 30 29 56 31 25 22 40 41 24 39 51 36 3 17 19 26 49 47 44 11 59 12 21 52 32 50 55 38 35 5 9 6 43 28 45 7 13 10 1 14 46 20 18 33 54 34 4 57 15 23 58 53 48 8 42 2 27
    11 51 1 54 58 59 31 26 42 29 38 45 21 32 55 50 34 57 27 14 43 7 37 13 53 40 6 49 18 15 2 46 8 48 28 23 16 20 56 36 4 33 30 19 41 47 12 9 17 22 35 24 39 44 25 10 5 52 3
    47 30 2 13 51 12 27 53 37 29 32 38 42 56 33 15 39 46 58 28 22 48 24 34 4 44 8 25 59 40 36 16 10 57 1 43 52 26 45 50 5 41 7 54 3 23 49 17 6 21 35 14 20 31 11 55 19 18 9
    33 28 8 41 1 17 57 2 32 56 40 11 14 48 38 16 51 37 59 25 10 4 23 9 46 39 22 18 45 19 27 52 26 58 54 44 31 21 3 49 12 35 43 47 55 20 15 53 6 5 34 29 30 36 42 50 24 13 7
    14 31 1 9 27 25 50 55 29 39 56 11 59 2 41 45 13 58 16 18 43 40 51 23 35 53 3 22 54 19 21 20 10 34 26 38 7 42 6 8 52 37 57 36 30 15 5 28 44 33 24 4 46 48 12 49 32 17 47
    30 55 40 20 24 43 13 53 57 49 17 54 41 11 42 6 46 32 22 3 23 25 47 38 21 37 4 29 52 10 26 59 15 8 18 33 39 50 7 45 14 27 28 51 9 34 35 12 5 19 2 44 56 36 31 58 1 48 16
    44 15 41 25 37 7 4 45 10 29 31 48 59 19 55 9 27 14 2 8 58 21 20 6 36 46 57 28 42 38 34 24 54 12 47 40 33 53 39 50 32 3 43 11 1 26 49 18 22 51 23 35 5 16 52 17 13 30 56
    11 4 52 28 22 2 56 32 47 44 40 49 36 41 3 53 31 51 48 58 50 25 42 24 13 12 43 6 16 5 1 59 39 45 27 17 18 57 15 35 19 29 46 9 30 26 8 21 20 37 34 38 14 55 7 33 54 23 10
    8 1 24 39 41 26 20 55 29 42 47 34 43 5 30 3 4 40 18 28 35 53 11 45 12 37 15 38 19 16 58 49 31 32 27 48 23 57 51 46 44 10 22 36 2 59 6 7 14 17 9 52 21 56 50 25 54 13 33
    13 46 14 26 59 31 24 33 55 51 43 1 23 27 8 38 47 6 5 39 36 15 34 9 3 21 50 41 25 37 52 40 17 54 48 16 18 28 4 58 32 44 42 29 20 57 53 56 49 19 7 2 11 22 45 12 35 30 10
    56 16 15 48 27 33 29 28 4 25 44 45 9 6 46 38 8 37 40 59 10 53 11 54 21 22 24 55 14 58 51 5 23 57 13 35 26 47 17 41 39 32 52 2 50 42 31 3 36 49 1 12 43 34 30 19 18 7 20
    47 48 8 1 12 29 53 36 35 34 9 20 28 14 37 30 46 55 13 38 43 50 17 6 23 51 19 26 56 21 57 18 54 42 44 25 40 16 33 27 59 4 31 39 22 5 32 2 45 58 3 24 15 7 10 11 41 52 49
    48 13 22 49 19 12 59 26 35 53 43 18 23 27 14 25 58 37 50 38 45 32 36 1 15 4 41 52 3 44 21 42 56 29 20 39 24 5 8 51 47 6 2 10 54 30 9 40 17 11 7 55 33 31 28 34 57 46 16
    37 32 49 27 24 11 33 30 9 38 50 23 36 22 40 7 45 31 56 13 12 26 41 20 25 15 42 59 43 4 21 5 53 57 14 3 6 39 54 35 19 29 58 34 17 10 52 8 16 44 55 51 18 47 1 2 48 28 46
    56 3 9 46 11 55 26 52 21 48 33 44 16 39 18 38 28 49 4 35 43 27 22 10 30 40 31 7 23 51 15 24 19 2 59 54 45 41 20 14 1 36 25 53 42 17 34 8 47 13 32 37 12 5 58 57 50 29 6
    46 3 42 36 57 50 14 8 59 48 52 33 16 22 51 10 54 27 26 21 2 19 1 58 29 31 18 13 15 40 43 47 23 24 20 6 12 44 28 39 37 5 56 25 55 49 41 7 53 11 38 4 32 35 17 30 34 45 9
    35 37 14 33 38 46 18 58 30 22 40 23 29 45 51 16 31 13 47 3 4 10 54 12 50 19 11 42 53 28 57 32 21 25 8 52 2 1 43 49 34 9 59 44 41 24 56 5 17 27 26 15 6 48 55 39 20 36 7
    16 44 24 10 34 52 5 42 30 48 1 46 11 9 39 47 23 2 45 4 8 58 22 20 31 28 36 59 21 43 6 57 19 51 25 32 37 38 54 14 13 27 55 18 35 33 26 41 50 7 29 3 53 40 49 56 12 17 15
    31 17 7 29 12 50 54 34 10 19 56 36 45 39 9 5 20 28 57 13 42 3 33 18 43 4 46 41 16 51 53 35 55 24 30 59 15 22 49 26 48 6 8 40 21 52 23 44 11 25 47 38 14 2 37 58 1 32 27
    50 17 39 18 10 28 46 44 56 41 26 45 36 32 59 24 19 1 29 48 6 21 9 12 3 7 34 2 15 31 49 40 47 53 42 22 25 13 11 8 27 20 43 4 5 38 37 54 35 58 33 23 14 57 51 55 30 52 16
    56 35 5 27 3 23 13 55 25 19 12 7 32 17 37 39 8 47 2 51 41 50 6 52 4 36 40 43 33 42 53 58 22 20 48 16 29 46 11 30 38 18 34 9 26 57 14 45 54 28 49 44 1 21 31 15 10 24 59
    33 13 10 37 55 44 17 28 46 18 42 19 15 20 5 4 9 32 45 12 50 40 35 58 23 48 7 27 39 34 21 2 16 49 54 1 41 3 24 11 56 43 36 59 57 6 52 38 8 47 25 29 51 14 22 53 31 30 26
    8 45 26 38 19 23 55 54 7 14 35 33 58 57 46 17 18 40 52 9 25 50 15 24 41 36 13 34 31 3 4 20 5 51 27 56 39 6 10 30 43 48 53 11 2 16 21 32 59 12 44 49 1 22 28 29 47 42 37
    59 31 58 51 52 56 24 33 18 37 42 8 9 15 6 36 34 21 19 20 1 3 17 26 44 54 57 29 5 12 47 25 38 22 39 48 23 45 30 40 13 27 4 41 53 50 43 14 7 16 2 49 35 46 55 28 32 11 10
    43 16 38 24 4 29 30 59 46 27 52 31 21 25 40 7 15 39 8 58 37 48 11 35 10 5 56 55 6 13 18 22 54 45 49 2 9 41 20 33 14 44 32 1 26 12 34 50 36 53 28 17 23 51 47 19 3 42 57
    59 33 32 45 13 51 9 35 22 12 54 6 34 25 31 24 50 8 55 46 19 39 10 38 57 17 42 14 18 41 21 44 47 58 52 3 36 56 16 53 27 49 5 2 40 29 11 23 30 26 48 28 7 1 43 37 15 4 20
    11 53 57 8 31 18 24 1 10 52 13 6 39 16 3 7 30 2 36 56 9 14 35 19 27 42 4 48 49 51 23 59 5 46 44 22 33 21 29 58 17 38 20 47 12 32 45 26 55 40 34 41 50 25 37 43 15 54 28
    7 2 38 37 56 35 23 22 3 15 47 27 33 18 21 46 52 54 57 6 16 17 45 53 10 50 44 11 31 12 36 1 58 14 4 29 55 40 51 5 9 25 26 32 34 24 49 59 19 8 13 48 39 28 30 42 20 41 43
    54 11 15 14 52 24 3 41 51 30 59 31 34 25 16 8 10 17 2 27 20 5 23 4 9 33 28 36 49 45 56 35 18 58 1 39 40 55 19 42 43 38 46 29 48 12 47 44 37 7 53 57 6 22 32 50 26 21 13
    54 11 59 44 10 42 24 29 50 17 51 35 28 34 36 1 43 3 7 53 31 55 5 9 39 32 58 8 30 46 33 19 52 38 18 26 37 12 57 23 45 13 22 2 41 48 4 49 14 56 21 15 27 20 40 25 6 47 16
    55 24 45 43 40 50 27 22 23 6 11 37 38 54 36 2 48 12 51 41 17 9 15 59 44 10 16 8 21 31 49 19 56 3 42 47 4 53 14 13 35 52 5 29 33 39 30 1 58 25 18 46 32 57 20 34 28 26 7
    59 15 42 31 9 57 16 54 7 50 17 55 5 12 33 56 51 52 48 13 32 1 35 10 25 53 8 36 4 14 46 44 28 6 34 24 2 58 21 40 11 18 43 49 22 37 20 30 45 3 47 29 27 26 23 39 19 38 41
    18 6 15 27 8 14 43 23 52 22 33 17 1 36 10 11 40 3 54 16 7 24 44 4 35 58 12 26 39 9 56 55 41 28 13 5 20 38 51 45 25 49 29 50 46 34 37 21 48 53 31 2 19 42 32 30 57 47 59
    48 19 32 22 41 23 33 2 49 10 50 7 28 29 40 42 21 35 52 37 8 57 30 17 47 16 45 55 1 31 5 39 43 24 58 54 59 38 53 14 15 26 25 36 46 44 18 20 51 3 27 13 4 11 6 56 12 9 34
    2 21 48 37 15 41 54 52 39 3 43 47 36 32 18 35 57 4 14 53 51 33 34 49 26 1 46 56 23 29 44 10 42 45 38 6 27 25 13 30 50 9 28 55 12 11 5 19 24 40 17 16 20 58 59 7 31 8 22
    48 28 9 49 42 2 37 18 38 25 24 11 33 45 44 29 4 30 35 16 6 19 12 41 21 57 39 47 20 40 7 46 56 14 36 54 32 8 1 22 3 43 17 13 55 59 51 58 27 26 15 34 31 53 52 23 5 50 10
    27 21 39 49 56 25 37 35 24 36 28 58 14 15 22 7 1 13 17 30 23 3 44 51 6 52 8 45 10 26 57 18 50 43 31 29 32 55 4 40 54 42 19 47 59 33 48 16 9 53 34 20 12 11 5 41 2 38 46
    29 56 37 35 16 51 25 28 1 23 49 11 30 9 14 58 18 41 7 47 59 17 15 54 52 5 26 44 45 55 53 43 6 21 34 2 3 32 46 13 36 27 42 4 40 22 31 33 50 38 8 20 19 12 10 57 24 39 48
    46 38 18 23 13 40 22 32 19 1 42 3 9 43 52 51 31 47 21 59 20 10 29 27 34 15 16 41 48 26 28 44 35 30 58 50 25 4 24 7 36 14 6 2 5 17 55 56 53 11 37 49 33 45 57 12 39 54 8
    38 25 58 30 35 36 22 48 56 6 18 42 49 59 7 40 1 15 10 13 43 31 55 28 4 52 51 11 54 24 26 53 9 19 57 32 20 45 29 47 14 12 2 37 8 50 3 34 44 46 33 17 23 27 16 5 41 21 39
    50 8 57 30 39 22 33 43 3 23 41 54 47 40 14 51 17 15 56 35 59 32 12 24 9 48 38 4 20 1 16 19 55 21 52 18 34 27 42 2 28 29 10 36 44 45 49 5 37 26 46 11 25 53 6 31 7 13 58
    38 46 25 33 28 41 4 59 3 54 16 40 48 56 32 21 22 55 17 8 53 1 34 50 19 5 37 6 26 49 39 2 18 58 47 12 51 27 9 10 15 11 13 24 31 35 45 36 57 23 20 44 52 30 42 7 43 14 29
    49 1 55 35 54 53 16 19 38 28 58 48 31 4 22 34 5 57 41 12 47 46 30 51 43 40 33 25 21 2 36 32 27 52 23 3 18 7 13 26 42 45 50 9 8 24 29 14 44 17 39 15 6 56 20 11 10 59 37
    28 41 52 51 15 13 47 59 44 18 58 43 49 37 1 23 48 5 20 9 53 27 7 12 40 42 32 10 16 46 45 19 39 22 6 55 2 30 26 38 34 35 11 24 33 56 8 31 29 14 17 3 57 4 25 21 50 54 36
    44 31 21 33 10 29 22 20 54 36 3 1 35 24 49 11 12 48 55 25 52 53 51 9 45 40 37 23 4 39 5 6 28 13 46 30 32 8 58 38 56 50 47 43 42 18 19 14 57 15 34 7 16 41 59 17 26 27 2
    55 8 39 52 56 13 36 32 7 42 53 3 34 11 29 27 16 4 40 50 15 17 54 57 20 41 37 22 46 26 38 47 10 44 59 28 14 30 18 12 23 2 49 5 6 21 25 35 43 58 19 9 24 31 45 33 48 51 1
    1 30 45 11 12 14 47 56 3 6 55 20 13 18 32 42 25 33 2 31 19 37 53 34 58 50 52 40 28 36 5 16 27 15 22 35 38 41 4 51 29 54 8 23 39 44 26 10 57 43 59 7 21 49 48 24 46 17 9
    24 21 45 2 54 28 36 52 26 25 43 58 38 53 8 23 59 47 30 39 51 6 56 44 46 31 42 20 18 5 1 34 11 19 50 35 9 48 22 12 7 27 57 4 14 17 3 55 32 29 37 15 10 49 40 41 16 33 13
    18 19 40 2 27 31 24 53 34 15 45 35 25 12 39 26 41 11 13 3 38 54 50 28 33 51 59 4 17 55 57 37 23 14 16 9 5 49 43 6 48 20 58 42 47 22 7 52 46 21 8 44 29 10 32 30 1 36 56
    41 48 46 19 44 34 5 57 42 13 40 11 3 53 23 18 43 58 2 52 24 28 54 33 10 1 12 32 29 14 45 22 4 38 50 9 36 21 47 16 17 39 27 56 6 37 59 31 30 20 55 7 35 25 15 8 51 26 49
    25 43 57 46 22 41 56 6 10 55 50 15 5 19 37 18 58 32 3 4 33 40 12 17 49 54 59 48 8 53 44 45 36 39 26 13 30 9 29 21 47 38 28 11 27 51 35 23 31 7 1 2 52 34 20 24 14 16 42
    59 18 54 51 48 8 25 56 47 1 52 35 55 28 27 39 38 40 20 50 44 30 21 45 11 19 14 22 6 53 9 2 7 26 33 29 23 31 4 46 57 37 32 43 5 49 24 41 42 36 3 58 13 34 10 16 15 12 17
    21 42 53 49 27 54 6 19 58 8 3 11 51 56 24 9 33 10 41 47 43 50 34 5 52 44 14 30 15 1 48 36 45 22 2 40 4 7 38 23 18 55 46 28 20 57 37 17 32 31 13 35 16 59 39 25 12 29 26
    25 38 5 26 47 45 14 8 9 56 3 42 18 11 53 1 32 57 52 33 19 50 46 34 31 58 39 4 30 59 20 49 43 21 35 15 27 48 44 40 23 55 37 10 7 6 41 17 12 16 51 2 24 28 54 29 22 36 13
    48 23 40 8 1 57 37 12 4 58 15 17 21 34 38 22 29 16 39 13 9 51 5 47 44 49 25 35 50 20 46 36 24 54 26 32 45 10 14 2 19 3 28 52 11 27 41 18 42 30 7 59 53 43 6 33 55 56 31
    58 48 36 31 9 41 59 23 56 47 49 7 29 16 18 34 30 54 3 44 32 55 42 35 37 14 45 38 53 33 39 8 22 15 1 50 19 46 40 52 51 10 24 6 28 21 13 57 17 27 26 11 25 2 12 20 4 5 43
    54 37 3 29 31 17 22 12 19 25 33 7 40 49 8 34 52 4 39 55 43 46 51 59 5 57 27 50 20 15 6 36 30 9 47 58 42 53 23 48 16 26 2 44 1 11 24 32 41 38 56 28 35 14 13 21 10 45 18
    36 15 52 32 27 29 57 9 2 23 16 7 35 31 3 28 55 1 42 12 50 24 51 59 8 44 14 46 49 25 30 11 47 19 48 37 13 26 40 56 39 43 53 10 20 41 34 45 22 33 4 6 18 21 38 58 5 54 17
    45 7 44 46 24 15 27 58 16 6 22 1 52 36 8 26 19 51 35 42 43 10 30 40 18 28 47 32 59 21 54 57 37 56 53 34 41 48 39 20 9 23 12 38 2 14 29 33 3 11 50 55 4 17 49 31 13 5 25
    21 1 58 27 18 50 38 16 34 37 9 17 56 11 4 14 40 33 22 35 12 36 47 53 54 59 31 25 48 6 41 51 32 8 42 13 28 3 39 24 23 52 49 57 26 44 10 43 7 2 30 46 45 20 5 15 55 29 19
    50 39 14 56 21 20 7 49 1 3 53 23 25 45 41 38 29 34 46 51 33 2 11 43 16 57 15 13 37 27 28 48 6 12 58 26 54 9 8 30 42 44 40 35 24 10 55 31 19 18 22 59 5 17 32 4 36 52 47
    4 36 54 39 10 13 59 30 6 12 53 23 1 42 20 55 33 50 2 18 49 38 11 37 9 24 41 26 8 7 29 28 19 48 44 3 16 25 57 58 27 43 15 45 52 47 35 21 14 5 34 22 31 17 40 51 32 46 56
    9 53 39 40 10 54 11 13 41 34 44 45 51 38 42 19 37 33 46 7 12 36 25 30 1 16 52 57 4 28 50 6 58 21 17 20 26 29 3 15 23 22 27 14 43 18 49 56 2 32 24 47 8 5 59 55 48 35 31
    11 20 46 17 54 36 45 55 40 24 58 49 41 34 13 28 3 4 12 21 39 59 9 19 37 52 56 23 31 5 15 6 32 30 48 26 18 47 1 10 35 42 25 8 57 27 51 43 50 53 44 2 33 16 38 22 7 29 14
    45 55 16 48 2 9 27 47 46 26 59 15 19 37 54 21 38 42 35 56 33 6 11 18 4 36 49 22 10 24 3 50 17 39 52 53 58 28 29 31 30 23 25 1 57 5 8 20 32 44 13 14 34 40 7 12 43 51 41
    22 50 57 45 28 9 38 56 54 48 42 53 6 39 10 58 3 27 41 32 19 11 5 49 55 24 33 29 2 35 34 52 1 12 46 14 18 26 23 15 20 30 47 36 7 43 44 31 25 51 17 8 40 4 21 13 16 37 59
    22 42 6 20 30 57 7 3 38 58 26 16 2 44 4 55 1 19 13 15 48 56 28 52 51 18 34 10 31 24 59 35 9 33 12 54 37 27 49 41 45 50 43 25 39 29 47 21 8 23 5 32 40 14 46 53 36 17 11
    42 1 30 55 31 57 9 29 10 59 27 54 46 23 11 12 56 6 22 28 18 49 47 36 34 37 20 51 52 4 33 48 2 21 38 26 58 35 7 44 43 45 5 50 14 25 39 19 3 13 32 17 8 16 24 53 40 15 41
    27 39 23 4 50 35 49 13 11 44 18 43 57 38 5 45 17 28 40 55 22 58 10 36 32 54 2 41 20 56 51 6 9 29 47 8 3 12 24 7 34 53 26 30 42 46 19 25 16 59 48 21 31 15 33 14 37 1 52
    14 44 40 51 8 33 25 59 57 27 1 20 50 22 55 12 4 16 17 45 56 29 38 48 58 23 10 43 3 19 41 35 32 42 47 39 24 2 37 21 5 34 46 53 26 13 9 6 30 7 31 54 28 52 11 36 15 49 18
    33 27 26 21 14 19 59 43 7 18 6 10 29 38 58 41 45 30 9 25 57 3 5 51 24 53 8 12 16 48 37 47 52 22 56 49 15 44 28 34 13 32 31 23 36 35 42 1 4 54 40 17 50 2 46 11 20 39 55
    29 42 56 45 13 8 33 3 59 43 28 49 38 9 31 10 35 39 22 55 34 14 15 36 19 6 54 27 21 46 20 4 16 5 32 24 47 2 40 50 44 58 23 1 41 37 53 12 30 11 51 52 18 57 25 17 26 7 48
    12 42 7 56 19 10 53 2 18 32 26 40 15 51 13 1 46 9 58 21 35 24 59 55 23 5 43 52 57 38 25 31 48 37 11 14 39 28 16 47 45 6 3 8 49 29 50 22 41 27 33 34 44 4 30 54 20 36 17
    17 9 38 34 1 43 23 36 7 19 52 30 57 5 11 42 48 41 51 45 13 10 56 15 28 33 3 2 6 14 16 47 20 12 4 35 55 25 37 50 18 58 26 40 29 24 22 54 39 44 53 8 21 32 46 31 49 27 59
    11 24 10 4 32 34 9 35 14 29 43 52 50 59 49 3 2 48 47 23 37 56 7 22 13 57 38 42 17 58 6 12 36 45 25 44 26 16 33 27 39 40 20 51 15 54 1 5 19 41 21 30 28 53 8 18 31 46 55
    48 26 30 19 20 21 7 4 2 12 52 34 59 23 45 42 40 44 5 37 6 16 36 54 29 55 41 46 10 35 22 56 3 39 53 31 58 9 15 38 33 24 51 50 18 43 25 47 27 32 13 49 8 28 11 14 57 17 1
    8 10 24 56 17 36 26 13 4 1 51 29 3 43 6 19 34 37 58 14 52 9 28 12 46 18 42 50 48 47 32 15 54 38 2 5 57 20 44 53 23 40 21 33 11 55 39 59 7 49 16 22 35 31 41 30 45 25 27

