60

    16 12 32 54 30 1 28 31 43 33 50 42 7 35 39 24 57 8 10 6 18 56 9 20 51 4 27 19 59 44 47 40 38 37 34 36 60 3 22 29 26 14 5 46 58 21 41 45 23 49 13 11 17 25 55 2 48 53 52 15
    19 21 34 6 46 16 18 43 44 9 36 26 7 14 20 22 17 1 2 47 59 53 37 40 49 32 45 54 13 25 33 23 39 5 51 41 28 8 48 38 60 55 52 4 50 56 30 24 35 31 42 3 27 12 11 29 58 15 57 10
    38 39 45 22 37 41 51 24 16 13 9 47 46 54 23 4 6 31 35 34 5 30 42 8 33 53 36 20 11 43 3 48 25 40 18 32 27 15 21 55 28 57 26 59 49 12 17 50 2 1 60 52 58 14 19 44 56 10 7 29
    56 39 14 45 21 12 46 38 51 2 44 20 49 7 43 9 18 11 23 41 58 40 5 34 52 3 28 17 60 50 24 48 27 54 22 19 29 8 4 53 37 33 16 55 25 36 35 13 10 26 31 30 1 47 32 57 15 6 59 42
    30 38 50 9 6 24 15 28 29 13 4 25 51 41 58 59 22 7 56 5 19 26 32 34 52 60 1 33 3 45 23 16 21 12 11 2 20 39 17 47 43 36 27 44 48 53 31 55 42 18 37 8 10 46 35 54 14 49 40 57
    57 32 38 22 7 9 18 13 43 47 41 15 11 35 24 60 6 17 4 2 48 37 51 40 53 5 25 56 27 30 39 10 3 33 42 14 34 20 26 28 23 45 44 59 49 19 31 50 54 55 8 1 46 52 29 21 58 12 36 16
    59 23 27 57 44 17 33 18 55 13 56 31 6 26 40 7 25 38 54 8 51 10 9 32 22 41 21 52 42 50 45 49 47 36 43 30 4 20 39 12 24 46 29 35 28 60 58 15 37 19 14 5 1 16 3 48 11 53 2 34
    53 57 52 45 31 23 14 42 56 55 47 10 8 28 54 21 3 1 29 2 9 33 18 51 26 58 11 41 43 39 34 24 4 32 60 22 37 50 7 6 40 49 27 13 36 5 20 17 25 12 59 15 19 46 48 30 38 35 16 44
    58 8 16 46 55 9 5 54 36 59 11 4 39 28 41 2 33 47 32 57 31 38 56 15 43 17 53 29 35 45 22 7 40 20 27 19 3 42 24 14 52 13 21 44 18 48 23 10 60 25 26 51 12 6 34 37 49 30 50 1
    55 40 35 50 39 15 11 12 29 22 2 52 46 42 25 20 14 18 60 51 26 56 53 30 58 49 54 41 28 37 31 21 48 3 13 1 45 44 33 7 9 57 47 32 8 27 17 59 23 43 19 38 4 16 36 10 5 34 24 6
    31 21 4 20 40 15 58 6 5 49 16 34 32 28 52 17 57 54 8 29 11 24 13 30 10 25 23 45 33 48 7 59 42 3 2 44 53 12 51 9 50 37 41 36 26 1 14 47 46 38 56 55 19 39 43 35 27 60 18 22
    7 14 28 40 49 18 52 11 15 19 2 48 31 56 35 60 9 37 59 34 16 42 1 38 6 36 4 51 32 17 26 3 12 21 8 20 25 55 46 50 43 53 13 47 39 10 24 44 30 23 33 5 57 41 45 54 22 27 29 58
    3 29 33 27 49 20 59 41 31 25 40 38 7 26 32 18 51 34 13 8 2 56 16 11 21 37 14 54 53 52 43 35 57 1 45 6 58 36 47 15 39 30 55 12 46 44 19 5 60 24 42 48 23 10 28 9 4 50 17 22
    3 46 1 21 10 53 20 50 14 45 29 51 49 23 15 5 18 7 19 55 38 16 34 30 12 33 25 58 13 35 56 41 36 24 59 60 47 43 22 37 42 2 27 57 48 8 44 31 9 28 40 26 39 6 11 17 32 54 52 4
    14 3 8 12 41 59 19 23 10 49 45 15 20 5 36 35 9 43 28 18 30 33 11 55 27 4 50 32 40 29 13 38 39 37 52 56 21 31 46 42 57 24 22 60 26 17 54 48 25 51 44 58 34 6 1 47 2 16 53 7
    18 37 50 5 58 10 47 45 41 59 1 20 2 24 30 31 16 42 6 36 4 38 15 60 29 44 27 11 19 49 28 14 51 34 26 25 43 57 48 9 56 8 7 17 12 21 35 23 53 3 32 54 33 13 39 22 40 52 55 46
    42 49 46 50 60 37 5 58 40 26 9 35 57 4 22 10 39 36 21 38 23 56 20 25 54 30 12 31 32 19 34 47 2 24 53 59 44 13 43 33 3 7 15 6 27 14 41 29 16 51 8 55 28 52 17 1 18 11 48 45
    34 28 27 21 52 9 17 53 2 41 38 4 12 10 37 30 36 35 60 24 55 29 54 49 25 32 47 19 11 15 18 57 43 40 22 23 44 7 42 13 20 33 45 8 59 39 31 46 26 51 5 56 6 1 58 48 50 3 16 14
    5 6 16 9 36 14 59 37 56 35 52 55 18 34 47 1 21 26 28 25 49 44 50 40 19 15 29 54 31 45 7 43 3 46 13 2 30 39 24 10 27 60 11 57 42 58 38 22 4 12 23 48 17 8 20 32 33 53 41 51
    8 36 27 39 58 40 29 20 44 50 37 18 9 6 45 35 43 10 57 52 54 31 33 24 42 13 49 3 5 56 30 55 59 1 41 15 2 21 32 28 51 12 14 11 53 25 22 46 26 23 38 17 19 4 48 7 16 60 47 34
    29 55 26 5 59 54 37 21 33 14 51 32 42 4 28 30 45 27 23 6 2 35 36 49 17 13 11 16 22 19 15 39 3 38 20 10 31 7 46 58 12 50 34 57 43 41 56 60 40 1 9 44 47 25 48 8 24 52 53 18
    38 14 33 3 18 11 54 12 40 58 36 47 26 35 23 44 16 56 6 55 52 25 15 30 13 41 2 9 17 34 27 20 39 46 21 57 37 8 53 49 5 29 10 42 1 28 32 50 51 45 7 60 43 59 22 31 24 48 4 19
    37 26 29 49 16 58 48 23 57 35 4 11 40 53 59 2 32 14 52 34 36 56 43 24 45 18 5 3 15 50 54 27 51 25 47 17 21 22 38 39 1 20 28 12 55 8 10 13 6 41 30 7 60 9 42 33 44 19 31 46
    43 5 49 9 2 36 11 17 15 24 48 57 20 14 22 38 41 44 52 54 45 4 33 23 37 42 31 10 21 40 34 58 32 18 16 56 27 8 59 1 39 6 60 19 25 51 7 29 3 28 30 26 53 55 46 50 13 47 35 12
    5 14 51 11 17 22 44 55 34 4 2 40 39 13 46 54 49 33 45 56 26 58 10 8 23 32 3 6 53 48 19 27 43 20 1 60 59 42 9 31 18 38 52 15 50 35 12 21 29 37 57 7 41 25 47 36 16 28 24 30
    49 29 7 25 8 18 4 22 21 33 60 42 56 44 5 37 53 43 55 11 47 59 16 34 28 46 9 45 32 24 26 52 23 38 36 13 6 40 2 1 41 14 54 48 17 30 31 58 12 57 20 10 27 3 15 19 35 39 50 51
    16 58 8 44 17 19 24 53 5 46 45 31 22 13 21 41 25 15 40 27 33 10 30 23 57 54 39 43 56 42 4 49 14 28 18 35 6 48 38 37 55 50 32 34 60 51 3 26 11 47 20 29 1 52 7 59 2 12 9 36
    40 29 51 45 52 33 12 16 14 25 9 4 28 31 18 17 59 46 50 60 5 1 30 24 56 26 47 11 36 8 58 53 35 27 15 2 42 10 21 55 54 44 23 37 19 22 57 20 49 41 6 39 43 48 3 7 38 13 32 34
    49 60 54 21 4 15 37 47 22 13 11 45 55 20 9 58 38 33 36 30 52 41 27 25 24 46 5 43 18 31 16 34 59 42 8 32 26 44 40 12 14 53 10 1 39 7 48 29 23 35 17 6 50 2 3 57 28 56 19 51
    40 12 17 18 49 36 44 27 8 41 45 58 6 25 5 26 34 28 57 35 31 52 4 60 2 29 16 9 56 55 47 43 24 21 7 59 46 30 54 48 10 50 3 39 14 13 23 53 33 51 15 22 42 37 1 38 19 11 20 32
    30 57 49 35 40 9 26 59 38 16 25 23 19 51 44 5 2 36 8 15 7 60 53 47 10 13 4 29 56 34 41 58 55 43 45 48 31 1 46 24 52 3 6 12 33 37 14 17 11 20 32 42 22 54 27 50 28 21 39 18
    9 15 23 49 39 3 38 29 5 54 48 36 17 11 16 30 41 47 13 4 55 27 32 56 31 28 43 1 51 52 50 45 42 59 18 24 8 22 20 21 19 10 40 58 34 44 25 57 7 35 26 60 53 33 37 2 6 46 14 12
    40 48 8 52 51 18 1 36 31 9 10 27 35 44 25 21 17 5 32 56 12 45 60 14 58 38 49 37 13 59 57 41 6 42 28 15 19 20 43 50 23 34 33 11 47 53 24 3 30 7 55 4 54 39 22 16 29 46 2 26
    28 22 57 31 4 11 36 19 50 26 54 41 30 45 12 20 15 40 39 17 10 38 8 51 48 25 23 55 9 24 60 33 52 44 13 59 6 21 49 56 34 46 1 47 58 18 32 42 16 5 35 7 53 29 43 3 37 27 14 2
    53 47 13 49 55 59 20 2 50 23 27 43 29 21 9 39 1 51 56 31 40 19 34 10 33 18 7 14 52 15 22 46 45 57 38 36 25 4 6 30 48 41 8 58 26 32 42 11 5 44 12 17 16 60 54 37 24 28 35 3
    30 20 28 55 15 50 44 38 39 42 21 10 59 52 2 24 8 49 6 58 45 25 22 54 57 41 47 19 3 14 43 12 33 51 46 5 37 36 53 29 13 60 27 4 9 16 11 48 32 1 34 56 17 23 26 31 35 40 7 18
    36 42 16 4 54 45 38 20 24 40 19 5 50 33 44 17 27 1 12 8 22 7 30 18 46 55 14 26 31 52 41 28 56 37 10 9 51 11 29 48 34 15 57 23 53 3 21 49 6 2 58 35 32 47 60 25 59 13 39 43
    30 57 31 23 37 29 41 9 50 17 44 39 14 56 43 46 35 32 10 24 33 12 51 25 22 49 6 48 3 5 26 20 21 60 58 11 16 55 40 28 7 53 4 13 52 59 34 27 18 47 42 38 45 36 8 54 2 19 15 1
    39 32 52 10 4 23 29 51 31 3 41 19 22 26 24 40 13 12 9 38 8 58 56 44 16 18 2 60 54 59 30 34 43 35 27 28 6 14 7 20 1 47 37 48 45 25 49 17 33 21 11 5 36 15 57 46 53 50 42 55
    44 45 28 55 58 37 29 32 2 3 41 1 5 53 49 36 60 50 26 22 11 13 20 19 57 54 43 59 42 34 56 4 12 10 46 31 51 15 18 23 25 21 48 16 9 6 52 30 27 47 38 40 33 24 7 35 17 8 14 39
    12 32 6 60 4 24 49 55 39 25 15 14 31 36 37 11 26 3 23 17 7 18 35 47 34 28 33 53 51 29 22 41 44 27 13 56 20 21 10 9 50 54 42 1 40 8 58 57 30 16 43 45 48 59 46 2 19 52 38 5
    31 21 29 22 39 37 47 59 23 38 46 55 3 40 1 18 2 45 51 33 24 11 28 13 32 50 56 43 19 34 16 35 36 60 20 6 14 42 44 25 58 30 54 5 9 49 7 52 53 17 41 27 26 10 8 48 12 4 15 57
    43 60 11 29 24 14 9 5 49 15 6 44 1 19 3 2 33 20 54 58 18 46 48 27 21 30 17 8 55 22 28 45 7 10 56 57 36 35 16 26 39 59 12 37 51 52 4 25 13 32 38 34 47 31 50 41 23 53 42 40
    47 42 38 9 50 3 48 40 30 35 12 57 21 59 22 33 2 41 36 13 44 5 8 54 7 1 16 46 11 52 4 17 10 31 14 19 55 51 26 24 32 45 53 18 58 28 15 29 34 60 25 27 39 6 56 49 43 20 23 37
    28 15 36 42 51 32 45 11 26 19 23 52 5 4 12 48 60 9 53 7 25 43 3 58 6 8 18 30 31 29 13 20 41 49 38 56 1 55 22 35 27 54 24 40 2 16 44 33 57 59 39 17 46 34 37 47 50 21 10 14
    8 55 32 17 60 10 38 24 57 25 7 9 15 3 53 16 36 5 2 22 35 6 43 58 46 51 1 37 47 28 48 19 45 42 18 29 56 23 27 41 54 21 12 13 34 4 59 14 49 20 44 33 50 52 39 40 11 30 26 31
    31 56 47 23 49 35 40 52 6 21 12 57 4 24 43 13 20 45 19 28 7 41 33 5 15 10 11 36 46 39 37 51 38 32 59 17 14 48 27 1 22 25 3 8 18 26 9 2 30 44 34 50 53 54 55 42 58 29 60 16
    7 35 18 13 1 58 33 6 31 49 4 57 42 41 29 54 44 48 26 19 36 23 27 34 16 59 53 50 39 40 56 5 32 51 47 21 22 2 12 3 15 24 17 8 52 55 28 43 45 14 25 37 10 30 38 9 46 20 11 60
    8 52 13 1 28 3 44 59 50 53 18 4 38 2 15 36 5 40 10 46 27 57 7 32 56 26 33 34 45 22 30 37 43 29 51 54 25 39 11 6 42 19 21 41 9 31 60 47 16 49 58 23 20 14 17 55 12 24 35 48
    33 31 21 54 22 35 60 12 19 16 30 39 49 53 20 3 8 58 37 48 4 45 25 13 38 2 17 40 36 6 29 28 56 42 50 32 52 55 57 59 44 26 34 47 41 18 5 7 1 27 15 24 9 14 51 11 23 43 46 10
    44 18 5 55 39 3 27 20 21 30 32 9 49 42 28 11 6 52 41 45 7 31 53 57 16 33 35 43 14 50 17 56 13 36 4 10 38 2 51 12 46 47 8 25 40 23 24 59 26 58 34 54 19 29 60 1 15 22 37 48
    29 47 10 55 51 13 48 14 11 21 31 20 35 28 36 33 6 1 34 60 49 12 19 38 43 53 17 16 5 18 39 57 9 15 4 25 40 3 41 23 2 24 44 27 46 30 22 45 7 8 58 37 59 50 26 32 54 42 52 56
    9 23 15 58 32 17 20 57 13 42 29 44 45 27 50 35 11 2 36 24 40 59 25 51 14 21 4 37 18 46 38 6 33 7 34 52 19 30 49 53 54 5 16 10 60 3 8 47 26 31 1 56 41 55 43 28 22 12 48 39
    5 55 13 33 25 14 18 26 10 31 52 39 48 12 15 16 1 40 29 19 21 54 41 35 32 6 51 44 11 37 42 53 27 30 2 9 45 57 50 22 36 34 20 3 4 43 7 28 56 46 24 59 8 38 23 58 49 47 17 60
    26 30 33 29 53 6 21 41 60 36 13 32 50 8 4 15 27 7 25 51 1 52 48 55 5 2 12 22 23 9 40 56 37 24 45 10 58 59 20 42 16 49 11 57 43 28 34 44 3 17 14 38 54 47 31 46 19 39 35 18
    39 11 17 15 20 37 5 40 14 36 44 10 42 28 18 38 50 47 9 16 27 57 24 1 21 59 43 58 53 35 22 46 2 25 45 3 51 54 49 34 56 19 31 60 13 8 29 7 32 23 48 33 41 30 52 6 55 26 4 12
    58 5 55 60 51 47 38 15 32 43 7 41 3 28 19 18 14 37 8 46 2 54 59 30 34 31 10 9 56 36 4 24 53 29 26 40 42 39 21 48 45 22 44 17 11 57 20 25 12 35 49 23 6 16 13 52 27 1 50 33
    5 17 48 41 35 31 52 23 14 55 37 10 30 9 33 28 2 47 44 58 25 19 34 54 60 43 56 53 32 11 21 38 4 49 20 7 45 46 18 42 1 16 8 51 36 13 22 26 12 3 15 59 57 39 6 24 29 50 40 27
    40 44 53 49 55 32 38 4 36 11 5 28 45 31 8 1 51 27 19 25 14 60 24 13 12 35 9 16 18 47 15 22 39 26 37 23 58 43 20 3 59 46 56 7 57 30 33 17 54 21 2 42 10 41 52 34 50 29 48 6
    53 17 31 28 18 49 41 24 55 23 19 32 3 34 51 22 57 4 48 10 56 37 14 11 52 2 35 38 46 20 40 59 29 30 8 50 60 39 33 45 15 54 36 9 26 1 6 16 42 43 58 47 5 13 21 12 44 27 7 25
    49 13 21 59 5 32 38 53 18 24 44 1 30 57 11 23 28 2 19 16 51 20 45 33 48 58 39 54 46 56 26 7 8 12 55 42 43 35 29 40 9 31 14 10 17 60 3 47 50 36 4 15 52 37 22 25 34 6 41 27
    31 3 27 4 39 59 49 45 15 40 23 16 30 26 43 54 17 52 35 50 10 48 38 29 47 41 32 37 36 56 21 51 9 44 11 34 46 22 58 20 18 13 19 6 55 24 42 60 2 14 5 7 12 28 1 53 25 57 33 8
    12 17 2 58 55 19 51 28 37 54 60 40 47 43 9 1 53 35 57 44 10 34 38 5 20 41 25 4 23 13 15 56 33 42 21 8 26 22 6 16 52 24 7 18 48 39 14 11 50 45 3 59 36 49 29 30 46 27 32 31
    13 28 3 5 1 47 16 48 51 59 30 24 25 52 53 9 58 19 57 8 35 4 29 46 22 45 54 15 32 42 39 41 26 14 17 56 43 44 21 50 36 10 34 27 18 55 37 31 7 49 60 40 6 11 33 2 20 12 38 23
    41 51 43 46 9 17 21 40 12 28 55 50 23 36 24 57 27 1 59 11 29 37 8 6 18 19 31 49 38 53 60 39 48 54 16 22 47 44 45 3 10 5 58 42 25 2 4 34 30 7 32 14 20 52 26 56 13 15 33 35
    55 24 36 22 57 6 12 38 8 44 2 17 46 45 43 51 50 29 21 18 53 26 59 37 1 41 7 33 39 56 16 42 49 14 20 30 54 25 4 52 9 32 10 27 34 3 23 31 15 58 47 40 13 28 19 5 60 48 11 35
    29 2 47 16 31 35 36 24 48 9 10 21 3 44 39 45 17 11 26 60 33 32 22 43 19 41 18 56 42 51 46 38 15 28 27 59 49 4 13 50 34 25 1 5 7 6 54 30 14 55 20 53 40 23 57 8 12 58 37 52
    50 46 7 32 22 31 58 42 41 23 28 25 29 27 26 43 49 5 53 44 40 6 11 39 15 47 12 19 34 16 36 18 37 45 57 59 8 38 4 9 35 60 3 14 54 17 1 52 13 2 20 24 51 48 55 21 30 10 56 33
    19 24 50 34 53 57 17 52 31 35 47 2 8 56 48 59 21 41 25 14 54 36 1 22 3 18 58 51 10 33 60 29 20 4 40 46 7 5 27 44 16 23 32 30 55 12 11 26 37 15 43 39 45 28 9 42 38 13 49 6
    15 37 29 5 42 33 58 14 9 3 18 40 50 1 51 30 12 36 16 2 60 23 52 20 10 32 19 43 47 21 54 44 13 53 59 26 34 46 8 11 56 41 39 55 49 35 28 22 24 6 45 48 25 31 38 7 17 57 27 4
    18 10 12 38 33 47 48 44 21 51 41 27 42 19 50 24 26 17 45 6 8 46 20 15 3 29 25 4 39 52 34 43 22 56 11 54 7 16 14 60 36 40 35 9 55 53 57 2 37 49 13 32 31 23 1 58 28 30 59 5
    47 25 49 1 45 3 43 23 6 55 48 36 11 34 16 13 7 39 60 42 35 53 31 8 5 10 32 51 57 20 12 50 9 24 18 15 28 33 30 19 14 17 4 37 2 38 26 41 40 46 44 54 58 21 29 56 22 59 27 52
    24 32 35 40 17 49 47 15 48 37 39 46 10 11 58 42 56 26 60 45 16 22 14 4 44 7 30 57 31 59 12 50 43 38 1 23 6 28 20 33 18 51 34 53 55 9 36 5 52 21 25 54 13 8 27 2 19 41 3 29
    7 48 49 8 55 45 34 39 40 19 29 1 38 10 22 21 23 52 58 11 51 46 13 57 12 37 18 27 26 54 47 17 50 35 36 24 31 6 43 15 4 16 42 60 14 2 30 20 3 25 59 56 5 41 9 33 44 32 28 53
    30 40 44 47 46 27 45 43 10 54 9 55 51 20 4 2 26 32 17 12 11 19 53 14 41 34 48 7 56 49 31 18 8 29 24 35 33 25 15 16 22 3 60 50 36 39 58 6 13 1 37 28 38 57 5 42 52 59 23 21
    19 14 42 29 28 24 17 21 35 4 32 27 53 50 25 51 6 16 47 37 30 59 41 36 55 11 43 23 13 5 34 9 44 40 15 52 57 2 46 38 12 39 33 26 8 48 7 20 22 1 49 56 18 60 3 54 10 31 45 58
    53 14 24 33 41 52 4 31 46 20 3 34 7 32 21 59 54 56 45 2 22 19 25 35 16 17 57 49 60 58 10 44 29 38 48 27 28 5 12 18 39 1 55 11 13 26 36 37 43 9 30 50 23 47 42 51 8 6 40 15
    8 43 17 30 52 25 23 29 3 32 33 11 22 27 42 35 13 38 16 24 37 14 34 55 4 10 40 51 5 60 19 15 59 21 45 44 48 50 39 47 6 20 58 18 1 54 26 57 53 41 36 7 46 56 9 12 49 28 2 31
    59 18 23 53 56 17 16 15 55 58 49 47 37 30 57 27 38 2 14 33 19 31 40 22 1 35 42 3 29 28 24 21 12 51 5 60 54 8 10 48 36 32 50 6 44 39 25 20 7 34 13 4 11 43 45 26 52 41 9 46
    25 54 34 45 15 13 11 46 37 33 59 31 16 7 57 43 23 60 27 47 50 38 51 19 22 44 55 4 32 18 56 2 1 40 26 29 3 14 17 35 20 48 39 9 5 12 49 21 58 24 28 36 8 41 42 52 6 30 53 10
    49 46 50 25 16 17 45 7 18 36 28 44 39 58 11 40 1 3 29 60 5 6 23 59 54 20 15 8 24 53 33 55 52 4 42 27 10 57 41 19 35 9 37 51 21 13 26 43 32 47 56 14 22 30 2 31 34 48 12 38
    16 37 42 3 6 4 23 15 9 27 17 35 18 28 40 52 8 33 26 41 54 53 45 32 5 24 1 34 19 59 14 30 55 44 20 60 36 58 48 11 29 31 39 38 51 22 12 2 21 49 7 25 56 10 46 47 50 57 43 13
    60 34 39 58 5 14 53 24 16 23 11 8 40 35 10 3 45 4 20 32 54 22 42 47 2 46 9 25 48 6 1 33 50 43 19 30 26 13 21 41 52 56 12 7 15 59 37 17 55 31 18 36 29 44 38 51 28 49 57 27
    7 58 35 20 11 1 23 26 32 43 29 12 47 9 36 45 59 5 17 49 54 40 34 33 21 42 15 57 16 53 4 2 60 18 3 41 14 44 37 46 19 13 30 24 8 28 39 22 55 38 48 27 25 51 56 50 52 6 31 10
    56 24 49 23 45 39 29 20 54 52 30 17 16 25 42 58 9 18 41 22 44 47 14 51 37 32 12 19 60 35 10 21 55 34 8 59 40 1 46 33 38 50 6 13 15 4 3 5 11 26 48 28 31 27 2 57 53 36 7 43
    50 20 31 13 30 22 46 12 29 38 5 53 43 32 26 9 35 14 7 34 23 59 2 60 27 4 33 6 21 47 49 40 45 1 17 51 58 25 18 44 37 52 57 16 8 42 3 10 24 55 54 39 36 28 15 56 19 48 41 11
    20 53 5 13 32 11 21 27 36 55 40 51 58 56 38 2 7 26 48 50 10 34 22 25 17 19 37 3 43 41 8 33 9 45 28 44 14 57 29 60 42 24 23 18 46 16 47 15 49 39 1 31 59 52 6 35 54 30 4 12
    8 39 29 2 20 40 30 54 47 59 18 27 44 22 55 14 45 28 49 13 50 15 6 1 32 60 25 17 21 26 9 16 31 3 38 37 5 33 46 19 56 41 12 53 52 7 43 11 48 51 34 35 24 4 42 58 36 57 23 10
    14 50 31 1 33 41 4 59 15 21 7 2 30 48 42 43 18 20 57 44 13 12 39 26 37 23 36 22 35 8 49 11 16 5 6 38 25 52 3 45 24 34 46 27 54 9 56 51 55 10 28 60 40 29 32 58 47 53 17 19
    41 42 51 3 24 17 16 40 43 59 44 29 21 2 31 38 28 60 30 50 35 37 58 56 33 48 46 55 54 9 20 25 47 8 52 12 7 5 6 18 36 26 27 13 45 57 34 15 11 32 22 14 10 49 4 23 53 39 19 1
    31 48 12 28 15 57 7 35 18 59 23 39 25 17 53 54 41 51 44 10 5 46 3 33 47 45 55 1 43 8 24 26 27 16 9 32 11 19 56 13 49 30 20 50 38 4 14 36 58 60 52 6 34 22 21 37 29 42 40 2
    6 7 12 40 53 48 18 34 52 28 54 5 20 51 16 46 39 8 38 42 11 49 10 23 47 27 59 14 60 26 37 41 45 57 36 2 35 3 9 44 58 30 1 21 25 29 4 31 50 43 13 17 15 19 22 24 32 33 55 56
    49 6 52 33 59 30 29 32 21 8 24 51 34 41 9 16 58 3 56 45 31 18 12 11 10 57 27 47 39 20 23 40 36 1 26 60 50 13 15 35 4 38 17 46 43 42 54 19 5 44 22 25 37 7 48 53 55 2 28 14
    34 51 33 29 15 42 2 26 36 24 48 27 38 50 45 10 1 46 22 6 20 41 35 16 30 31 56 49 58 5 17 4 14 40 3 52 53 8 13 25 18 23 55 21 11 37 59 60 43 28 47 19 39 57 54 44 12 9 7 32
    23 60 8 44 40 11 45 24 52 43 41 32 37 48 58 6 26 55 14 9 28 1 20 15 54 2 3 59 30 12 51 27 16 49 29 57 31 50 21 35 7 36 38 39 42 56 33 4 5 25 22 53 13 34 19 46 18 10 47 17
    24 17 23 33 12 40 39 44 59 29 7 22 42 4 41 5 8 52 15 28 19 31 25 10 13 16 51 27 36 2 56 14 20 3 58 26 1 21 30 57 43 49 6 50 45 34 38 9 46 32 37 55 48 54 11 35 47 18 60 53
    60 17 21 45 52 7 31 16 3 59 26 1 50 14 13 9 49 4 39 37 46 34 18 42 27 57 33 56 58 19 12 41 55 6 30 29 24 28 20 11 5 2 23 22 44 43 25 51 36 35 54 48 8 40 32 47 38 53 15 10
    18 59 1 51 7 44 38 60 58 14 6 40 47 4 16 57 28 36 34 24 48 22 27 11 32 2 39 21 54 17 53 3 5 56 19 43 12 9 41 42 35 23 25 37 8 55 46 49 45 15 13 26 31 10 52 50 29 30 33 20
    56 52 29 17 45 51 23 25 26 36 34 48 10 40 55 22 37 16 35 39 12 42 50 33 1 54 4 19 60 32 20 15 14 41 53 47 7 11 9 21 49 43 3 31 44 46 38 18 8 27 57 28 30 59 2 13 6 58 24 5
    53 12 58 50 17 45 47 22 44 41 24 28 29 20 56 7 42 46 6 15 21 52 32 4 23 31 19 51 5 39 9 25 11 60 30 49 10 57 36 16 8 18 26 40 38 2 43 33 27 37 1 35 48 54 14 55 3 13 59 34

