61

    3 15 2 12 48 46 34 58 31 5 29 18 47 56 30 22 24 8 51 54 45 39 21 35 59 16 9 25 32 55 33 17 49 19 4 57 7 28 40 38 26 52 23 41 60 27 42 37 14 50 13 6 44 36 11 61 1 10 53 20 43
    19 20 23 29 42 47 55 17 49 35 59 60 44 7 21 41 22 56 38 58 30 37 51 13 57 12 8 45 10 32 48 33 6 46 28 25 27 4 52 24 40 43 14 16 1 26 54 61 3 39 34 2 15 9 36 50 31 11 5 18 53
    15 11 36 2 22 35 10 60 54 6 55 41 47 8 34 30 7 14 50 40 53 26 17 37 61 29 45 32 58 43 56 20 16 57 12 42 24 9 28 18 13 31 49 5 59 46 27 39 38 23 3 25 1 52 51 33 19 48 21 44 4
    45 56 16 13 7 47 48 6 2 18 30 61 57 32 17 55 21 1 29 51 3 9 31 4 24 20 23 11 5 43 58 60 14 35 37 10 39 36 42 8 50 52 46 28 34 19 22 15 54 33 41 49 27 12 53 44 59 40 25 26 38
    60 58 41 46 61 31 28 24 23 38 53 3 35 54 52 57 27 18 5 56 7 16 9 51 6 47 59 50 11 49 30 36 45 12 25 34 21 29 19 13 14 33 48 1 44 55 40 26 42 37 15 4 2 22 17 8 39 20 43 10 32
    49 44 17 13 36 39 38 23 51 47 15 24 61 60 56 2 27 3 22 28 21 26 5 12 35 18 54 20 53 10 32 50 31 9 7 40 59 4 45 34 43 30 58 52 57 42 8 55 37 48 46 1 25 33 14 11 16 29 41 6 19
    22 44 12 48 53 7 43 37 2 45 51 27 28 38 5 52 46 16 4 57 10 19 50 32 17 42 60 29 18 61 47 6 49 33 41 55 14 8 21 59 34 36 40 31 56 1 58 25 23 39 3 11 20 13 24 35 30 54 9 15 26
    7 9 20 56 48 8 54 12 35 50 51 29 25 24 53 10 45 19 5 42 3 38 44 1 4 27 36 43 32 40 59 46 47 13 6 39 28 55 22 16 33 23 61 11 34 60 15 58 17 49 21 18 14 41 57 26 52 31 2 37 30
    31 44 47 61 39 25 30 27 28 43 53 26 51 15 34 21 11 23 8 22 58 17 14 37 41 5 18 57 54 29 40 20 45 46 32 24 38 19 13 1 52 60 33 49 36 12 59 3 10 9 4 56 42 48 16 55 35 7 50 6 2
    18 32 26 20 36 14 43 53 38 54 42 56 17 1 60 50 3 5 24 6 58 46 52 31 39 23 16 41 25 10 15 45 8 44 7 35 11 49 19 22 30 47 9 2 29 27 28 13 51 33 48 37 40 12 34 55 57 59 61 21 4
    39 40 29 5 23 13 38 61 22 2 35 31 17 42 9 7 27 48 32 18 24 60 10 14 53 54 28 50 4 19 58 25 37 34 26 36 45 6 43 20 15 59 49 11 52 57 1 33 8 16 12 21 44 51 47 56 41 3 55 30 46
    27 56 25 11 37 33 10 41 15 22 20 4 29 60 57 54 55 32 26 1 3 61 9 49 34 44 23 17 8 58 40 6 30 46 28 48 52 39 38 42 47 21 59 31 36 45 35 2 13 19 43 12 18 51 16 14 50 7 53 24 5
    31 34 21 28 13 11 2 24 9 15 30 47 7 16 50 17 54 4 56 52 29 6 23 43 5 45 39 61 58 40 57 14 49 59 37 12 8 55 51 41 25 38 18 44 48 20 26 60 22 36 1 32 19 27 42 3 35 53 10 46 33
    31 48 25 58 27 36 44 59 38 29 55 61 12 51 43 2 57 35 15 19 47 32 39 37 17 14 28 46 23 52 6 20 60 54 22 40 53 41 26 42 4 13 9 50 3 30 24 7 34 8 21 16 11 1 49 18 56 10 33 5 45
    31 57 10 3 17 33 46 22 29 38 7 55 52 45 56 21 39 9 41 43 13 20 19 48 15 25 42 8 12 35 18 50 14 58 11 59 36 26 6 44 28 32 40 30 54 53 61 1 37 5 27 51 4 49 47 60 16 2 23 34 24
    39 59 49 58 42 8 57 31 44 53 60 13 25 52 35 55 2 34 5 51 27 23 4 29 30 15 24 28 47 1 38 22 16 33 19 18 32 36 7 45 56 40 54 10 41 37 17 21 3 12 43 20 9 48 50 6 61 14 46 11 26
    20 44 47 1 32 9 8 54 42 6 23 45 46 43 38 50 37 17 48 22 28 49 35 33 57 3 21 30 14 25 53 12 40 61 59 36 13 19 55 51 41 10 39 58 4 18 2 15 52 11 26 29 34 60 16 31 27 24 5 7 56
    17 56 9 20 4 61 57 18 35 14 32 29 1 30 50 38 12 8 10 5 42 60 36 7 34 53 51 31 37 33 52 47 55 28 41 44 13 43 25 11 16 39 54 3 27 24 21 46 26 59 6 22 40 19 48 45 2 49 58 15 23
    6 50 53 29 16 5 30 48 24 60 35 58 56 25 15 42 12 22 19 34 33 27 45 39 41 52 32 38 23 13 18 47 17 36 44 10 31 28 14 55 26 51 21 54 2 43 11 49 7 9 4 37 46 40 20 1 57 59 8 3 61
    11 8 38 41 42 14 15 5 51 12 3 29 39 19 37 18 23 57 59 56 1 61 43 46 30 28 20 2 50 13 24 58 6 36 21 9 27 53 31 34 44 16 7 47 45 60 49 33 17 26 10 25 40 4 35 55 48 54 32 22 52
    26 11 58 49 54 31 23 8 47 2 30 13 3 19 28 55 32 18 20 33 53 21 51 39 59 17 12 40 22 25 56 1 36 37 15 4 16 61 48 10 45 50 35 9 46 24 29 52 6 34 60 38 27 44 43 41 57 5 7 42 14
    41 50 49 22 23 15 24 13 5 60 17 33 25 19 47 30 8 27 14 59 58 7 37 3 42 31 2 34 44 56 21 40 32 53 12 45 4 11 35 9 36 29 54 51 1 16 38 61 57 28 10 55 18 52 26 43 20 39 6 48 46
    18 23 15 36 7 56 61 46 25 60 11 20 10 59 16 26 52 51 28 5 32 38 43 35 44 45 17 33 54 58 57 13 24 29 50 34 53 21 31 6 22 14 47 4 2 30 3 48 1 49 40 39 27 37 42 8 9 41 55 12 19
    47 17 32 1 7 51 50 40 4 53 61 45 18 16 27 6 5 29 9 44 35 54 57 25 14 21 3 60 30 37 23 59 10 52 13 31 55 38 58 24 8 26 39 34 19 15 49 56 43 42 41 33 22 12 28 11 36 48 46 2 20
    30 17 61 53 21 16 49 5 28 42 29 22 9 2 38 27 55 14 23 56 4 40 51 41 48 15 3 20 11 46 12 60 37 59 45 18 47 10 50 8 24 6 26 19 34 54 52 43 36 35 25 31 57 13 33 32 58 39 44 1 7
    48 59 7 13 43 3 11 17 6 16 32 37 60 1 36 51 33 4 49 50 30 54 26 21 45 19 31 41 52 46 18 44 9 42 40 8 5 55 53 35 12 39 58 38 57 24 15 25 20 22 29 27 2 23 28 34 56 10 14 61 47
    57 18 35 39 50 59 49 25 17 51 2 23 47 41 54 53 8 43 26 33 45 22 32 30 27 19 20 24 60 6 44 46 42 37 7 14 52 58 38 9 55 3 28 29 5 36 56 12 31 4 13 61 21 10 1 34 11 48 40 16 15
    1 45 55 58 37 10 12 34 46 11 24 7 21 18 17 23 50 35 9 43 25 2 3 56 44 54 13 59 39 32 30 29 27 60 16 36 28 41 5 33 20 53 52 61 22 14 42 31 48 4 51 6 57 40 47 19 8 49 26 38 15
    31 24 27 46 36 47 5 3 35 28 10 42 23 7 52 13 57 17 22 20 6 11 32 50 4 19 49 16 58 18 33 56 45 1 30 34 21 61 25 14 60 29 39 51 53 8 44 26 41 15 38 59 12 48 9 40 54 37 43 2 55
    1 17 21 15 50 54 31 7 8 16 61 12 45 53 43 4 58 19 32 47 25 26 51 24 49 42 30 9 27 13 20 23 46 48 56 6 5 59 38 55 34 39 28 18 52 33 29 40 35 11 41 10 3 57 36 37 14 22 60 2 44
    25 46 11 9 38 44 21 12 59 58 28 39 17 57 33 42 35 49 61 23 5 13 6 53 54 31 43 48 4 52 20 36 26 14 1 50 47 56 51 8 10 27 30 29 19 2 7 40 45 22 32 24 60 37 34 55 3 18 15 41 16
    59 57 26 36 42 2 29 58 31 45 48 4 24 28 19 13 46 18 54 27 5 3 53 56 16 47 52 44 34 50 22 11 61 38 6 35 32 14 49 21 12 39 17 15 25 10 9 33 41 37 20 43 60 40 23 1 8 55 7 51 30
    60 29 50 41 58 8 53 43 13 51 12 6 26 34 31 59 55 23 57 18 46 48 28 45 5 14 21 19 11 9 17 22 56 15 52 20 32 2 35 25 4 24 42 27 1 47 37 16 38 3 61 49 44 39 7 40 54 10 30 33 36
    56 57 15 41 44 2 55 22 19 9 6 7 47 34 23 42 31 18 43 11 33 32 8 40 20 27 58 21 46 17 59 49 45 37 50 51 53 28 54 12 38 4 10 5 3 26 14 13 30 48 1 61 16 36 24 60 35 25 52 39 29
    36 39 50 24 40 55 16 61 2 32 23 49 41 5 53 8 35 9 15 56 45 52 43 42 21 11 18 46 30 38 57 13 44 20 19 10 27 48 6 54 29 17 47 7 25 37 4 3 28 31 22 12 34 1 14 26 59 51 58 33 60
    23 55 56 27 59 61 29 15 9 16 28 11 53 8 44 39 43 57 20 2 25 41 31 6 4 21 48 40 10 52 13 32 54 58 17 51 49 50 1 7 26 12 33 35 22 30 36 19 42 37 24 38 34 14 18 45 46 3 60 47 5
    6 45 43 38 20 13 8 25 57 42 48 55 21 47 59 50 34 24 14 19 28 7 5 33 41 2 29 53 44 61 3 54 26 4 58 15 40 51 27 39 10 18 9 52 56 36 22 30 1 11 35 37 23 12 16 17 31 49 60 46 32
    47 56 22 16 48 36 5 6 20 3 32 59 14 61 28 21 58 4 30 40 44 19 7 27 35 9 31 41 57 54 42 50 15 25 1 12 38 52 33 49 23 29 60 17 43 46 45 13 10 51 34 39 26 53 11 24 2 8 18 37 55
    2 11 15 18 14 52 44 56 4 49 36 37 22 60 31 26 47 55 10 6 40 28 30 41 58 43 48 1 7 17 54 51 21 34 57 53 46 38 59 32 19 24 61 12 23 27 33 20 25 16 5 42 35 8 3 9 13 50 29 45 39
    5 10 54 29 47 57 38 59 32 40 56 20 51 33 27 45 18 53 60 50 49 17 61 28 58 39 37 24 52 26 35 44 42 9 3 48 1 11 36 12 55 34 21 22 2 4 23 13 46 16 30 8 14 15 25 31 19 7 6 41 43
    28 8 31 4 36 15 52 40 22 59 48 54 26 25 49 47 3 60 35 55 41 45 7 33 9 38 39 30 44 20 56 58 24 29 50 61 21 51 6 43 23 11 27 17 32 14 13 12 1 18 53 42 34 37 16 46 19 5 57 2 10
    19 10 26 61 40 1 23 15 3 33 14 5 17 36 54 56 53 8 12 6 51 52 13 27 20 7 32 49 34 43 39 59 47 57 48 37 31 16 25 44 28 35 24 50 46 30 2 58 55 41 42 60 29 11 21 18 38 4 22 9 45
    9 18 12 2 26 25 55 13 22 49 19 6 52 11 36 29 7 60 23 44 16 3 50 27 14 48 37 17 43 8 57 31 35 54 53 47 56 41 15 42 61 4 30 28 58 21 59 38 20 32 24 51 40 39 45 5 1 33 46 34 10
    15 11 12 43 49 47 48 7 5 58 16 32 35 4 21 31 44 25 1 42 40 13 56 29 8 57 19 34 24 60 54 55 59 9 2 46 22 39 45 50 36 37 20 28 33 30 14 17 51 3 23 27 6 53 18 41 26 10 38 61 52
    58 38 17 14 28 45 46 3 56 25 4 57 36 6 8 11 44 9 22 41 42 54 20 31 15 5 16 21 18 48 7 23 32 12 39 53 10 35 24 30 52 40 2 19 49 34 43 61 55 37 59 29 47 33 60 26 50 51 13 27 1
    49 33 27 42 29 59 39 36 20 4 8 3 10 32 26 14 56 24 61 43 60 46 6 7 58 21 31 40 5 47 2 17 50 53 57 1 19 34 35 52 22 54 45 30 18 23 55 15 28 13 51 12 48 16 11 44 25 41 38 9 37
    30 7 28 46 4 57 50 27 23 14 53 45 15 40 2 8 24 35 32 44 10 37 16 39 58 42 61 56 26 19 5 33 36 52 41 11 47 55 48 43 49 20 1 22 29 38 13 25 12 51 6 21 60 9 31 59 3 17 54 18 34
    27 5 35 47 10 53 4 37 57 41 26 36 1 45 6 28 15 16 23 19 54 56 21 61 58 14 59 60 49 30 33 22 11 9 38 50 24 55 3 46 12 31 32 34 13 52 20 43 2 29 39 17 25 8 40 44 51 48 7 18 42
    59 1 42 46 2 21 23 43 47 3 48 57 12 25 17 39 9 44 54 28 26 20 49 58 52 11 30 18 7 36 38 45 37 6 13 41 5 14 19 29 60 24 50 61 55 10 31 4 53 51 8 15 32 56 16 40 22 35 33 27 34
    13 21 20 51 7 1 36 31 34 2 48 3 45 49 38 37 16 29 41 46 5 39 44 58 32 61 59 14 9 19 47 52 25 55 6 27 10 26 24 23 60 50 53 15 11 18 8 30 57 40 42 22 28 4 12 43 17 56 35 54 33
    15 23 27 57 37 1 14 26 17 24 16 46 41 38 35 49 10 2 51 7 13 34 6 8 3 59 18 60 48 28 50 29 47 56 11 9 20 45 42 54 12 32 61 44 5 36 53 43 58 52 55 33 4 30 21 31 22 40 25 19 39
    44 36 21 43 8 13 42 19 49 54 25 26 59 37 48 15 24 39 11 23 17 29 3 58 10 28 7 52 9 1 12 33 18 34 45 56 22 4 40 55 31 5 6 53 27 57 47 41 60 35 16 38 30 2 50 20 46 14 32 51 61
    36 28 33 3 2 13 26 12 29 5 46 34 47 20 17 4 55 54 44 32 37 42 40 14 59 60 48 11 1 7 6 41 18 9 38 30 61 52 56 57 43 35 15 31 19 25 58 45 39 16 51 49 10 53 23 27 50 24 21 22 8
    46 49 26 47 48 24 34 14 7 4 39 51 33 37 31 54 18 44 53 55 25 27 22 32 56 59 30 60 20 40 28 23 41 35 1 16 10 12 50 19 17 11 8 2 9 45 52 42 13 6 58 5 29 3 15 38 61 21 36 43 57
    54 35 12 42 36 32 1 55 47 46 19 41 9 51 59 33 2 7 43 39 11 28 40 18 14 56 37 6 48 44 21 45 10 60 20 50 34 61 16 49 52 58 31 25 3 24 8 53 27 15 57 38 5 22 23 29 30 17 4 13 26
    50 40 42 14 24 53 25 28 5 59 23 41 9 21 46 4 56 49 57 12 54 52 45 38 37 13 26 6 58 18 60 55 48 15 51 61 36 19 30 27 8 43 17 20 34 44 29 11 7 33 35 32 16 31 3 22 10 2 39 47 1
    36 17 55 20 48 6 23 40 24 33 12 7 29 32 3 59 53 15 31 22 58 54 14 34 13 28 16 49 4 5 50 11 37 43 44 46 61 19 56 45 42 38 1 10 30 8 57 51 35 60 47 9 2 41 26 52 25 39 21 27 18
    14 25 20 27 22 13 58 18 56 5 12 9 37 52 30 50 24 45 42 3 26 36 46 21 48 7 6 41 40 15 28 39 8 29 2 11 53 47 1 44 4 59 34 33 55 17 43 10 19 49 51 38 32 60 35 31 61 54 23 16 57
    2 60 21 13 47 26 53 15 31 7 46 35 44 23 58 14 49 56 12 1 37 30 9 24 22 5 29 39 18 41 50 25 43 42 59 48 16 33 34 45 38 6 55 61 40 11 54 51 19 32 28 4 8 36 27 57 52 17 10 3 20
    3 55 6 14 4 57 17 20 48 39 43 28 24 37 25 56 8 51 13 18 26 15 29 38 47 49 45 2 10 53 5 42 16 12 54 33 31 36 11 9 40 60 58 19 61 30 23 52 21 27 46 1 32 34 59 35 41 50 44 22 7
    32 17 23 59 13 11 44 12 21 52 34 56 27 43 58 45 28 48 2 51 40 53 14 1 26 36 18 3 50 16 47 60 9 7 10 29 4 22 54 30 57 46 41 15 55 61 37 33 42 6 35 38 39 8 19 31 25 24 49 5 20
    30 50 53 42 43 3 12 23 56 18 21 52 61 54 55 31 29 59 39 58 10 40 5 27 33 32 60 8 57 25 49 15 14 24 45 4 7 44 17 28 37 46 41 2 6 20 51 36 22 11 16 38 35 47 19 26 1 48 9 13 34
    29 3 55 17 11 4 22 53 19 38 21 37 28 10 8 14 36 35 27 23 61 12 18 48 45 40 57 47 32 1 7 41 49 5 20 30 51 15 44 43 24 6 13 54 2 39 31 25 50 42 16 9 52 56 60 59 46 26 58 33 34
    25 10 5 2 9 7 14 11 33 28 24 60 1 58 35 51 47 3 41 19 59 23 52 20 29 43 37 32 4 39 50 48 40 44 27 15 45 13 18 17 8 34 21 56 57 12 46 38 61 30 31 54 6 26 42 55 49 36 22 16 53
    39 37 24 27 53 16 6 13 36 23 29 38 11 7 44 43 10 35 14 25 20 45 47 12 48 15 1 55 2 21 31 3 19 46 9 34 8 22 4 56 5 40 17 50 18 49 58 51 28 59 42 57 33 32 26 52 54 60 61 30 41
    8 41 1 29 45 59 50 15 22 23 16 58 61 33 10 37 47 25 34 39 26 5 56 21 2 42 32 35 31 12 54 30 19 52 40 27 11 6 44 4 24 14 57 20 38 60 49 28 18 17 7 48 9 43 13 3 53 36 51 55 46
    61 59 39 17 38 58 45 34 24 28 51 22 8 29 20 48 31 49 56 9 32 14 7 44 10 47 37 42 15 46 26 4 55 2 54 18 19 53 36 35 33 11 50 6 60 3 21 12 16 1 43 13 5 23 41 52 25 40 30 57 27
    3 37 27 19 14 44 47 29 13 18 54 51 56 26 31 20 5 39 52 21 46 6 12 28 61 2 15 35 22 30 60 34 53 58 38 16 40 32 36 49 23 11 50 25 59 41 9 45 7 57 42 8 48 17 55 43 10 33 1 24 4
    11 26 60 27 31 23 1 24 17 25 35 13 59 12 4 43 40 15 7 32 56 39 34 42 18 30 22 3 9 46 57 49 29 36 14 37 47 41 44 50 21 33 2 38 48 58 19 51 55 53 8 6 10 20 28 5 54 52 16 61 45
    49 54 27 53 18 16 37 17 35 56 39 55 3 33 60 5 47 23 8 30 42 4 11 26 58 31 21 19 34 32 51 46 20 45 10 44 36 61 50 29 24 13 15 6 1 38 59 9 43 22 12 40 41 52 57 7 14 25 2 48 28
    29 9 55 56 60 28 6 50 33 57 46 42 5 48 20 19 1 11 26 24 12 44 3 7 61 53 58 54 13 41 15 18 49 45 43 32 47 22 17 8 39 4 21 27 51 30 31 37 36 38 40 34 59 52 2 25 23 10 35 14 16
    56 54 52 17 15 36 30 51 8 45 13 53 43 49 58 4 38 48 1 60 55 3 22 28 14 27 26 35 7 12 2 47 41 21 11 5 20 31 19 10 6 37 57 44 9 24 32 33 61 42 50 29 59 16 23 39 46 40 25 34 18
    29 45 39 1 37 11 2 14 33 59 26 27 30 56 31 35 17 19 15 18 13 10 12 7 6 60 21 3 5 55 16 51 20 24 61 38 32 50 40 28 22 49 48 52 58 43 53 25 44 41 4 46 36 23 34 47 42 54 8 9 57
    54 46 38 17 44 7 1 15 3 24 49 33 53 60 4 10 27 52 55 19 43 18 12 35 8 23 28 47 9 30 57 32 37 6 21 42 41 25 48 40 14 56 31 45 50 22 51 36 29 39 34 58 2 59 16 20 61 5 26 11 13
    9 6 32 47 56 61 49 48 10 45 12 27 28 36 4 29 52 38 1 57 46 19 3 22 24 60 2 20 5 18 43 41 35 15 31 8 58 40 51 21 33 11 44 13 14 42 30 54 16 39 53 17 7 37 34 59 25 23 50 26 55
    31 47 24 5 34 57 45 6 52 39 53 49 11 60 50 4 16 30 19 41 28 9 23 42 44 12 61 17 1 22 20 14 48 40 37 2 43 38 18 58 3 33 55 27 46 10 59 8 26 21 29 32 35 54 7 51 15 25 13 56 36
    43 45 57 4 32 34 55 13 58 1 52 25 50 15 21 35 48 9 38 26 2 8 41 53 6 49 7 47 20 28 31 42 30 46 60 29 44 5 3 39 12 40 18 27 59 23 37 19 33 17 22 54 10 36 11 51 56 16 14 61 24
    14 34 41 58 32 30 1 26 13 37 16 38 43 23 20 54 25 22 8 27 50 59 45 2 15 10 56 35 52 55 19 24 48 44 3 53 29 9 5 33 36 61 40 7 12 18 21 39 4 60 46 42 49 51 57 17 6 31 28 11 47
    51 11 20 24 9 3 57 8 60 38 39 56 19 37 53 18 40 13 50 59 55 23 42 14 31 10 43 7 12 25 27 4 58 1 30 61 17 32 6 45 33 46 44 15 34 48 41 2 47 29 35 5 16 49 22 28 52 26 21 54 36
    31 16 25 39 20 43 58 9 14 53 59 32 52 55 50 56 51 13 23 54 41 46 35 24 61 5 1 45 19 15 30 4 11 10 34 37 18 42 60 6 21 27 36 7 40 2 12 29 17 22 3 8 38 28 33 48 26 47 57 49 44
    44 50 16 28 34 10 47 23 38 30 4 59 17 39 36 31 33 37 49 41 22 53 32 8 13 2 12 51 46 54 27 9 21 57 43 25 15 7 20 61 1 42 35 48 58 18 24 52 14 5 45 3 6 60 55 56 11 26 40 19 29
    58 23 14 40 47 12 39 33 41 13 38 10 24 20 36 26 49 32 22 51 6 50 61 27 55 9 30 11 57 21 34 43 29 45 60 28 59 3 5 54 8 42 18 56 1 19 31 35 17 7 15 25 53 44 16 37 52 46 4 48 2
    27 4 38 58 8 44 45 57 23 33 21 26 52 34 56 61 30 59 28 51 46 35 47 42 7 6 20 41 32 11 10 24 17 9 60 43 50 16 31 13 19 48 5 54 14 18 25 53 15 1 22 2 37 39 3 49 55 36 40 29 12
    18 35 45 16 44 21 6 27 61 2 12 50 38 23 47 19 52 29 28 22 3 34 4 25 24 55 48 14 9 11 53 39 58 15 7 40 5 30 13 42 20 59 36 54 56 10 43 57 33 26 49 32 31 41 37 17 8 1 60 46 51
    27 38 51 36 46 45 24 42 18 30 10 22 56 57 14 48 19 8 34 16 49 2 32 15 39 17 4 11 60 26 20 25 5 13 12 3 6 41 29 1 43 9 7 58 50 61 47 33 31 53 52 23 54 21 40 37 28 35 55 44 59
    51 30 34 17 2 46 26 10 59 44 12 3 19 50 47 38 48 5 54 36 39 4 18 9 23 1 40 45 6 31 43 16 7 35 56 8 27 52 41 60 21 53 49 11 58 55 24 25 37 33 15 13 20 57 28 61 14 22 32 29 42
    45 37 17 43 27 40 54 58 18 46 32 12 52 10 34 22 19 2 38 20 15 6 44 31 33 59 21 49 60 57 51 7 16 4 61 13 26 35 29 39 14 28 24 55 1 9 48 41 36 56 30 3 42 5 11 53 23 47 8 25 50
    45 22 10 56 30 59 43 2 15 19 26 51 32 38 20 60 6 13 41 21 12 37 34 35 25 61 23 52 29 36 7 8 49 24 18 42 11 50 54 44 1 47 16 33 5 58 28 14 53 57 4 9 17 40 3 27 46 39 31 55 48
    32 15 57 53 6 11 50 7 38 41 4 36 56 25 9 26 30 58 20 61 52 3 45 23 27 18 22 33 44 49 54 43 46 16 19 47 40 29 39 12 28 8 14 17 21 24 5 2 48 13 34 60 31 1 37 35 55 59 10 42 51
    27 17 41 12 50 22 55 37 20 26 9 54 46 34 13 23 58 25 19 1 59 49 57 33 44 7 30 52 3 56 45 39 36 2 11 61 38 4 48 53 16 6 43 40 35 14 51 47 29 8 15 28 24 60 42 32 18 31 5 10 21
    54 43 27 55 25 6 19 3 9 22 50 46 10 31 49 24 37 33 26 40 57 4 61 28 18 58 12 59 16 34 53 47 30 8 7 56 15 2 17 35 14 44 21 29 36 23 13 41 5 1 38 51 48 32 45 42 60 39 11 52 20
    61 58 2 47 56 9 50 13 51 54 39 1 40 44 25 52 20 60 45 28 7 5 41 55 8 18 26 49 15 10 19 3 38 21 22 33 43 30 53 37 36 57 31 59 23 35 14 11 17 24 27 6 32 42 4 12 29 48 16 46 34
    50 42 40 39 34 27 17 19 31 20 4 61 15 7 47 6 2 46 59 26 53 44 30 51 48 49 11 60 9 45 10 18 22 21 28 16 5 54 57 24 38 32 12 58 13 3 35 36 23 56 1 25 52 29 8 55 41 14 43 37 33
    54 46 58 39 9 16 50 23 11 7 5 18 53 31 48 40 32 37 25 28 38 14 1 56 4 26 3 13 19 44 12 61 30 47 27 15 8 49 41 10 45 2 6 43 21 22 35 60 59 55 51 34 20 42 36 33 52 29 24 57 17
    56 10 28 27 59 41 16 24 25 55 30 44 39 31 1 47 34 19 43 48 8 38 12 49 18 52 57 22 9 3 58 23 11 61 45 6 54 20 21 36 46 60 37 42 53 17 4 14 7 5 26 33 51 35 40 50 15 2 29 13 32
    22 3 45 41 26 46 5 4 16 20 17 33 54 53 47 11 58 39 10 30 29 38 7 31 37 13 52 61 35 50 51 49 14 56 59 36 55 9 15 28 40 8 1 43 57 42 48 2 44 24 27 25 6 34 12 23 60 18 19 21 32
    6 25 4 11 24 20 40 38 27 1 43 60 46 8 51 5 55 47 53 35 14 52 42 59 50 16 23 49 17 33 45 9 30 57 34 7 61 18 12 22 28 31 37 32 54 2 10 21 58 48 29 39 15 13 19 44 3 36 56 41 26
    55 60 59 1 29 30 13 16 12 26 47 58 15 23 2 3 48 5 17 11 50 46 33 27 52 43 20 42 21 31 22 34 45 61 44 10 4 53 14 32 54 37 9 24 38 51 6 39 35 57 49 36 56 28 7 41 40 18 25 8 19
    3 44 59 55 9 51 37 22 15 61 21 31 60 29 12 41 7 16 4 26 27 10 39 50 2 8 48 18 45 20 11 38 56 43 34 33 23 25 35 58 53 46 57 13 30 24 49 6 36 47 54 40 1 19 5 52 17 28 42 14 32
    23 42 43 41 11 39 8 27 6 31 32 52 1 53 14 25 20 38 60 35 5 28 44 37 12 24 56 57 9 18 61 2 54 13 58 15 17 22 34 36 33 3 49 51 55 45 30 19 40 46 10 16 26 29 59 21 50 4 47 48 7

