62

    30 39 33 45 53 9 27 7 17 60 46 13 15 50 42 23 1 62 38 12 58 35 59 22 32 34 19 26 18 47 14 44 52 10 31 54 36 16 3 49 55 43 24 25 21 56 41 37 20 5 40 57 51 61 4 11 29 48 28 8 2 6
    18 38 15 5 20 8 43 32 31 33 24 2 26 22 51 56 39 27 50 55 12 49 44 17 57 30 3 23 28 62 9 29 14 40 42 21 37 41 46 13 34 19 10 45 6 53 58 36 11 1 25 7 52 4 35 61 47 60 59 54 16 48
    19 53 14 26 54 49 28 45 46 51 56 57 10 3 7 11 42 52 47 12 6 36 20 9 33 1 13 2 24 27 8 55 23 4 21 39 43 48 22 41 16 32 35 5 15 44 18 30 25 60 34 29 40 58 61 31 17 62 37 38 50 59
    20 34 33 43 25 52 4 56 59 47 30 18 11 10 8 24 58 54 62 23 39 7 45 1 37 40 57 53 14 32 49 51 48 17 50 6 29 22 26 12 27 5 36 61 42 13 46 16 60 31 44 35 41 15 28 38 2 19 21 55 9 3
    35 32 27 23 29 37 1 61 33 47 50 55 21 22 3 28 41 10 43 45 5 54 38 58 39 20 12 24 15 56 17 8 9 62 42 57 13 49 36 31 60 40 53 18 51 34 11 52 25 7 4 26 14 48 59 46 2 16 30 44 6 19
    53 29 52 9 3 55 26 16 30 36 28 37 33 51 61 23 6 59 2 1 42 21 24 35 56 15 45 11 12 41 46 19 31 40 62 18 44 25 5 48 7 13 34 17 8 58 27 32 47 49 43 4 20 22 10 54 50 57 39 60 38 14
    29 47 7 18 36 57 59 19 42 35 38 45 12 1 10 61 37 62 21 9 31 6 49 39 51 34 4 11 44 24 15 5 50 52 2 3 56 20 48 17 14 22 46 32 55 58 53 16 33 54 28 30 26 8 60 40 23 13 27 25 41 43
    14 17 53 35 10 55 32 43 46 25 48 57 15 54 6 22 21 2 20 18 16 5 29 50 56 61 36 38 7 40 23 62 60 47 8 42 58 44 30 4 37 1 45 34 49 11 9 19 31 26 39 33 41 13 12 27 24 59 52 3 28 51
    28 58 62 3 56 26 59 40 1 35 47 11 34 17 41 22 50 60 20 32 54 39 24 55 12 19 44 30 43 46 4 51 53 52 45 21 61 7 10 6 29 27 13 9 33 38 23 14 15 42 25 49 18 36 48 2 37 5 8 57 16 31
    20 1 27 50 45 6 31 14 40 48 23 37 3 30 53 58 8 41 25 16 24 43 28 62 60 42 2 56 59 57 12 54 19 11 4 9 13 39 32 47 21 34 5 17 29 51 26 33 36 35 38 61 22 44 46 10 18 7 52 55 15 49
    49 24 46 44 27 17 18 10 32 36 60 14 15 54 52 29 26 22 34 61 45 4 23 13 20 41 55 47 2 12 9 57 56 38 39 5 50 51 42 43 33 48 35 59 19 1 31 30 37 11 8 58 21 7 40 62 6 16 25 3 28 53
    36 59 57 4 43 14 60 21 54 29 42 51 23 47 40 8 19 38 24 34 16 48 50 20 18 37 58 39 11 52 5 32 56 61 17 28 33 30 31 12 27 9 7 26 55 25 45 6 46 53 22 3 2 35 44 13 49 62 1 41 10 15
    53 48 5 34 20 25 40 54 42 18 7 55 45 60 47 33 49 44 52 43 1 23 24 46 61 9 10 51 36 16 41 21 13 17 11 35 50 4 19 30 56 62 37 32 3 57 29 15 22 8 27 38 14 26 39 6 12 59 31 2 28 58
    17 19 62 22 58 60 27 18 45 35 47 31 8 14 61 28 26 20 30 12 52 44 50 15 21 16 48 3 24 23 57 34 1 51 25 37 2 11 6 54 46 13 59 55 10 5 29 43 33 53 38 39 32 36 56 4 41 9 40 49 42 7
    52 50 41 27 23 4 2 1 33 56 30 37 55 6 53 44 22 61 60 19 5 43 45 58 51 20 10 29 11 47 39 24 48 13 21 28 26 62 16 8 18 14 46 34 35 25 32 7 36 38 12 15 54 42 57 17 9 49 59 3 31 40
    24 3 45 41 1 28 27 62 29 49 10 7 25 53 44 12 20 39 32 54 35 38 60 14 9 42 37 4 40 23 30 50 58 43 33 26 13 59 18 2 6 22 19 46 51 47 48 15 11 31 61 16 56 21 52 34 17 5 36 55 8 57
    19 17 42 7 26 29 3 40 8 60 25 12 22 52 4 48 39 58 56 24 9 49 51 33 55 50 23 30 36 14 20 2 41 16 44 34 57 46 13 5 1 47 35 6 27 18 38 28 54 31 53 62 15 11 37 21 59 45 10 32 61 43
    57 58 59 17 54 39 6 49 27 31 11 38 19 10 29 2 1 15 62 18 48 56 51 44 34 5 24 26 12 45 3 32 50 30 53 46 55 25 40 21 52 35 28 43 16 37 36 13 61 33 7 9 42 8 14 22 4 20 41 47 60 23
    35 38 33 24 34 4 13 49 39 57 40 48 53 62 16 18 17 55 36 58 59 7 61 9 37 2 31 1 54 19 46 22 23 47 43 26 25 45 29 15 11 42 20 32 14 12 21 30 41 3 27 5 6 50 10 28 60 44 56 51 8 52
    15 34 24 11 14 35 54 49 57 48 62 41 2 26 59 10 22 19 58 42 60 45 5 31 51 16 4 27 1 21 46 17 23 3 18 9 6 7 28 44 52 20 29 33 56 8 50 25 37 12 43 32 38 39 47 40 53 36 61 30 55 13
    34 1 22 51 23 30 56 25 42 58 5 2 13 37 17 33 12 26 6 61 36 40 46 16 41 7 57 11 19 27 8 29 53 4 59 21 44 10 31 55 39 38 15 32 20 60 54 18 47 45 48 3 9 52 43 49 62 50 35 14 24 28
    14 18 45 61 54 52 44 24 1 40 62 4 16 49 35 22 51 3 39 5 10 20 50 30 21 56 11 26 17 25 57 55 60 38 41 42 9 36 28 27 58 8 13 32 15 2 59 19 47 6 12 31 33 29 7 37 48 53 46 34 43 23
    25 47 12 32 37 51 48 46 41 34 11 40 43 18 6 28 4 31 23 3 19 9 44 38 15 52 53 29 50 16 30 24 56 20 35 49 1 21 62 58 26 27 8 60 10 33 55 42 54 14 36 5 57 7 13 17 61 2 39 45 22 59
    16 46 4 1 50 57 25 3 22 12 62 41 58 61 2 36 27 44 32 49 23 55 45 60 15 14 42 30 24 13 33 51 34 29 40 39 18 53 43 11 48 38 7 9 54 8 59 19 56 37 26 6 52 20 5 31 28 47 17 35 10 21
    20 17 44 30 31 37 16 45 53 5 32 22 47 8 52 12 56 13 10 42 14 49 54 39 50 58 29 36 46 55 40 21 48 25 57 6 35 23 38 2 34 7 3 62 9 51 43 61 28 60 18 4 15 59 1 19 33 26 27 11 41 24
    35 56 30 45 58 23 43 19 2 14 10 26 32 1 50 3 46 29 59 42 53 6 21 54 25 28 27 31 37 7 9 55 16 17 38 24 34 41 40 13 22 48 44 60 5 61 12 33 15 39 49 8 62 11 57 4 36 20 18 47 52 51
    62 45 6 53 4 31 47 14 1 33 52 7 49 44 34 41 32 37 55 22 21 58 38 11 20 19 56 23 8 17 13 36 60 61 18 46 10 16 3 42 25 15 40 30 29 24 43 2 48 54 59 57 50 9 27 5 26 28 39 51 35 12
    18 33 24 53 41 62 16 32 56 1 47 7 13 27 39 59 38 21 44 23 10 58 19 54 2 22 37 14 48 57 17 12 28 55 4 50 5 15 26 9 61 49 29 3 35 11 8 40 31 60 46 20 42 6 36 52 25 51 45 30 34 43
    8 58 16 41 32 46 23 27 22 11 33 53 5 9 24 49 3 12 48 17 7 44 13 28 29 61 36 52 25 60 37 15 56 40 62 35 31 47 2 30 57 55 45 14 10 39 59 50 18 38 4 20 1 43 42 6 21 19 54 34 51 26
    59 2 42 35 52 58 53 56 25 26 20 61 51 57 9 48 4 5 21 33 49 15 19 37 47 13 39 43 8 11 3 34 29 62 28 6 24 60 7 30 31 1 38 45 32 22 54 12 41 36 27 14 40 55 10 50 23 17 16 44 46 18
    26 42 32 22 39 61 48 59 18 9 53 45 37 31 41 40 19 56 14 8 49 23 15 38 2 11 52 16 50 57 33 25 21 12 47 36 44 10 35 29 17 6 60 5 43 55 34 62 24 54 3 30 20 58 1 4 28 51 13 27 7 46
    48 56 27 47 10 42 61 6 13 15 30 49 44 4 26 5 1 41 53 12 3 29 16 31 43 51 52 18 9 7 11 60 38 39 2 24 19 22 54 55 46 40 8 57 59 45 62 28 36 21 50 23 14 35 32 34 17 25 33 58 37 20
    53 36 29 40 27 1 46 2 21 41 55 16 37 3 62 24 15 4 18 33 12 44 7 61 25 58 32 34 39 31 8 5 45 17 57 42 51 43 10 35 38 26 14 50 6 28 13 49 30 19 59 22 23 47 54 52 48 11 20 9 56 60
    49 34 7 27 50 38 11 16 19 43 57 8 42 13 62 31 12 3 58 28 36 9 2 14 53 32 29 47 25 45 6 10 60 40 30 37 20 4 54 52 46 51 56 5 35 18 61 33 17 26 44 23 15 41 39 48 1 22 24 59 55 21
    7 55 28 36 56 30 12 26 17 14 45 11 31 61 16 20 25 58 13 41 18 23 40 62 52 51 59 2 57 4 33 44 39 5 60 24 34 38 3 49 10 46 29 53 9 54 6 15 21 37 43 47 8 42 50 48 19 35 22 1 32 27
    50 60 29 44 55 39 32 28 5 51 26 43 33 27 11 23 58 21 35 46 20 10 47 7 12 8 18 1 4 30 34 6 52 37 3 59 2 45 24 49 40 9 25 42 57 38 41 61 48 31 14 62 54 15 36 17 19 13 22 53 56 16
    39 40 53 36 17 16 12 33 49 18 34 60 7 14 62 37 57 4 56 15 25 50 35 11 6 3 44 28 9 32 10 43 52 46 51 27 23 42 13 8 2 20 29 22 61 59 58 26 55 30 5 1 31 38 54 24 19 48 45 41 47 21
    10 27 39 49 4 29 33 30 62 25 6 34 1 38 28 26 57 51 52 50 36 13 9 19 3 21 15 59 45 17 53 20 61 42 7 41 43 37 54 47 48 22 5 55 8 60 23 16 31 18 11 32 35 46 44 2 58 14 24 56 12 40
    60 32 57 8 15 42 2 38 5 45 44 55 39 62 16 34 1 51 6 25 35 10 31 29 22 13 17 50 23 26 21 19 59 4 56 33 58 27 24 43 48 52 49 28 36 9 40 18 37 61 54 53 30 47 46 7 12 41 14 11 3 20
    41 51 21 10 38 6 47 53 11 29 48 34 43 31 22 8 9 32 27 54 46 26 7 33 39 45 16 23 12 1 25 52 58 57 13 40 55 17 24 14 15 44 28 61 59 30 4 20 37 5 56 50 2 62 36 19 42 18 49 35 3 60
    28 57 62 43 19 30 61 34 39 18 50 15 2 25 37 49 6 35 53 54 52 58 42 60 5 1 46 44 38 32 55 51 31 9 27 16 3 24 7 40 56 4 41 59 11 45 48 14 13 36 47 33 23 17 8 20 10 29 22 12 26 21
    29 36 50 61 48 54 35 10 51 12 32 55 45 9 16 8 49 2 27 40 3 60 47 41 42 57 15 24 30 25 18 19 26 46 22 39 5 28 34 38 4 20 53 56 44 62 21 23 11 31 6 52 58 17 43 59 37 14 7 1 13 33
    23 7 57 30 40 4 31 54 48 38 26 59 36 62 17 19 21 13 55 28 5 27 14 56 6 47 52 25 46 10 43 29 15 41 2 58 11 44 49 16 42 9 20 33 3 53 32 8 61 51 24 50 18 39 22 37 1 35 12 34 45 60
    9 62 12 61 43 27 60 23 31 33 24 21 30 17 25 35 44 10 40 18 6 39 53 8 3 49 50 19 15 16 47 26 22 55 11 20 2 37 32 34 1 45 38 56 4 57 54 14 42 41 46 48 13 59 51 29 36 52 58 5 28 7
    3 25 45 61 53 34 38 14 62 22 49 26 36 47 4 28 33 31 57 24 27 54 20 2 52 37 39 21 50 12 16 41 58 11 13 9 44 60 18 5 7 6 43 10 56 48 29 19 15 55 51 1 23 30 32 59 35 40 42 8 46 17
    26 57 20 45 62 56 48 59 61 6 41 43 8 27 39 55 21 33 42 36 49 47 29 37 13 28 34 4 5 15 22 18 46 53 32 35 2 24 30 58 60 17 50 1 38 12 16 40 14 23 7 51 19 9 10 44 25 52 54 11 3 31
    62 50 60 20 15 13 30 29 34 7 6 57 33 4 43 31 11 19 10 54 23 47 59 12 25 28 58 53 21 22 35 37 17 48 27 45 14 38 46 8 55 41 49 44 3 16 61 40 51 9 24 36 32 2 52 42 39 5 1 56 18 26
    44 37 30 56 16 32 15 1 27 4 5 7 34 9 24 22 61 26 58 3 47 52 31 12 13 36 49 25 45 53 28 2 6 11 54 38 39 51 23 57 21 59 42 48 18 14 55 17 50 10 41 43 60 29 33 40 19 62 8 35 20 46
    7 47 55 41 58 44 28 31 15 62 35 40 6 14 1 48 32 45 50 22 30 3 43 2 29 8 26 4 11 25 16 21 57 9 17 20 12 49 37 13 59 23 5 24 18 39 19 33 51 52 10 38 42 34 53 60 36 46 61 54 27 56
    2 62 51 50 61 37 5 6 31 49 41 9 42 23 45 7 27 55 3 46 1 29 24 8 48 43 60 57 26 36 16 47 12 35 19 11 33 17 14 39 22 18 10 20 32 34 56 53 21 25 44 52 58 38 59 13 28 30 15 40 54 4
    15 36 31 39 56 30 4 33 11 23 21 38 47 12 48 20 18 46 1 37 44 57 24 41 59 42 51 28 53 22 58 45 26 14 9 32 2 17 43 49 16 29 62 25 34 55 19 54 8 10 52 60 3 6 61 5 50 7 27 40 13 35
    38 45 13 48 43 56 61 60 50 37 40 18 62 11 42 39 53 51 9 10 22 15 12 33 55 46 35 58 27 1 7 34 31 21 47 8 25 6 24 54 19 36 2 17 3 44 59 26 41 28 5 32 49 16 14 4 52 29 57 20 30 23
    59 33 9 27 41 16 2 28 45 24 20 6 35 1 25 58 49 44 55 4 26 37 50 57 32 34 53 10 43 8 56 13 61 15 5 21 42 22 38 51 48 17 39 29 23 14 18 60 52 12 62 47 11 40 36 3 31 46 30 54 19 7
    54 49 8 7 47 14 36 32 56 59 40 30 55 48 27 10 33 46 62 6 26 18 1 53 19 57 37 22 20 15 11 13 5 29 21 12 23 45 41 52 25 9 39 24 60 38 4 44 61 35 2 58 3 34 51 17 42 50 16 31 28 43
    55 45 23 43 9 8 4 49 2 30 59 18 52 24 42 41 26 5 3 38 21 31 1 28 25 37 15 50 36 34 17 14 6 19 7 32 58 22 44 29 39 61 62 27 13 10 33 12 56 11 51 35 48 54 46 16 40 53 57 47 60 20
    58 30 52 10 24 43 36 2 35 51 60 20 33 23 22 6 7 32 28 45 46 19 44 1 59 5 50 11 57 42 55 14 34 48 25 31 62 27 26 39 47 37 13 3 18 38 61 21 15 4 56 16 8 29 17 54 40 41 12 9 53 49
    46 36 49 14 41 54 61 9 38 29 3 23 1 50 21 15 35 47 42 45 51 8 32 57 31 28 26 58 39 17 13 2 27 33 11 12 48 37 52 16 43 22 53 56 44 24 5 7 10 34 30 6 59 4 40 55 25 18 62 60 20 19
    50 27 39 46 4 51 2 58 52 48 3 53 17 35 32 23 13 8 11 57 14 45 10 1 18 62 15 47 12 59 6 44 29 60 28 22 7 40 41 34 16 38 56 24 49 43 5 26 54 19 42 55 9 33 37 20 31 36 61 30 25 21
    15 42 59 9 5 31 43 52 26 1 4 25 32 58 2 20 53 55 56 30 23 57 48 17 40 49 13 62 44 51 37 6 8 7 46 12 19 60 47 28 61 22 34 24 50 36 45 18 11 38 33 35 39 41 14 27 10 21 3 54 29 16
    38 21 11 36 5 48 17 33 19 27 39 46 32 51 3 15 49 14 42 1 60 40 53 43 62 7 6 24 41 2 29 52 45 18 4 12 26 50 61 55 9 54 37 22 8 25 34 56 20 31 59 47 28 23 57 13 35 58 16 44 30 10
    30 53 33 3 27 21 9 24 60 36 16 8 6 15 29 46 31 62 22 5 58 4 37 25 14 55 54 41 52 18 12 40 1 2 45 50 20 42 44 48 11 19 47 35 38 39 32 26 23 7 59 13 10 34 17 56 28 49 43 61 57 51
    3 21 48 55 57 30 40 60 22 19 17 53 11 41 14 54 39 23 16 42 13 45 24 37 10 33 43 52 5 49 27 38 44 12 25 31 59 34 29 9 50 18 28 47 4 15 20 56 46 6 36 32 35 2 58 8 62 51 7 26 61 1
    22 44 40 16 56 12 9 50 4 30 13 23 49 45 55 24 2 15 58 39 52 43 62 28 54 5 53 46 51 19 57 7 48 37 47 26 8 60 32 21 61 3 38 59 25 35 36 10 42 31 14 18 41 27 1 29 11 17 6 33 20 34
    60 59 20 28 36 57 46 26 49 12 34 14 56 35 30 39 5 52 40 27 23 43 22 2 48 61 37 25 19 45 62 1 6 11 18 55 33 9 58 3 44 47 54 42 7 17 32 16 31 41 4 13 51 10 15 50 38 21 24 8 29 53
    16 35 17 52 45 4 11 59 10 1 46 8 36 60 39 41 37 40 28 57 2 13 29 42 18 58 23 53 12 19 6 31 30 27 61 49 3 22 14 34 62 21 56 9 25 20 15 47 54 51 43 32 33 48 7 38 50 5 44 26 24 55
    26 7 50 22 14 55 18 59 36 48 15 46 35 6 2 42 27 20 10 57 34 25 30 58 52 45 38 41 47 40 11 23 51 4 21 32 56 12 5 62 61 44 16 13 31 29 60 43 33 1 17 37 9 3 49 39 24 19 54 8 53 28
    25 48 19 30 53 61 4 47 35 29 62 45 17 23 21 40 31 43 51 8 34 24 28 58 26 12 18 7 32 1 39 11 15 20 22 42 27 54 59 9 16 2 55 44 57 37 5 60 38 6 41 36 52 33 13 56 46 50 3 49 10 14
    3 20 5 9 57 54 53 18 38 29 27 45 51 17 12 8 25 10 44 61 14 62 39 46 6 43 11 49 34 59 32 13 4 48 22 30 31 60 33 21 16 37 1 24 23 35 47 41 36 58 28 19 40 55 56 2 50 7 42 26 52 15
    22 41 5 19 6 54 4 3 12 45 37 34 14 32 28 57 25 59 8 62 29 26 58 20 2 17 51 10 9 43 33 18 13 42 15 53 7 35 21 40 31 48 60 27 30 39 55 1 56 44 23 36 24 47 46 49 11 38 50 61 16 52
    5 8 34 9 48 25 1 30 41 22 39 51 46 21 11 42 35 18 60 32 23 47 12 62 7 57 40 10 53 17 4 28 38 24 6 43 2 54 36 33 44 29 52 49 59 19 50 20 45 31 13 58 61 55 37 27 56 16 14 26 3 15
    22 60 39 53 21 51 52 34 62 40 1 38 29 13 11 31 14 17 28 16 43 45 42 61 7 12 2 41 44 8 35 33 49 37 36 32 9 56 47 15 5 46 4 10 48 20 54 18 3 50 24 19 27 23 57 26 30 25 6 59 58 55
    47 61 25 55 11 35 46 49 57 52 32 48 56 1 12 18 40 62 4 22 58 53 24 39 43 23 19 37 38 60 21 8 33 51 31 30 17 2 29 15 44 36 10 34 20 14 45 42 27 16 5 6 41 13 7 59 50 9 26 3 28 54
    52 55 32 38 53 61 21 57 27 33 46 49 41 7 35 14 26 29 3 43 58 19 24 23 44 4 54 8 5 60 25 1 40 18 45 34 31 9 50 48 2 36 11 20 22 56 30 39 59 16 37 42 28 47 6 10 15 17 51 13 62 12
    10 47 8 45 21 39 23 18 37 32 41 57 20 44 6 27 7 5 28 58 55 4 38 43 49 48 60 46 30 9 16 36 25 61 50 56 59 11 29 52 26 34 35 13 53 14 3 42 51 24 40 19 2 31 17 15 1 54 33 22 62 12
    43 20 3 46 11 52 21 39 9 38 44 40 31 50 10 22 13 25 34 26 56 58 36 4 27 30 51 17 6 7 49 62 5 41 61 29 54 15 28 35 8 45 18 47 2 48 12 57 19 23 14 55 24 16 33 59 37 53 32 1 42 60
    34 25 3 11 15 9 33 6 32 22 52 31 56 35 37 40 45 14 44 27 12 51 2 26 1 13 50 58 59 19 61 43 57 54 42 8 30 29 53 7 47 4 55 24 36 38 48 10 5 28 20 41 17 46 21 62 49 60 16 18 39 23
    41 28 35 53 47 45 8 57 55 61 58 34 23 32 39 38 4 42 27 60 29 24 49 1 56 59 16 22 2 30 62 48 6 36 25 14 51 20 5 31 15 46 21 18 52 11 12 33 37 13 54 10 26 7 43 3 17 50 9 19 40 44
    12 56 3 7 45 4 40 33 51 18 32 41 22 20 55 29 13 19 61 60 48 10 15 28 62 24 14 39 59 42 57 36 8 50 1 2 44 43 9 23 5 30 49 37 53 6 17 11 31 58 16 34 54 25 47 35 27 26 52 38 21 46
    44 29 40 42 3 22 7 45 23 51 9 24 13 46 47 56 32 11 16 57 60 52 26 43 1 55 39 12 4 49 34 28 38 18 53 54 10 20 14 27 6 2 25 36 21 48 35 58 31 17 41 5 8 19 15 62 37 61 30 33 59 50
    14 39 55 50 42 32 12 60 47 56 9 62 17 7 18 5 41 31 30 59 28 61 54 2 24 43 29 44 8 16 3 1 48 27 35 10 46 22 45 57 52 15 34 40 49 20 33 6 51 11 21 25 19 13 58 4 37 53 23 38 36 26
    11 14 42 49 2 43 45 57 22 23 25 59 61 46 52 58 47 36 19 56 35 20 54 60 44 4 38 48 37 53 62 6 26 3 30 33 27 34 7 16 21 40 41 13 29 15 50 10 17 24 28 9 18 1 8 32 12 55 39 5 51 31
    23 26 57 4 34 31 14 18 44 48 1 10 52 29 55 46 12 36 19 58 43 49 61 2 25 42 9 56 6 32 28 35 7 50 8 62 54 16 51 45 17 11 30 37 3 27 33 60 21 53 41 24 47 38 15 13 22 59 40 20 5 39
    57 24 3 16 10 49 28 12 29 20 34 22 45 51 35 39 50 17 7 36 62 44 25 60 15 33 9 14 47 23 38 59 21 31 11 46 2 32 61 37 53 40 30 5 13 42 27 58 8 4 6 19 48 1 52 56 18 26 43 55 41 54
    8 21 44 57 15 7 27 31 36 4 11 50 33 39 23 29 42 3 59 34 26 20 1 13 61 37 60 49 38 28 5 10 55 48 24 25 40 32 16 41 58 52 51 46 35 14 9 47 19 17 45 22 54 53 43 2 18 56 62 12 30 6
    50 2 39 26 25 37 52 32 48 41 40 5 53 17 15 12 21 46 35 3 30 44 16 49 38 54 59 42 20 23 51 6 22 7 55 24 8 34 31 10 27 1 19 36 4 18 62 56 58 14 43 28 9 11 33 45 13 60 47 57 61 29
    35 8 41 40 57 10 25 30 34 51 39 44 16 37 15 17 38 43 9 19 2 45 61 42 32 23 6 33 48 46 24 21 20 7 4 47 18 50 5 29 12 58 49 62 55 59 22 54 60 53 14 3 11 13 56 31 26 28 52 1 27 36
    45 48 5 8 39 61 32 42 3 62 55 12 41 56 40 44 35 47 15 14 46 36 50 25 13 29 60 17 11 24 21 31 51 10 27 57 23 26 34 1 7 58 59 18 4 28 9 43 20 16 33 52 6 54 19 49 30 22 2 53 38 37
    57 2 10 44 46 31 30 38 43 19 28 47 50 37 22 49 20 4 45 41 16 6 13 1 33 42 58 61 55 21 7 39 48 59 26 40 29 51 34 15 24 11 60 9 36 14 27 56 17 5 62 54 35 12 3 18 25 23 53 52 8 32
    41 46 34 37 16 58 56 62 38 10 47 29 25 24 5 28 7 32 11 8 43 17 53 55 3 14 6 18 51 60 40 19 50 21 12 59 2 20 26 39 15 22 27 35 42 44 45 23 54 9 52 30 49 31 4 13 48 57 36 33 1 61
    57 8 47 56 48 35 43 1 34 21 23 12 10 31 20 58 50 25 33 39 37 41 59 62 40 51 29 36 16 17 32 30 45 60 49 24 54 6 15 2 28 61 7 5 19 52 42 53 18 22 11 14 4 3 44 9 13 38 46 27 55 26
    23 41 9 51 18 31 25 1 2 60 47 50 17 57 36 16 26 12 53 40 32 34 5 48 6 42 13 62 3 15 19 4 45 10 49 21 46 43 8 24 33 61 28 38 30 35 20 39 44 59 54 11 14 7 56 22 52 58 29 37 27 55
    45 3 42 54 26 7 51 43 8 38 19 50 29 52 28 16 57 46 55 18 27 56 48 11 33 21 53 58 40 34 30 59 2 47 31 5 24 9 25 14 44 12 20 62 37 4 17 41 23 10 39 36 32 1 60 13 49 35 15 22 6 61
    56 6 26 40 57 15 35 24 43 47 36 60 61 16 32 52 4 5 3 45 1 12 23 31 25 20 30 41 18 39 49 22 27 54 29 51 42 28 37 21 48 10 14 13 38 50 8 46 58 55 2 11 53 7 62 19 59 9 34 44 33 17
    29 3 44 42 37 18 55 14 40 4 26 19 12 57 60 51 30 1 62 54 17 25 9 8 38 16 22 31 49 36 46 35 53 52 21 50 2 28 7 32 61 59 23 20 41 13 48 6 39 43 56 34 24 47 11 58 33 15 5 10 27 45
    24 8 60 5 33 57 40 30 10 52 27 41 39 29 2 11 16 19 26 36 18 43 47 37 42 14 17 15 4 28 49 6 51 21 34 1 54 31 55 12 13 3 9 20 45 50 23 46 44 58 61 59 38 48 53 7 35 32 22 25 62 56
    35 60 37 24 14 7 17 50 1 49 8 9 32 27 23 42 22 3 53 21 29 30 10 61 59 33 13 15 31 16 55 54 5 25 51 39 62 34 44 2 58 43 4 18 41 6 26 19 56 45 28 47 48 12 57 40 52 11 38 36 20 46
    55 7 50 58 60 18 40 27 56 36 41 6 10 22 39 34 38 16 9 20 30 32 12 26 57 31 53 52 59 43 47 25 29 4 33 45 48 1 44 2 35 51 42 19 13 62 5 23 54 3 14 11 37 8 17 15 21 61 49 46 24 28
    18 9 37 40 15 6 52 11 8 12 50 44 57 38 35 19 39 3 27 45 13 56 47 32 51 30 29 10 49 25 23 14 16 61 31 7 55 20 22 26 24 2 4 28 54 60 46 53 41 36 5 17 34 62 59 42 58 43 48 1 21 33
    9 19 60 41 30 59 48 10 21 56 16 8 55 25 61 6 36 20 29 57 35 43 11 33 24 42 58 32 22 39 51 18 47 34 38 44 28 3 53 5 27 62 54 37 49 13 14 26 50 40 7 17 23 4 31 46 2 12 1 52 45 15
    27 6 37 29 49 51 24 26 59 61 4 39 55 10 62 8 52 42 13 21 44 5 46 48 36 60 28 15 56 16 23 41 7 31 32 19 18 53 57 45 1 58 25 30 12 40 2 17 3 50 35 54 34 47 38 11 22 9 33 14 20 43

