63

    4 16 12 46 39 52 42 45 8 21 47 62 32 59 31 57 9 29 1 22 51 23 56 30 25 40 44 53 61 58 11 14 17 5 55 24 38 27 36 50 43 20 26 10 28 37 34 54 6 49 19 60 48 33 2 35 15 18 3 41 13 7 63
    20 12 8 13 58 26 43 60 17 49 1 23 54 11 9 42 44 47 19 53 25 30 46 62 21 29 6 38 32 28 59 10 63 50 35 15 18 5 39 24 56 57 40 45 41 33 31 4 14 36 22 37 27 7 61 3 52 48 2 34 55 16 51
    8 36 28 4 33 15 61 49 55 2 17 52 39 5 48 44 27 32 43 45 47 57 20 60 23 29 21 46 40 50 12 7 16 59 6 58 41 18 63 19 10 25 22 53 24 38 30 3 62 54 11 42 34 31 37 1 26 14 9 51 35 13 56
    47 61 14 6 48 24 53 35 50 54 2 15 13 28 49 9 30 34 32 8 11 3 39 58 42 40 41 57 56 17 16 33 36 4 18 43 10 23 51 46 60 5 19 62 20 59 31 63 44 37 52 27 25 21 1 55 22 38 26 45 7 12 29
    19 55 1 4 30 60 50 61 49 17 48 6 32 47 46 29 37 40 58 25 20 53 41 5 35 62 51 13 2 21 59 22 28 7 34 9 23 14 8 24 27 36 10 54 33 56 57 18 45 3 42 52 43 16 39 38 44 31 26 63 11 12 15
    36 47 25 46 59 43 40 45 44 49 51 18 55 33 19 10 35 26 52 38 39 28 6 3 50 29 31 34 61 5 54 60 62 58 27 21 11 57 12 32 53 48 20 41 42 30 13 7 17 63 1 23 4 9 37 24 2 22 14 15 8 56 16
    10 23 51 47 43 24 3 48 11 61 9 20 14 54 15 31 41 42 29 5 2 58 12 50 40 33 27 21 13 56 1 25 17 63 52 36 37 45 57 8 34 4 19 32 39 53 62 22 35 44 16 60 49 18 30 59 6 38 55 7 26 28 46
    31 58 21 30 46 49 16 40 8 41 61 23 42 29 35 4 52 57 10 26 60 51 18 11 20 1 47 62 22 15 45 55 54 28 5 53 32 56 17 37 13 25 27 39 34 33 6 50 44 38 19 9 36 24 43 12 59 14 7 2 48 63 3
    43 33 29 9 50 15 58 16 47 10 41 40 23 30 25 52 51 42 44 28 2 22 8 45 18 62 48 59 20 35 5 7 57 32 34 12 39 56 3 46 14 63 27 38 55 24 19 4 17 26 1 11 60 54 6 53 37 21 61 36 31 13 49
    38 1 19 62 32 28 20 21 63 41 26 57 46 8 30 7 24 18 53 23 52 33 45 6 54 50 14 10 60 27 15 29 11 61 40 16 17 36 56 31 51 34 5 12 25 3 58 43 49 37 44 4 13 59 35 42 47 48 39 55 2 9 22
    27 10 3 52 56 2 14 63 57 12 60 23 7 5 17 24 50 1 54 49 48 18 55 38 46 28 16 43 15 47 44 4 22 29 45 8 11 62 33 40 41 39 59 34 37 36 58 25 26 20 30 35 31 13 19 53 6 51 21 9 32 61 42
    2 57 6 44 34 43 27 49 4 1 19 10 46 9 17 50 18 56 5 47 54 45 62 63 7 31 20 55 3 24 61 53 52 40 58 22 41 13 11 39 26 60 28 38 42 25 59 12 36 30 14 51 33 23 48 29 37 32 35 8 16 15 21
    46 63 47 3 1 6 12 8 44 18 48 39 43 61 15 28 17 36 56 50 7 2 11 23 42 22 55 10 24 26 14 5 53 35 30 29 13 54 20 62 9 40 37 34 45 16 33 38 21 32 49 59 27 25 57 19 52 60 58 4 41 51 31
    17 30 5 36 53 3 63 55 40 56 27 22 61 57 13 24 16 18 58 50 21 60 6 41 52 29 28 45 8 46 4 25 11 47 51 1 54 19 9 20 7 39 48 42 49 2 15 10 12 43 31 38 26 37 23 14 35 62 32 44 34 59 33
    12 11 19 55 35 50 59 29 38 52 1 46 8 3 21 53 22 27 5 39 58 13 49 15 48 6 26 24 45 2 60 44 31 34 41 14 43 63 57 56 4 51 9 17 32 37 40 33 7 30 18 47 23 25 16 62 10 36 42 28 54 20 61
    59 9 20 49 53 35 46 16 5 34 27 6 4 50 63 15 1 19 30 56 14 32 28 43 40 11 25 12 61 44 39 58 29 57 3 23 17 13 33 24 8 48 45 60 52 37 42 2 22 36 18 26 47 10 38 55 41 21 51 54 7 31 62
    29 58 7 41 62 53 15 33 49 11 39 26 24 52 37 17 30 63 60 5 61 20 45 48 8 21 55 13 38 9 6 34 54 36 27 43 25 3 14 51 40 2 50 46 18 44 35 32 22 1 10 23 57 56 59 42 12 47 28 19 31 16 4
    41 23 22 58 1 39 47 3 34 46 7 32 48 19 9 38 45 31 63 54 18 53 37 40 61 17 13 16 35 14 12 21 27 15 2 28 30 59 43 49 62 29 42 51 25 6 55 4 57 52 26 8 60 5 36 10 24 20 56 44 11 33 50
    48 11 43 35 28 13 34 1 62 57 12 52 33 55 22 61 18 3 2 45 46 31 53 51 5 30 44 15 58 50 59 63 29 26 17 8 6 25 19 14 39 20 21 38 49 47 56 23 40 60 16 4 54 27 32 36 10 37 24 41 7 9 42
    2 28 47 40 57 13 44 17 14 12 7 21 41 48 49 6 55 20 9 32 22 53 26 10 24 50 52 18 46 1 54 31 45 8 59 36 29 25 23 27 35 19 42 33 4 61 16 34 63 43 15 5 51 56 11 62 30 58 39 37 60 38 3
    27 7 34 35 19 2 43 30 29 6 1 18 33 21 4 15 56 51 25 8 46 13 44 53 58 62 39 37 45 60 31 3 26 28 52 23 38 10 61 55 14 40 48 5 22 63 41 32 42 47 36 59 20 11 54 17 24 16 12 9 49 50 57
    14 8 11 5 13 42 52 46 33 12 43 58 57 34 9 40 29 62 1 18 30 24 61 19 39 7 15 28 36 54 2 47 51 27 16 22 6 56 25 31 45 21 10 17 35 49 26 3 59 23 4 63 37 41 44 60 38 48 50 55 53 20 32
    42 28 21 41 19 18 10 14 16 40 38 57 63 24 50 36 26 15 22 20 29 12 30 47 39 4 37 53 61 1 59 54 6 58 23 33 8 35 34 52 32 17 5 27 49 2 55 7 62 9 31 48 45 44 60 11 43 3 56 25 46 13 51
    1 42 24 5 37 63 30 44 17 16 38 55 48 60 62 22 20 54 23 14 29 26 27 3 6 12 61 8 7 46 43 19 57 35 32 2 49 9 59 36 15 47 50 53 40 56 39 11 31 13 18 4 33 10 28 52 41 45 25 51 58 21 34
    43 39 38 21 30 24 60 18 45 63 44 54 12 36 8 19 28 23 31 25 47 15 16 55 62 33 13 11 4 32 61 26 20 1 3 29 40 14 34 41 48 53 51 10 49 27 42 57 22 7 52 37 5 58 35 17 56 9 50 46 59 6 2
    32 44 60 38 53 6 42 13 46 1 23 8 20 48 9 40 22 45 63 36 27 25 62 16 61 33 24 28 37 15 52 56 34 51 14 5 10 18 12 54 43 29 11 21 26 59 4 50 17 31 41 35 39 55 49 19 3 30 47 57 2 58 7
    29 12 45 2 41 9 26 20 53 58 16 35 11 4 5 17 47 32 3 52 18 28 31 55 15 34 1 54 36 10 23 46 42 63 25 7 59 8 24 57 51 43 21 40 50 38 61 13 27 30 6 22 49 33 56 48 39 37 44 62 14 60 19
    49 42 33 5 22 2 24 27 43 11 41 29 15 28 26 62 54 12 51 60 31 61 58 56 21 4 20 48 30 38 8 14 3 23 1 57 19 17 44 9 25 10 47 55 32 13 37 6 34 16 39 52 36 59 53 40 35 7 50 46 63 18 45
    31 58 62 12 6 14 55 49 32 30 15 56 1 57 54 26 37 13 46 17 36 21 16 20 52 28 11 47 22 8 33 23 24 40 41 53 51 25 27 9 29 50 34 7 4 3 48 59 60 2 39 38 43 35 10 42 63 45 18 19 61 5 44
    37 27 17 23 47 55 63 24 25 43 56 31 19 44 34 32 49 8 42 38 28 22 52 57 45 12 51 29 13 33 53 39 58 6 30 7 5 15 4 50 9 10 20 36 18 1 48 61 21 46 41 54 11 60 35 2 26 14 16 59 62 3 40
    55 54 39 59 51 12 41 24 11 22 52 38 20 44 48 10 2 36 1 31 56 61 14 15 16 62 26 60 34 5 8 29 17 21 53 30 37 47 49 63 32 13 43 25 6 58 28 19 18 3 4 42 45 46 7 57 50 40 33 9 27 23 35
    7 37 46 58 29 42 39 59 3 40 12 57 30 41 4 32 24 26 49 60 15 23 1 38 18 45 20 19 27 55 56 25 14 22 44 51 61 6 47 62 21 17 10 2 52 53 11 54 35 36 8 13 43 48 34 33 63 28 50 16 31 5 9
    58 41 35 53 4 14 54 9 39 17 61 21 20 43 38 44 31 62 24 8 42 40 3 6 47 63 33 52 1 56 7 18 48 2 26 25 50 49 30 46 45 12 36 27 23 29 55 10 11 37 51 16 19 5 28 13 34 32 57 59 15 22 60
    1 14 27 34 15 45 56 29 58 35 31 18 47 53 11 4 32 50 42 28 48 57 63 52 40 54 46 39 61 6 17 7 25 12 3 41 33 24 5 44 55 37 20 9 19 49 13 51 62 2 26 22 36 8 16 30 59 10 60 23 38 21 43
    31 18 39 7 20 10 42 29 2 60 19 23 53 52 14 35 33 13 56 40 32 44 12 51 9 54 4 5 25 49 55 34 26 43 3 50 41 61 37 16 48 21 28 6 36 46 11 45 47 63 15 17 8 30 38 62 27 24 58 22 1 59 57
    2 32 35 40 31 12 39 22 6 48 50 52 58 43 16 33 15 59 4 17 46 26 62 3 41 30 11 13 5 14 49 47 1 61 57 45 21 18 44 55 42 9 63 28 23 24 51 27 34 36 37 56 38 10 53 29 60 19 54 7 25 8 20
    38 34 41 58 49 55 32 16 63 17 36 45 23 22 6 19 61 56 5 18 35 31 20 47 46 9 33 50 60 11 28 44 53 62 59 30 39 15 27 14 2 42 8 40 29 7 12 57 25 4 54 26 3 21 48 13 37 24 51 1 43 52 10
    47 37 35 17 38 30 43 23 59 4 41 19 44 46 3 10 16 36 7 58 24 14 11 62 49 57 60 9 1 61 51 25 52 13 26 33 20 18 32 29 28 39 34 45 40 55 27 54 31 48 56 21 53 50 63 15 22 6 12 5 8 42 2
    4 40 27 52 45 51 21 25 54 63 18 15 29 23 14 46 35 33 58 7 38 10 8 39 26 56 19 20 12 50 32 2 22 36 41 44 43 49 57 61 34 16 28 62 30 3 9 11 37 42 1 6 17 48 13 60 5 55 59 47 31 24 53
    54 31 28 30 8 17 58 33 35 12 10 19 3 60 5 62 2 6 18 16 41 25 13 63 43 57 46 47 21 56 1 26 51 7 59 20 44 11 61 55 40 36 34 48 29 22 15 39 45 24 4 32 50 9 37 27 38 53 14 52 49 23 42
    32 6 16 63 1 28 46 55 48 47 62 11 51 3 50 31 35 4 19 9 58 14 40 25 8 22 42 12 10 33 44 18 15 38 37 26 20 24 56 34 61 54 30 23 2 59 60 53 41 39 27 49 13 45 5 29 7 36 43 17 21 52 57
    35 1 39 43 34 7 50 60 17 11 22 36 38 13 46 33 48 8 19 20 54 57 21 62 5 32 41 31 42 23 55 30 25 28 51 52 40 9 3 56 53 27 14 24 16 45 2 44 6 15 58 4 59 29 10 61 18 12 63 49 26 37 47
    27 16 13 28 36 29 37 21 56 48 30 10 35 61 6 20 57 62 31 4 58 63 14 46 23 54 55 44 2 45 22 18 17 12 32 39 15 49 33 52 42 7 43 60 50 26 5 53 8 38 25 19 24 11 51 41 1 59 34 9 47 40 3
    40 41 37 27 11 59 19 47 61 38 2 4 49 55 23 62 57 20 48 33 26 14 36 9 8 28 44 42 29 56 18 21 5 43 30 54 15 60 22 12 24 39 63 45 25 13 58 6 52 34 50 10 1 17 3 46 31 7 32 53 35 16 51
    38 1 62 25 42 6 20 55 15 4 60 19 12 34 18 59 8 29 10 17 44 37 21 2 35 57 41 7 30 22 49 16 61 28 39 13 24 32 33 40 50 11 53 58 5 63 23 36 43 52 9 46 45 47 56 26 54 31 27 48 51 14 3
    14 56 12 48 2 31 47 7 38 46 15 51 10 54 23 8 6 37 61 26 28 27 40 16 17 44 50 21 45 59 18 62 43 1 4 22 24 39 3 60 42 63 20 32 57 19 33 36 52 30 49 41 11 55 9 53 25 13 35 34 5 29 58
    48 17 40 27 53 36 1 61 5 22 32 46 39 44 42 19 54 16 15 31 14 29 49 20 63 25 60 41 21 35 8 2 24 9 34 43 28 62 4 57 52 10 6 3 45 12 51 33 11 38 50 26 23 55 13 37 18 59 47 7 30 58 56
    34 30 45 59 20 10 41 13 31 37 24 44 61 4 2 54 1 50 46 3 9 35 40 62 43 5 47 60 6 33 56 22 53 48 12 21 51 36 27 52 38 57 14 23 18 58 39 17 28 49 55 16 25 32 29 15 42 11 19 26 63 8 7
    31 49 9 60 21 24 59 42 23 2 50 43 54 53 18 32 14 48 62 16 37 10 4 28 51 6 30 13 61 45 47 20 19 38 39 63 17 52 33 1 22 58 40 25 3 7 12 11 55 41 56 35 44 8 36 46 27 57 34 29 26 5 15
    4 48 38 29 39 51 44 59 24 15 13 8 3 53 17 11 20 55 61 32 22 21 43 62 49 41 52 33 26 25 5 6 46 27 9 42 14 60 1 34 31 28 47 30 45 7 63 35 50 23 37 54 19 12 10 57 58 16 18 40 56 36 2
    7 40 54 52 2 22 5 37 8 57 47 39 59 43 53 44 30 48 24 34 61 58 14 38 28 56 50 3 45 19 25 63 26 36 10 4 46 11 51 33 32 60 31 41 42 55 49 62 20 1 29 21 17 18 15 9 12 35 23 6 16 13 27
    26 62 30 47 19 10 46 33 41 56 63 34 45 59 39 52 5 4 55 29 61 9 35 37 48 7 28 1 8 14 20 13 36 12 60 57 18 23 17 32 40 43 24 31 51 2 27 54 22 25 53 15 58 50 3 38 6 16 11 21 42 49 44
    1 45 35 14 44 22 15 52 46 38 39 19 54 18 47 51 26 43 29 27 41 17 55 12 21 36 7 11 50 23 6 9 40 59 24 2 58 13 60 56 48 42 5 28 63 34 31 4 33 49 10 30 62 37 53 16 25 8 32 20 3 61 57
    18 2 16 4 27 30 49 40 39 51 34 62 44 63 15 1 45 35 58 21 33 57 43 41 11 37 60 61 48 25 56 17 53 9 3 6 26 52 5 47 20 14 54 32 55 29 10 31 19 23 22 50 59 36 38 12 46 13 42 28 7 8 24
    20 34 36 26 1 3 46 33 58 21 10 24 54 37 12 45 11 29 40 42 44 47 38 28 56 57 23 22 13 50 25 30 49 53 17 60 7 55 48 16 32 2 39 19 62 59 31 52 9 61 15 18 8 63 27 5 43 14 41 51 4 35 6
    33 43 3 63 57 39 35 26 52 16 37 30 46 34 54 20 44 7 55 9 13 50 56 15 23 29 2 14 38 41 12 27 48 21 40 1 53 10 8 60 28 62 19 22 51 24 6 59 25 58 31 4 5 36 18 11 49 17 45 32 61 42 47
    25 14 40 43 39 37 7 22 45 63 35 49 4 62 6 48 5 24 21 17 9 13 28 58 60 20 42 57 36 18 2 34 8 33 47 12 38 30 53 44 32 52 3 61 46 51 50 54 10 41 56 29 26 16 11 27 31 15 1 59 19 55 23
    1 54 33 5 55 47 27 41 21 16 52 3 57 48 11 63 45 39 24 4 51 59 44 46 38 14 13 56 31 29 49 58 60 8 62 43 34 42 32 50 36 53 7 30 18 20 37 15 19 23 61 17 10 35 12 25 28 9 2 26 6 40 22
    14 53 50 32 34 39 49 43 3 24 55 40 17 12 19 2 28 13 25 41 31 52 60 62 11 4 5 57 26 9 23 29 22 35 63 33 15 58 30 8 61 38 21 18 51 44 7 27 59 56 10 6 48 20 1 36 37 42 45 46 54 16 47
    15 30 60 38 12 62 53 48 11 54 8 34 22 24 41 56 1 42 35 45 20 51 52 6 9 43 21 28 3 10 55 27 4 26 33 36 47 17 37 40 29 59 44 14 5 39 18 63 46 23 58 57 2 16 32 49 61 25 13 7 19 31 50
    17 49 37 8 26 7 29 22 47 13 33 56 41 43 39 30 42 50 4 32 5 40 27 28 38 20 48 61 44 11 36 60 59 24 31 25 34 9 54 52 16 21 2 53 15 12 55 19 6 18 3 1 46 62 58 14 63 23 57 51 45 10 35
    16 19 57 21 4 44 55 11 53 52 46 45 54 9 20 63 24 15 25 3 17 36 41 51 2 22 42 12 56 31 29 58 48 34 35 37 50 13 32 23 28 40 8 43 47 18 62 61 60 59 6 30 27 38 49 10 7 14 1 5 33 26 39
    8 58 52 42 2 41 21 57 37 60 61 53 16 56 27 40 5 59 17 25 20 9 30 11 4 12 47 15 44 10 1 54 36 31 13 19 63 32 51 35 49 3 6 45 7 23 18 28 34 26 14 62 22 29 24 43 46 33 55 38 48 50 39
    21 54 59 4 13 6 12 11 26 20 1 35 58 10 25 3 63 39 38 30 62 29 40 24 61 17 31 50 16 15 28 37 56 22 19 34 44 33 32 27 48 60 49 51 57 2 42 5 47 43 23 14 46 18 8 41 7 45 9 52 55 53 36
    8 23 12 16 4 37 25 42 46 22 44 56 32 27 54 6 2 61 59 18 13 28 29 33 60 53 51 45 20 63 7 43 58 48 31 5 52 21 30 50 62 41 3 24 11 35 49 36 9 34 38 40 57 1 19 47 10 15 55 14 17 26 39
    16 7 27 46 29 23 48 32 50 3 43 47 14 38 45 34 15 62 9 33 52 11 53 4 61 24 6 40 19 49 26 20 41 12 22 10 13 18 1 36 54 5 56 28 58 55 2 21 30 37 57 42 59 17 35 60 51 44 8 25 31 39 63
    50 35 47 26 63 40 10 23 43 34 45 20 42 11 61 19 36 37 21 56 54 3 6 1 32 28 13 38 5 44 39 33 14 46 8 58 53 17 59 57 27 22 49 15 18 7 31 62 4 29 60 24 41 48 25 30 9 51 12 2 16 52 55
    61 47 34 25 5 21 3 33 28 22 31 43 20 39 36 32 40 54 55 14 42 53 50 2 16 7 59 23 17 13 48 38 10 30 8 49 18 44 1 12 51 56 15 62 41 60 19 11 46 58 52 26 27 63 37 6 45 57 4 9 29 35 24
    57 42 6 20 37 48 45 14 1 51 62 58 23 11 22 54 49 8 36 29 2 43 30 32 38 59 27 28 5 56 55 40 3 12 39 26 41 25 46 10 50 47 35 7 53 13 52 15 44 24 31 61 4 19 18 60 21 34 9 17 16 33 63
    22 59 8 19 2 57 14 13 63 6 9 24 50 23 48 31 36 35 20 26 3 53 44 34 17 28 18 11 43 16 33 25 39 40 29 5 52 21 37 27 56 49 15 30 45 61 58 47 10 12 38 1 54 42 55 41 32 62 60 46 51 7 4
    3 1 41 58 30 13 36 25 53 55 44 11 31 32 14 45 5 47 34 18 54 48 17 10 57 40 52 49 24 16 37 2 43 26 29 27 22 7 12 56 61 19 35 59 60 42 50 9 23 63 39 38 21 20 46 8 28 4 15 62 33 6 51
    49 10 8 36 35 33 6 30 14 26 57 53 52 19 7 51 47 16 41 63 20 60 42 2 17 43 4 38 3 54 32 28 50 27 21 22 34 39 44 59 11 31 61 62 9 40 55 13 15 46 24 45 58 12 29 18 5 37 1 23 25 56 48
    6 59 39 42 32 10 38 41 30 25 15 57 14 17 36 35 53 19 18 60 27 58 11 21 4 3 51 55 16 7 43 20 31 48 13 28 40 22 26 63 2 23 12 44 5 45 1 34 8 9 54 37 52 56 46 29 24 33 47 62 49 50 61
    28 30 18 26 22 3 12 33 40 34 13 17 54 55 56 27 2 11 10 43 53 38 32 42 61 16 23 36 7 5 4 14 31 63 9 19 20 35 37 6 39 57 58 45 59 51 46 47 1 21 62 8 49 41 52 25 44 50 29 15 24 60 48
    4 51 43 32 26 7 12 45 28 62 54 27 19 25 37 20 8 49 58 17 6 3 63 57 14 38 33 13 24 2 42 5 15 55 30 48 44 56 18 39 59 52 23 34 40 46 22 11 53 47 10 35 29 9 31 50 21 61 36 16 1 60 41
    62 15 24 30 26 55 19 44 16 39 37 29 25 23 57 48 51 4 60 61 20 63 21 12 8 14 38 35 17 41 59 18 6 7 43 42 10 3 11 32 50 1 54 53 36 31 13 5 52 58 49 47 27 9 2 33 45 28 22 56 46 34 40
    47 5 48 21 2 32 18 49 20 59 30 14 4 44 10 46 51 37 6 24 55 53 15 36 41 23 8 62 13 35 39 16 57 50 34 28 40 52 26 58 38 1 63 54 56 43 31 61 29 45 12 60 17 7 33 25 42 19 11 22 27 3 9
    32 38 42 8 23 53 56 41 62 25 29 15 7 11 1 24 36 4 22 55 46 39 63 45 12 30 47 59 48 40 5 51 33 50 16 18 57 3 52 61 17 27 9 6 37 20 43 60 14 21 31 49 44 35 58 10 19 13 54 34 2 26 28
    15 41 60 56 63 9 28 52 53 17 7 32 11 27 29 36 55 22 26 25 35 31 8 49 62 5 2 47 61 13 44 43 16 37 34 40 38 51 57 14 46 12 19 20 42 48 24 1 3 33 23 10 59 45 4 18 50 21 30 39 54 6 58
    3 8 33 38 12 35 5 11 61 47 29 37 40 13 57 46 60 53 44 62 31 7 59 34 51 43 16 54 24 22 23 41 45 19 9 63 15 1 10 50 36 30 58 28 20 4 26 14 42 21 2 48 25 27 6 39 32 49 55 56 52 17 18
    38 45 51 53 25 1 22 27 30 16 36 44 19 58 14 6 17 55 42 54 18 11 35 40 61 57 56 34 29 63 8 52 47 23 2 43 32 3 41 59 48 10 31 24 4 33 46 12 62 37 26 49 28 39 13 20 5 9 60 7 50 21 15
    38 58 59 49 42 27 28 63 12 20 31 24 53 40 61 1 47 19 34 11 44 35 51 46 52 50 15 9 48 29 6 14 57 7 37 62 56 54 26 2 18 36 41 23 5 8 25 45 21 13 55 39 3 30 60 43 32 16 10 22 4 33 17
    31 17 61 44 52 28 5 46 18 23 32 59 63 58 14 33 51 34 36 62 40 4 12 50 25 27 2 48 55 10 60 47 11 38 57 37 21 20 26 8 24 16 35 42 53 43 19 54 49 45 9 41 15 3 56 29 6 30 13 1 22 7 39
    32 55 3 43 13 8 27 36 20 28 54 35 5 7 41 33 23 38 15 45 12 50 4 52 53 44 1 51 48 59 29 60 26 24 11 14 19 16 42 57 61 34 56 31 40 10 58 49 18 46 22 2 9 25 47 39 30 17 21 62 37 6 63
    28 47 51 34 6 10 41 9 17 52 37 33 53 24 38 29 30 12 13 16 63 3 36 48 7 32 35 43 25 45 15 8 18 60 40 46 58 5 21 57 42 59 56 26 61 4 23 19 22 2 49 62 31 55 11 44 50 1 39 27 14 20 54
    12 40 13 22 16 8 1 35 23 53 7 11 41 26 19 15 27 3 49 51 42 50 31 30 24 10 6 25 39 20 43 38 9 28 2 45 37 61 54 52 46 5 17 21 62 33 56 60 58 47 34 18 14 59 29 36 48 4 44 57 63 55 32
    8 13 2 54 57 40 22 43 27 9 21 26 59 55 47 32 30 7 45 62 37 5 19 14 56 38 39 42 49 1 34 41 51 23 15 44 33 50 12 46 3 58 31 20 18 53 25 36 35 61 10 29 52 63 4 17 16 28 48 11 60 6 24
    28 6 8 10 61 17 45 47 4 32 26 43 19 23 63 21 52 46 20 38 37 22 3 51 62 50 58 44 33 1 30 34 55 13 7 12 29 35 31 16 24 18 39 49 56 36 2 40 14 48 42 5 25 41 27 11 9 57 60 59 54 53 15
    21 7 23 26 42 19 35 8 16 34 12 29 62 13 31 1 48 25 53 28 40 10 27 22 14 5 55 54 24 32 52 3 56 18 38 39 15 41 63 2 45 11 46 9 20 36 59 51 6 49 4 57 44 33 50 60 43 61 58 37 47 30 17
    46 18 55 44 30 26 41 15 40 17 37 23 58 62 45 14 9 34 4 31 49 33 59 13 53 25 7 2 56 63 19 27 35 8 52 28 10 16 50 11 39 47 48 54 3 6 42 51 21 1 5 36 38 22 12 61 32 57 60 29 43 20 24
    28 41 56 10 8 46 13 44 59 47 40 32 37 33 4 23 57 30 42 2 14 43 34 7 18 17 53 16 50 63 9 27 51 6 22 25 36 21 1 45 39 35 3 48 11 60 29 5 12 20 54 58 26 31 38 61 15 62 49 52 24 55 19
    6 12 31 32 42 1 9 3 27 21 44 57 56 63 51 55 36 43 48 4 7 49 61 50 34 16 33 29 28 38 14 2 37 62 18 54 26 20 24 13 35 60 30 59 39 47 8 11 40 53 58 15 46 45 19 41 52 5 25 23 22 17 10
    51 25 10 18 48 44 39 47 16 49 60 23 61 27 31 42 29 20 54 7 21 56 32 22 38 17 33 52 11 24 3 19 1 12 34 8 4 28 59 40 36 53 26 37 13 35 43 58 46 9 2 63 14 45 41 57 15 30 6 50 62 55 5
    36 52 20 11 17 22 41 42 2 5 61 63 38 57 59 26 29 51 9 55 39 16 56 45 1 21 4 46 31 37 19 62 32 50 44 34 27 48 25 3 49 6 24 23 60 33 18 15 40 54 14 47 58 10 28 7 30 12 43 8 53 13 35
    58 32 47 10 25 4 35 27 44 31 6 24 11 12 54 19 57 17 7 21 23 46 1 40 39 49 33 43 61 26 34 42 45 9 2 55 8 38 62 63 28 37 50 15 22 16 3 13 5 52 51 56 53 36 29 60 59 18 48 14 41 30 20
    16 5 60 46 10 26 61 24 63 14 34 31 25 41 23 43 42 22 8 21 47 49 37 3 27 62 17 35 38 4 11 20 48 59 9 15 53 33 13 36 56 39 58 2 50 6 18 30 44 32 57 1 51 55 54 12 19 45 40 7 52 29 28
    17 5 63 28 42 48 32 46 6 51 35 25 8 60 21 37 47 43 57 38 16 13 18 27 56 54 61 4 1 59 30 19 39 12 40 14 29 52 10 33 50 36 20 49 3 55 26 41 11 24 53 15 9 23 62 31 2 58 44 34 22 7 45
    10 41 11 20 3 47 15 43 5 63 26 37 6 62 35 13 34 32 24 18 40 55 21 61 54 30 36 38 12 60 1 57 59 48 27 14 25 39 44 8 31 16 51 7 28 53 22 56 52 9 42 58 19 50 29 4 49 45 33 46 2 17 23
    14 18 16 47 6 19 51 7 20 59 37 49 1 46 29 25 31 57 8 44 13 40 43 55 62 30 63 32 38 21 45 50 61 60 28 53 4 2 39 9 17 5 33 24 26 58 34 23 36 22 10 48 56 15 3 11 12 41 42 27 35 52 54
    1 18 3 31 56 36 54 52 29 45 9 61 26 6 7 2 5 17 23 10 60 55 43 49 53 19 30 4 46 40 41 63 15 33 37 48 14 34 44 13 27 59 16 57 20 58 62 8 32 28 42 35 22 50 38 25 11 21 39 24 51 12 47

