64

    48 8 55 28 54 4 47 34 21 14 36 20 38 16 39 7 31 15 44 58 9 50 43 5 53 35 19 42 29 24 37 64 61 41 59 63 25 33 18 6 2 3 23 57 46 12 26 13 10 22 30 27 49 52 45 60 17 51 40 56 1 62 11 32
    8 26 13 57 54 39 51 25 32 55 31 45 60 52 35 17 49 15 64 37 29 62 12 56 30 36 46 27 6 48 63 4 41 20 16 38 24 44 2 18 23 3 53 9 61 47 40 5 7 33 58 19 21 28 1 42 34 22 50 59 10 43 14 11
    10 59 27 56 34 38 62 36 58 37 48 14 50 33 19 52 6 9 12 60 28 16 23 5 20 17 2 1 32 55 4 21 41 51 49 24 15 22 25 54 53 43 29 31 30 42 61 7 44 64 11 18 47 63 26 8 13 46 3 35 39 40 57 45
    27 19 49 41 5 32 3 57 12 33 23 38 9 24 26 43 34 2 14 37 48 22 16 18 29 60 10 53 52 21 28 47 46 50 17 1 36 63 61 11 39 35 55 15 31 62 8 40 20 51 58 42 4 64 25 30 13 56 45 7 6 59 44 54
    64 27 49 22 54 30 11 3 44 43 60 23 59 63 61 16 46 9 15 17 47 21 29 53 56 62 55 26 32 52 1 31 2 37 12 20 33 48 4 10 5 57 13 25 19 38 18 34 24 41 39 7 58 50 6 51 36 8 35 42 40 45 14 28
    10 64 59 44 57 18 43 24 60 23 46 30 14 32 25 62 29 45 40 16 6 37 41 33 27 42 1 63 38 26 35 22 8 34 52 48 54 20 5 61 2 49 4 58 3 56 53 36 15 21 39 13 50 55 47 19 28 11 7 31 51 17 12 9
    56 12 3 45 30 17 52 21 24 60 8 15 20 58 59 14 23 28 38 53 37 39 54 41 33 64 32 19 49 29 44 48 2 18 55 16 10 51 42 22 43 31 61 7 46 4 26 47 9 57 62 27 13 1 36 5 50 63 25 40 11 35 34 6
    57 56 64 5 23 21 36 47 44 16 12 38 15 34 11 55 25 29 32 4 1 33 18 54 9 14 62 20 13 28 30 60 50 19 53 41 3 42 58 37 6 35 22 39 43 10 45 17 40 26 46 48 49 27 63 31 7 24 61 2 59 52 8 51
    43 13 10 46 8 32 30 53 6 64 63 47 7 51 33 40 48 14 50 28 2 60 54 59 55 49 21 19 61 31 17 1 18 12 24 25 15 57 58 41 38 23 37 26 42 56 36 3 22 11 52 4 45 34 29 35 39 27 16 5 9 20 62 44
    46 43 2 4 22 50 21 29 53 36 13 41 9 37 39 25 35 1 52 38 5 7 6 3 40 12 63 59 57 24 64 10 15 19 32 56 18 44 23 51 58 47 62 45 16 54 31 34 17 14 42 8 26 30 28 55 27 61 49 20 60 11 48 33
    46 23 4 19 21 16 14 64 58 18 48 7 55 56 53 45 29 27 32 17 52 36 5 60 6 25 1 12 49 63 9 50 38 28 37 31 61 44 43 24 26 8 3 22 62 34 59 10 20 11 2 54 57 51 33 42 13 35 39 40 15 30 41 47
    29 41 5 34 8 44 30 56 48 12 1 53 24 35 52 16 46 60 15 33 21 40 22 49 37 39 36 27 45 10 14 38 64 19 18 28 55 20 25 54 63 4 42 13 3 62 31 57 11 26 9 23 58 47 7 6 43 50 59 2 51 17 32 61
    17 46 31 35 23 8 47 59 11 28 60 50 51 57 30 36 1 10 24 42 26 14 55 6 41 29 12 40 61 52 19 7 43 27 34 62 5 45 33 53 22 9 4 58 13 49 54 15 20 44 64 63 48 32 56 2 25 16 39 38 21 37 18 3
    14 62 58 47 46 61 42 18 9 16 6 32 15 64 31 22 4 59 52 20 36 21 1 27 10 29 2 12 19 35 30 53 41 26 34 51 7 54 23 11 60 40 25 13 44 45 63 38 33 55 57 3 49 8 48 39 28 56 17 5 24 43 37 50
    27 39 59 18 46 22 3 10 16 5 23 17 32 60 31 11 19 42 36 49 40 45 9 47 38 4 1 48 26 64 28 25 15 62 44 8 14 54 12 24 20 13 7 29 53 2 43 34 56 6 63 30 50 52 35 55 21 58 41 37 51 61 57 33
    19 37 18 27 42 54 49 36 25 53 44 3 21 9 55 31 56 22 38 28 62 8 10 41 14 57 20 51 39 26 2 7 5 11 32 52 48 47 29 43 45 50 60 16 12 35 63 15 4 17 59 23 61 33 24 6 64 1 58 30 46 13 40 34
    10 46 36 53 16 37 47 1 62 64 31 51 17 21 40 43 50 38 41 35 2 23 44 7 52 13 60 63 3 25 24 30 6 45 15 12 56 8 14 5 19 22 28 33 32 42 20 9 55 4 27 11 39 18 34 26 29 58 57 59 49 54 48 61
    41 18 48 40 42 27 56 29 50 35 15 3 28 8 19 10 17 46 47 49 32 5 16 61 59 26 51 62 6 23 7 45 25 63 34 2 60 54 43 53 20 31 37 33 14 22 12 11 30 1 57 64 38 24 55 39 58 36 52 9 13 44 21 4
    5 10 9 51 25 47 12 58 52 28 45 11 61 14 48 15 37 59 56 34 62 55 40 18 22 39 7 44 21 29 20 49 36 63 60 4 35 6 33 27 64 32 8 23 41 26 19 38 42 24 17 50 43 31 46 54 16 53 13 57 2 1 3 30
    36 9 64 25 11 7 53 16 51 3 55 12 10 39 23 41 47 30 42 56 31 50 13 34 27 21 33 35 54 48 4 60 63 8 45 44 14 2 15 24 57 46 28 20 38 62 37 43 40 22 6 59 32 26 19 5 1 58 18 52 29 61 17 49
    19 21 27 22 23 29 18 16 63 28 53 41 46 55 60 39 62 10 40 58 45 7 5 13 11 32 35 42 14 9 8 6 48 30 26 43 56 24 49 57 2 4 61 33 34 20 3 25 50 44 31 54 51 64 12 36 38 37 17 15 47 59 52 1
    64 58 1 22 32 41 63 61 31 6 60 5 3 28 9 50 52 30 48 15 47 55 16 14 62 7 37 56 4 11 13 20 29 2 44 51 21 12 53 10 8 24 49 36 43 27 46 33 26 18 25 59 19 54 23 42 34 38 39 45 17 35 40 57
    21 35 2 20 36 39 11 13 19 25 9 15 64 52 51 8 43 45 47 57 32 48 50 38 16 44 60 12 22 58 46 42 29 17 31 28 27 63 26 56 41 33 1 55 30 23 37 59 61 3 4 62 14 6 49 40 54 53 18 34 10 24 7 5
    21 28 54 38 9 13 31 8 35 48 45 52 59 17 20 61 16 10 18 36 14 58 22 43 41 51 7 55 27 12 60 5 39 2 63 44 15 23 25 47 42 30 3 26 37 32 19 11 29 4 62 53 34 1 40 24 64 50 57 6 46 33 56 49
    49 59 37 28 22 23 10 16 57 60 25 61 43 55 56 18 1 2 8 26 45 9 53 34 31 4 44 19 12 51 30 40 41 11 17 15 29 14 58 42 3 39 38 20 24 33 21 7 13 54 64 46 63 5 50 32 36 27 52 47 48 62 35 6
    53 11 61 56 64 40 8 62 35 26 18 23 50 27 63 14 37 21 17 28 9 39 44 29 16 20 52 15 46 38 2 3 32 22 24 54 33 34 48 51 59 31 12 55 1 6 60 30 47 42 5 45 41 7 49 13 58 4 36 19 57 25 43 10
    14 64 33 16 2 44 6 20 24 35 26 19 61 21 1 55 39 17 48 46 22 32 53 10 9 38 7 34 63 51 11 43 36 59 25 28 18 54 45 23 57 40 27 15 49 12 4 58 31 50 30 52 3 8 60 47 62 56 41 42 29 5 37 13
    11 42 37 64 25 52 8 6 17 5 27 39 15 3 49 13 14 46 61 48 62 16 28 12 20 26 9 63 38 18 45 53 41 35 24 30 7 40 44 59 60 56 50 4 47 10 51 1 58 29 43 21 2 22 31 23 36 55 34 19 33 54 32 57
    60 18 15 38 9 59 30 19 58 10 47 35 26 12 11 5 22 64 32 4 20 61 24 41 39 51 8 62 33 45 27 56 50 16 29 23 28 48 44 31 13 37 6 2 52 55 7 46 54 40 63 14 49 57 34 36 43 25 17 53 1 42 3 21
    7 48 5 31 4 35 41 36 19 47 2 21 16 45 58 18 30 24 37 11 27 25 14 3 61 1 33 15 55 26 6 51 20 62 64 32 56 52 53 10 49 39 63 40 13 22 12 43 17 23 38 46 50 34 8 54 9 57 29 28 42 44 59 60
    39 30 3 27 15 51 24 6 36 64 61 35 20 57 28 7 23 52 13 40 62 43 25 53 32 48 9 49 42 33 41 29 34 54 22 8 14 17 56 19 59 37 10 18 58 38 12 50 1 46 31 2 5 63 55 45 11 60 44 4 26 21 47 16
    39 60 59 20 53 52 12 3 14 6 36 64 9 17 50 35 33 24 58 13 25 32 41 31 1 43 8 62 4 27 63 28 55 5 11 42 51 26 23 45 10 22 16 49 44 21 38 40 48 47 18 29 7 15 2 56 46 57 30 54 19 34 61 37
    46 52 34 8 37 49 43 50 64 20 33 1 10 27 4 62 28 18 55 7 21 23 3 6 19 60 41 22 44 51 14 30 57 16 11 36 59 45 17 25 39 53 58 2 61 40 32 35 26 13 56 38 5 47 42 29 24 48 63 12 15 9 31 54
    29 5 13 38 6 61 26 27 2 31 8 63 3 49 36 62 9 39 14 52 37 40 59 34 28 64 53 12 54 41 17 1 24 23 11 43 42 50 57 44 47 10 58 33 48 51 30 4 56 35 45 18 32 15 20 22 16 25 21 60 7 55 46 19
    43 63 58 14 51 8 36 16 33 27 47 34 32 29 35 19 5 64 30 62 10 37 3 50 46 38 6 31 42 22 13 25 49 4 59 17 20 2 40 54 57 7 52 39 44 41 15 60 26 45 56 48 1 21 53 18 28 61 23 55 11 9 12 24
    61 16 27 23 60 38 36 30 43 8 51 58 53 10 34 20 7 17 50 46 24 39 52 13 25 32 4 26 15 45 21 14 9 11 44 18 59 35 28 40 3 64 19 6 5 47 33 2 29 22 62 55 31 12 1 37 49 48 63 42 41 54 57 56
    20 55 36 5 38 19 39 48 17 37 10 61 59 23 24 32 12 18 6 14 53 22 60 34 51 30 49 2 28 52 54 21 26 29 3 45 35 43 11 40 64 16 8 41 4 33 50 27 62 7 63 31 9 25 44 47 57 42 1 13 58 56 15 46
    27 37 6 50 49 4 29 8 54 32 43 31 42 61 44 64 47 7 59 41 56 55 9 28 62 48 12 5 2 21 46 26 60 11 15 17 10 33 57 22 30 52 19 40 25 23 3 20 63 14 18 1 51 58 34 38 35 39 36 13 53 16 45 24
    41 35 19 45 31 24 15 51 14 32 42 61 8 36 63 1 53 48 52 55 40 27 20 30 64 49 54 9 21 37 23 46 59 38 56 16 39 34 6 33 12 10 25 18 58 11 22 50 47 29 13 4 17 7 62 43 57 28 26 60 44 2 5 3
    17 29 42 23 12 9 14 19 7 18 3 61 52 37 24 13 56 46 44 5 34 1 33 11 15 54 32 48 31 26 53 50 2 28 62 27 4 39 57 30 43 55 58 25 59 36 10 8 35 6 41 64 22 40 60 21 51 20 49 47 38 45 16 63
    10 8 57 44 23 37 13 3 5 39 20 19 41 52 14 22 62 42 30 12 45 24 53 7 56 9 38 29 15 46 27 25 16 47 48 35 28 51 6 32 40 2 55 33 59 54 49 50 63 17 26 36 31 21 18 1 34 4 61 58 60 64 43 11
    52 1 50 10 13 59 54 23 7 25 3 55 40 57 35 24 18 38 44 30 62 49 64 63 43 56 27 60 47 31 22 19 36 16 42 29 61 5 21 48 33 4 45 28 8 39 2 6 17 34 9 46 20 58 26 37 51 12 53 11 41 14 15 32
    59 37 44 20 23 21 8 17 42 2 5 13 45 12 56 43 63 9 54 25 62 22 47 19 60 16 15 48 35 41 29 18 57 36 27 30 24 14 34 64 4 58 55 52 40 1 51 6 7 49 46 38 3 28 11 61 32 33 39 53 50 26 10 31
    3 53 57 5 30 25 12 23 55 64 17 45 15 9 32 10 28 18 24 43 19 33 29 44 47 7 20 40 37 63 21 62 46 49 34 54 16 38 26 50 35 14 22 6 41 36 39 61 13 27 8 1 51 59 48 56 2 52 31 4 58 60 11 42
    23 53 48 6 19 8 41 44 34 43 14 30 7 51 38 24 59 49 4 60 50 20 64 27 2 26 61 9 29 13 62 22 58 47 39 36 46 54 33 3 40 37 11 57 28 16 56 25 18 42 45 63 1 21 12 5 17 10 52 55 32 15 35 31
    35 60 6 57 21 53 43 14 41 47 36 55 52 34 10 62 48 50 2 38 29 8 1 58 7 59 32 16 13 46 26 3 23 40 25 61 37 18 12 33 17 31 42 56 44 28 39 45 30 19 49 63 24 11 5 15 9 20 27 64 54 4 22 51
    53 36 35 51 1 5 22 18 25 20 12 48 9 2 15 39 24 23 43 62 45 10 32 38 7 19 56 6 37 13 8 33 46 63 17 14 4 3 21 44 28 47 54 34 41 64 27 31 57 26 40 59 52 11 16 50 58 61 49 60 30 42 55 29
    28 18 40 23 34 17 51 24 43 55 62 12 42 19 9 14 60 54 29 64 13 48 41 47 26 25 59 16 5 20 2 35 3 49 58 10 50 61 33 1 7 21 46 45 53 63 57 30 38 15 36 22 56 37 32 8 44 4 52 11 31 27 39 6
    60 18 25 56 2 49 41 46 59 58 26 12 51 50 16 19 43 21 24 63 36 14 40 7 30 10 48 22 53 64 44 52 4 32 13 27 11 6 15 34 8 45 31 5 35 42 61 54 3 55 39 20 37 57 47 28 9 29 1 17 33 38 23 62
    7 51 43 31 28 5 34 41 9 56 30 27 38 2 45 40 55 57 33 32 14 24 62 6 21 8 50 3 12 60 49 52 35 39 54 25 4 20 64 23 53 48 61 13 63 11 47 59 26 36 37 44 1 18 58 29 46 16 19 17 22 15 42 10
    16 59 20 30 46 44 50 35 26 3 62 25 17 4 54 12 38 37 42 32 40 19 31 8 64 9 6 48 55 41 2 47 39 57 13 21 14 27 29 23 52 53 58 11 34 5 15 24 10 18 51 45 28 43 56 61 33 63 22 1 7 49 36 60
    13 1 24 26 12 15 6 47 44 62 28 43 49 4 17 52 61 18 56 5 35 16 58 37 29 32 30 59 36 60 38 63 27 23 31 40 8 51 41 42 48 22 39 7 64 53 46 9 45 50 21 11 34 25 19 33 2 57 55 54 14 10 20 3
    32 24 5 22 49 46 9 19 59 17 37 11 33 56 23 48 18 62 44 53 10 20 16 15 25 28 57 30 31 64 29 36 6 38 7 42 2 47 43 26 58 21 1 40 50 39 14 45 63 41 52 60 8 13 34 55 35 54 12 51 4 27 61 3
    7 23 46 41 26 61 34 52 47 20 55 48 1 44 2 63 24 25 5 27 28 6 17 30 59 22 8 38 58 29 40 16 19 4 3 60 54 15 62 12 18 36 32 56 50 49 31 42 53 10 9 13 21 51 37 57 14 64 43 39 45 11 35 33
    17 19 50 15 46 40 58 1 5 61 9 3 59 14 48 33 45 64 25 55 23 43 13 42 60 28 34 24 20 49 26 47 56 39 63 51 18 44 37 36 21 54 32 38 53 7 52 2 35 6 12 10 30 22 16 8 31 29 27 11 41 57 4 62
    32 45 61 19 57 20 63 9 12 35 34 64 37 14 28 60 59 25 44 5 51 62 13 43 26 33 17 47 23 48 10 54 6 2 58 11 27 24 52 15 38 46 41 49 8 56 55 22 7 50 53 39 42 16 40 21 4 1 36 3 18 30 31 29
    28 56 47 24 54 33 22 60 4 34 40 58 9 44 10 38 53 15 2 43 30 1 13 35 55 32 18 17 62 3 41 31 26 49 61 11 21 6 48 45 57 16 12 39 46 63 19 27 37 51 42 50 25 59 29 64 36 8 5 14 20 52 23 7
    18 48 11 14 19 36 20 26 25 57 24 38 5 45 58 39 35 23 17 6 33 7 2 63 1 30 59 27 54 37 46 9 15 12 21 49 43 64 29 4 52 22 62 56 42 28 10 47 53 31 3 13 60 34 16 41 51 32 40 44 55 8 61 50
    4 15 62 23 56 20 16 11 48 39 6 52 34 19 1 51 53 32 7 25 63 24 61 28 35 12 50 37 64 5 42 2 44 30 22 21 57 8 60 46 14 41 9 55 3 58 26 47 40 59 13 54 29 38 36 49 10 18 45 27 31 43 33 17
    64 61 33 3 42 34 62 25 20 1 58 22 36 4 13 51 21 12 49 46 40 59 47 9 38 23 27 32 29 37 5 43 56 50 44 18 6 7 52 60 15 54 17 16 10 26 14 55 53 24 31 41 30 45 28 35 57 19 39 2 11 48 63 8
    35 9 62 24 6 53 7 46 38 55 30 33 47 42 14 22 31 44 4 3 40 20 37 25 18 45 54 36 63 34 21 27 19 15 23 41 32 16 51 59 12 57 56 58 17 10 60 11 50 64 61 1 52 8 29 2 28 39 26 5 13 48 49 43
    39 8 44 54 53 41 21 43 64 49 47 19 59 17 27 52 3 36 42 9 38 2 12 58 29 40 24 48 7 55 10 15 63 20 13 6 5 22 23 32 45 11 62 33 50 26 46 4 60 14 28 1 30 57 18 61 31 16 51 56 37 34 35 25
    38 55 41 18 11 4 47 44 39 43 53 16 54 2 35 60 46 34 50 6 1 19 63 29 31 15 33 21 64 17 32 56 51 22 23 27 14 9 61 7 13 37 25 58 5 52 26 42 59 49 36 10 48 24 3 30 62 28 20 12 40 8 45 57
    1 15 49 43 38 39 57 17 7 13 40 36 60 37 33 25 53 20 22 46 32 31 10 58 62 56 47 64 50 27 16 2 34 55 28 54 30 26 6 8 4 11 19 12 14 24 5 44 9 63 45 18 59 23 29 48 21 41 42 52 61 3 51 35
    23 53 38 5 61 54 45 62 56 7 47 41 30 35 36 49 28 27 55 51 40 24 18 46 39 37 33 15 3 20 29 12 64 43 10 50 21 17 60 22 2 6 1 57 9 59 25 13 31 19 14 16 8 26 52 48 11 58 32 63 4 44 34 42
    51 15 27 26 43 44 19 3 63 18 32 38 6 7 50 42 58 21 52 57 56 5 46 64 11 24 31 41 53 30 1 25 13 37 36 40 54 45 17 23 28 49 10 8 34 62 33 59 60 48 47 29 61 35 12 16 2 22 20 55 14 39 9 4
    40 30 37 29 42 21 33 62 45 2 4 53 9 24 3 38 47 61 35 31 58 16 51 39 8 10 13 46 44 23 63 34 20 56 48 60 5 59 25 22 19 49 57 64 32 43 36 11 15 18 1 52 50 55 12 17 54 28 6 26 27 7 14 41
    27 61 12 60 28 42 52 41 9 57 58 5 6 63 39 25 51 3 31 22 29 62 64 30 8 44 32 43 7 59 11 15 18 53 36 14 23 16 24 55 38 37 17 4 40 35 34 13 26 1 20 33 2 47 49 21 19 56 45 48 46 54 10 50
    17 21 27 39 4 47 63 35 7 43 22 51 31 24 61 38 41 26 11 10 50 3 15 57 32 48 37 64 52 36 8 14 55 46 44 54 23 5 6 9 60 59 33 62 2 16 56 19 1 28 29 49 40 34 12 20 18 58 13 42 30 45 25 53
    56 59 48 61 63 44 22 20 17 16 26 6 14 49 47 23 62 39 32 55 51 9 40 33 1 35 43 52 50 29 60 30 18 28 53 27 41 4 8 2 36 38 31 5 21 58 24 7 37 11 25 10 15 46 13 54 19 45 57 12 34 3 64 42
    30 56 59 18 3 36 25 16 52 26 20 40 47 61 6 21 4 41 35 43 46 22 44 62 1 31 17 39 54 15 13 19 60 48 27 14 53 11 33 57 58 50 5 9 10 42 45 37 32 34 7 12 49 63 2 8 64 38 28 24 51 55 23 29
    41 59 46 47 18 12 20 63 42 37 34 28 11 36 55 57 31 30 6 60 3 10 32 50 14 4 49 35 23 53 7 61 15 38 62 52 51 56 48 1 29 17 43 64 44 40 21 8 9 33 24 54 2 27 13 39 5 22 16 26 25 58 45 19
    1 60 59 63 25 47 2 40 48 26 53 4 54 62 20 18 30 49 22 29 46 16 58 15 13 36 8 9 41 33 45 31 32 7 6 51 27 42 17 24 3 5 39 10 35 37 52 61 21 11 14 55 50 64 34 44 38 19 28 23 56 12 57 43
    25 33 58 32 26 3 22 39 24 43 4 27 57 46 38 60 31 34 10 11 51 40 18 49 6 47 5 15 13 55 42 16 45 2 35 44 7 48 1 21 14 54 19 29 41 61 23 64 56 30 12 17 59 28 20 8 52 62 36 53 50 37 63 9
    31 28 2 1 60 11 56 21 64 27 5 26 39 35 47 53 57 3 7 63 14 44 52 61 49 55 54 30 42 38 6 18 9 51 37 40 48 12 43 36 24 17 22 58 50 10 15 32 29 62 41 59 20 34 45 46 13 23 19 25 8 16 4 33
    25 42 26 9 57 54 59 13 28 1 53 60 4 22 41 19 11 32 55 12 58 61 47 48 34 3 18 2 36 7 52 44 31 43 45 23 8 27 62 16 39 10 20 5 6 33 46 37 15 24 29 14 64 30 50 21 51 40 49 38 56 17 63 35
    36 56 11 39 13 23 48 34 54 30 29 18 60 5 49 55 40 28 19 35 12 42 53 51 4 21 47 59 38 17 7 3 2 1 16 63 20 57 15 43 41 62 6 22 61 25 64 58 45 33 27 10 31 9 46 50 32 26 24 44 52 14 37 8
    22 1 60 17 24 50 15 21 59 47 38 20 28 54 10 6 53 34 45 55 9 43 36 26 32 51 7 11 29 31 56 48 23 52 61 64 16 41 63 18 12 46 2 14 37 57 8 58 13 33 27 4 30 3 35 62 39 25 44 5 49 40 42 19
    32 8 20 54 36 60 23 51 64 21 56 29 55 30 24 63 58 2 35 18 40 42 25 17 46 44 13 50 22 12 26 7 52 43 48 33 11 4 37 39 19 6 38 31 61 49 57 53 59 27 62 28 45 47 14 15 9 41 34 5 16 3 10 1
    64 47 55 41 32 33 54 27 11 34 46 38 60 42 12 36 31 19 29 4 53 37 63 20 62 39 28 7 1 17 26 49 56 24 16 30 43 61 8 2 23 9 52 59 22 15 6 21 10 35 40 13 25 5 3 45 51 14 18 44 58 50 48 57
    45 43 62 5 36 27 19 53 23 21 52 63 16 9 22 44 20 64 6 33 31 25 13 49 12 1 3 41 2 54 14 42 30 34 4 57 24 50 15 28 7 55 18 40 35 32 61 48 10 51 59 37 56 8 46 29 38 11 58 39 17 47 60 26
    63 51 17 33 20 37 18 53 11 1 42 7 14 31 23 45 16 48 54 13 40 27 4 6 22 5 21 19 15 9 32 25 3 62 49 61 26 56 30 44 43 38 28 2 35 10 24 41 12 50 58 55 59 36 39 8 29 57 46 52 64 34 47 60
    63 23 41 13 21 15 58 10 26 19 12 9 16 53 49 42 7 8 11 2 47 56 43 33 55 35 22 60 50 5 59 51 24 1 25 39 28 45 40 31 27 61 64 36 14 46 52 17 48 44 4 6 30 32 54 62 34 37 18 29 57 3 38 20
    63 64 47 27 23 28 32 60 20 39 11 46 14 48 26 52 12 15 31 38 61 56 42 19 45 21 49 58 22 29 50 5 51 10 7 53 3 17 2 57 36 6 37 44 43 59 25 9 55 41 54 34 24 18 4 40 33 35 30 62 13 1 16 8
    34 49 14 22 58 48 9 15 43 60 40 3 45 18 24 57 61 11 33 42 4 17 38 36 31 55 53 16 26 13 46 23 37 12 51 56 39 35 19 25 54 64 7 47 10 5 41 30 59 2 8 62 6 50 29 44 52 21 28 32 63 20 27 1
    39 44 64 53 29 8 30 28 11 42 41 10 12 4 59 31 21 24 54 47 51 43 34 62 25 3 14 52 46 63 37 33 40 15 23 19 7 49 60 13 1 18 56 50 61 2 35 32 57 16 55 26 36 48 6 22 17 27 45 9 38 5 20 58
    35 55 43 59 60 9 38 12 51 1 50 64 22 2 23 17 30 49 34 56 44 24 46 5 42 28 13 7 6 62 53 36 16 20 21 57 4 29 63 11 48 32 41 19 3 54 58 14 37 61 8 52 40 27 18 31 26 15 25 10 33 39 45 47
    8 4 46 10 61 49 53 11 28 19 6 18 52 47 58 2 13 63 51 20 7 34 25 62 57 37 50 31 60 17 14 16 64 21 39 15 24 35 59 56 38 33 5 22 32 23 30 44 55 54 9 3 40 1 29 12 45 26 41 43 42 48 27 36
    8 4 25 58 62 54 50 22 11 32 3 60 52 2 23 28 38 59 43 19 12 24 41 20 40 37 33 57 44 18 35 21 13 30 63 14 1 36 61 27 29 5 39 26 6 31 56 46 9 49 45 64 42 55 34 47 48 53 7 10 16 51 17 15
    28 11 6 42 56 26 10 15 31 51 8 44 23 54 1 27 9 49 3 7 53 39 41 13 62 19 20 5 17 55 47 43 45 64 38 60 48 24 18 52 2 57 36 58 32 34 14 16 21 25 63 35 12 33 4 30 40 61 59 29 46 50 22 37
    17 46 45 56 60 8 18 7 43 11 23 22 28 4 52 64 29 38 31 30 36 61 53 14 10 44 19 34 1 57 24 48 50 26 54 32 27 9 20 3 33 63 42 41 2 37 6 15 25 13 40 59 62 12 51 47 49 16 39 5 21 35 58 55
    46 11 48 43 18 57 55 61 20 54 50 62 33 9 42 32 51 59 60 30 41 47 35 26 22 6 39 49 31 4 1 16 14 28 10 12 7 58 56 40 13 38 45 3 36 37 15 53 19 34 64 27 8 2 5 63 52 23 29 24 21 25 17 44
    50 31 35 9 63 3 56 4 12 40 15 11 5 10 24 55 20 7 46 32 43 25 62 53 13 6 49 41 30 33 28 47 26 17 16 39 2 60 45 29 64 36 27 61 37 18 8 58 21 57 38 19 23 52 48 22 14 44 51 34 1 54 59 42
    26 45 20 49 6 28 55 53 34 32 33 13 54 51 46 56 10 18 12 64 15 38 57 48 27 42 5 44 59 47 60 43 52 40 4 21 24 39 1 7 8 37 3 31 58 19 2 16 61 9 41 11 17 25 35 63 22 62 14 23 50 30 29 36
    26 16 64 6 24 2 21 20 18 5 61 52 10 25 60 15 55 50 30 59 19 4 45 32 39 33 27 14 13 23 63 31 34 29 28 8 7 62 41 35 11 51 17 22 56 9 1 38 49 53 12 47 36 58 3 42 46 44 40 57 37 48 54 43
    32 12 30 6 55 26 7 31 28 15 5 46 39 9 23 2 60 35 4 59 14 20 18 47 50 48 57 27 38 52 8 13 17 10 19 41 64 16 58 40 21 25 53 11 34 51 62 37 36 54 44 56 61 43 3 63 42 1 49 22 33 24 29 45
    53 5 6 33 28 43 27 57 15 4 25 21 63 46 39 56 45 3 37 44 52 36 49 19 24 1 48 13 2 8 60 51 61 35 32 38 9 29 47 59 34 58 41 40 10 26 50 17 18 55 7 16 12 22 30 23 14 64 54 20 11 62 31 42
    18 13 27 40 3 47 10 28 62 2 12 53 4 36 26 48 22 50 52 35 9 51 7 33 42 31 44 64 34 46 56 21 61 8 54 43 58 37 16 14 15 17 23 63 20 6 32 24 5 49 25 55 38 45 11 59 57 30 60 41 39 29 19 1
    62 27 28 57 6 26 33 16 48 51 47 29 14 21 46 19 43 39 13 2 18 7 31 12 56 32 10 1 4 63 41 38 20 49 5 9 11 55 37 53 44 60 50 34 17 3 22 52 59 58 45 15 61 8 23 25 40 30 24 35 64 36 42 54
    28 5 54 59 21 41 35 31 48 19 18 33 50 64 1 34 32 25 49 53 9 8 13 44 52 46 10 42 40 36 14 63 29 51 56 37 2 26 11 24 58 60 57 4 47 23 6 27 17 3 55 16 15 39 43 30 22 62 38 12 61 7 20 45

