65

    30 19 51 17 47 10 3 8 14 2 20 56 16 63 12 33 50 24 43 62 6 60 53 55 59 22 61 64 34 5 48 28 15 32 7 9 46 35 44 42 25 39 45 38 41 18 21 13 58 54 27 40 31 1 57 65 11 26 4 23 49 36 52 37 29
    27 41 7 1 21 44 3 48 10 20 33 18 40 36 62 28 2 56 39 23 15 65 25 26 5 58 43 29 45 61 12 52 6 24 11 38 8 53 37 63 54 17 19 59 31 13 4 50 32 16 64 42 60 46 34 51 55 49 9 14 35 22 57 47 30
    10 24 58 5 37 15 25 48 13 26 40 17 11 56 46 30 19 65 22 50 47 32 54 14 51 35 8 61 29 33 42 64 57 60 59 36 62 1 18 4 2 23 52 43 21 28 34 63 53 49 12 44 3 27 7 9 39 45 16 38 6 41 31 20 55
    61 5 39 32 19 42 38 31 8 3 34 2 53 27 10 11 62 18 29 9 7 56 22 63 33 64 65 37 54 46 13 25 55 14 48 15 52 28 50 36 47 57 4 1 6 60 45 21 35 43 17 12 59 23 16 41 24 51 49 58 26 40 20 44 30
    60 12 16 56 34 65 20 33 37 26 27 18 19 10 1 48 59 46 4 41 22 64 6 3 52 58 21 15 45 44 36 39 28 29 53 30 55 42 7 32 43 57 47 54 5 35 62 9 17 31 63 51 11 2 38 49 61 14 40 25 8 23 50 24 13
    65 54 51 23 50 15 19 47 43 1 9 13 16 27 41 7 61 2 44 11 40 60 6 39 14 45 25 21 33 57 8 18 56 24 29 55 17 59 12 35 53 48 63 5 64 36 34 4 22 37 58 31 32 49 42 30 28 20 38 10 3 26 62 46 52
    64 36 25 44 50 41 65 28 23 43 49 48 35 16 8 37 61 24 4 5 54 12 32 9 46 51 55 6 63 57 21 34 14 62 13 45 20 10 60 40 30 53 22 3 1 2 15 19 17 42 27 18 33 38 56 39 52 11 29 59 47 58 26 7 31
    38 44 40 57 54 46 3 5 58 62 59 16 19 60 29 30 41 7 11 15 39 31 23 21 65 9 20 17 8 26 50 33 24 2 64 35 45 28 56 49 6 47 1 27 22 36 53 10 12 55 25 14 13 63 32 52 18 34 48 4 51 43 42 37 61
    12 5 37 9 58 16 27 48 6 39 34 7 55 64 61 50 46 26 1 22 18 17 10 53 8 62 4 32 11 21 56 33 20 59 43 41 23 25 36 24 2 14 29 63 49 45 15 52 60 35 19 3 42 47 57 65 28 44 51 31 30 13 54 40 38
    6 27 24 55 40 44 33 65 26 17 3 30 9 58 2 43 25 53 28 62 5 37 51 50 14 36 41 23 59 57 15 48 19 7 13 64 52 54 8 47 11 46 18 61 63 29 39 42 31 34 1 16 49 38 56 32 21 12 35 10 60 45 22 20 4
    27 30 46 41 47 54 33 17 18 5 43 34 55 15 26 23 9 3 62 37 16 19 7 51 58 64 13 29 4 1 39 35 49 50 20 57 25 8 32 61 24 31 6 21 10 22 44 40 63 45 14 60 56 52 59 28 12 38 42 11 36 53 65 48 2
    14 38 36 4 23 61 41 29 22 53 50 30 43 2 60 57 24 3 42 65 54 1 16 21 40 49 20 8 26 62 7 6 58 59 12 28 51 5 32 31 52 9 48 13 63 17 10 19 47 44 39 18 46 15 35 64 25 27 33 55 11 34 37 45 56
    21 11 62 45 39 37 31 15 12 3 43 40 7 48 8 24 38 65 58 26 55 54 59 36 47 41 61 44 50 16 18 10 64 6 17 13 53 34 46 25 51 23 20 30 42 60 19 35 63 28 49 4 1 9 52 57 29 27 32 56 33 5 2 14 22
    56 33 18 12 7 9 57 45 58 36 65 21 28 16 8 48 19 54 59 27 20 40 23 63 25 32 37 22 30 15 4 60 61 47 53 14 43 51 29 13 11 64 6 41 52 2 31 44 35 39 34 62 5 26 17 49 38 3 55 42 1 46 10 50 24
    25 62 11 21 15 3 4 6 60 59 42 61 22 39 12 19 41 37 13 53 57 18 36 7 65 10 9 33 49 35 32 5 54 52 63 51 28 14 8 16 30 17 27 44 45 38 31 23 26 50 1 24 56 29 47 43 2 34 46 58 20 48 64 40 55
    47 4 3 11 43 31 21 42 50 8 65 9 62 16 49 12 27 64 63 22 5 28 34 25 39 33 44 29 55 19 13 53 23 36 35 18 20 30 51 24 54 59 6 37 52 41 7 14 1 60 38 26 56 46 2 61 40 58 48 45 10 15 57 32 17
    50 2 9 13 28 56 53 23 45 58 51 39 38 47 18 63 55 17 54 1 11 5 35 27 12 61 10 59 3 15 57 7 29 24 16 37 26 64 48 8 52 62 49 30 6 25 34 33 46 44 32 19 60 65 21 43 14 4 20 36 22 40 41 42 31
    45 58 53 49 37 9 28 48 38 5 2 46 65 19 62 59 30 43 11 60 50 23 32 12 15 1 27 47 10 55 54 63 42 52 8 16 7 25 14 61 24 33 20 41 44 64 57 51 13 6 21 40 3 35 56 22 18 29 17 34 4 39 31 36 26
    50 2 29 40 45 37 34 42 61 48 1 11 26 56 55 27 30 53 7 47 33 46 60 9 44 13 3 12 58 14 62 8 38 22 59 6 31 63 17 18 4 43 28 10 54 20 52 21 51 16 64 25 15 24 39 32 5 36 65 57 23 35 41 19 49
    35 11 18 19 59 60 23 27 56 41 49 38 21 57 55 22 24 6 34 5 53 61 46 31 37 3 39 26 14 54 15 4 7 10 50 20 17 8 47 63 9 65 43 32 64 28 48 42 16 13 36 2 44 45 58 29 52 33 1 51 62 25 40 30 12
    19 60 21 17 59 9 53 36 51 46 34 47 35 44 16 63 54 1 7 22 49 28 10 50 27 42 25 3 18 29 8 31 24 62 48 39 30 41 4 61 40 32 5 45 26 20 15 33 38 13 14 58 64 52 56 2 43 57 23 55 65 11 37 12 6
    34 40 61 48 63 26 44 31 33 11 17 20 37 25 7 21 9 14 56 22 47 4 28 55 15 38 2 42 59 50 24 13 32 35 57 1 23 45 30 8 12 39 64 54 60 3 29 27 41 6 62 65 18 46 52 51 58 53 16 10 5 36 19 43 49
    11 41 44 58 40 23 3 32 20 12 54 39 7 13 9 19 29 8 26 47 43 28 51 1 6 15 62 42 4 2 53 18 25 56 33 48 27 22 21 17 31 35 34 57 61 10 46 60 59 50 52 24 65 16 38 37 5 63 36 14 64 30 49 45 55
    8 60 39 15 9 26 4 28 5 12 59 18 24 57 14 54 21 45 36 38 49 65 2 51 64 13 30 53 17 7 37 29 20 16 50 61 22 6 31 1 47 25 40 27 34 35 48 58 32 19 43 41 56 23 3 63 62 55 33 11 44 10 52 46 42
    6 18 39 29 21 44 53 11 46 60 17 3 37 45 5 28 58 4 24 25 63 49 31 9 54 36 56 65 16 43 48 33 42 12 32 34 1 64 51 15 38 7 52 10 50 57 8 19 35 30 13 20 62 27 59 22 40 26 2 61 23 14 47 55 41
    39 16 10 3 8 20 1 36 31 29 30 22 50 56 17 62 14 7 15 58 35 61 42 51 26 48 49 44 2 25 33 59 23 54 41 32 40 43 13 11 6 34 55 4 24 28 47 9 60 5 53 63 46 52 18 57 21 27 12 19 45 64 37 65 38
    36 29 47 45 28 30 41 61 26 43 63 1 14 21 12 16 20 57 9 37 42 10 6 53 38 2 39 34 23 8 60 52 7 44 11 49 18 32 4 59 54 24 35 5 46 15 58 3 25 48 19 40 50 31 56 51 55 27 22 64 62 13 17 65 33
    44 48 30 1 16 61 65 42 14 49 25 40 59 63 26 64 11 21 50 43 27 52 46 15 47 24 7 6 57 31 28 32 36 54 2 17 35 9 34 13 38 45 10 58 23 62 29 18 37 8 60 4 5 41 3 55 51 19 33 22 56 20 12 53 39
    15 21 25 42 59 56 9 55 49 26 41 58 61 28 16 53 62 50 3 54 47 36 38 31 45 4 1 8 64 63 6 32 40 13 23 22 43 60 51 19 12 11 10 5 35 20 18 17 24 65 34 46 2 27 7 44 29 33 52 30 39 37 57 48 14
    9 30 20 4 1 21 54 59 61 51 42 7 24 45 64 36 62 63 52 11 22 26 2 53 49 28 38 23 19 37 58 15 33 57 3 17 13 29 16 47 55 60 56 44 14 12 25 31 46 5 34 8 32 39 48 27 10 18 41 50 65 40 6 35 43
    39 3 60 62 9 45 26 57 31 5 63 43 29 1 58 47 61 10 19 53 25 44 15 11 22 2 50 32 34 20 49 59 17 13 51 33 38 56 52 37 14 8 6 46 23 40 28 12 41 35 48 36 21 24 7 64 18 30 4 42 16 55 54 65 27
    62 21 30 15 61 55 6 14 3 63 33 56 31 22 53 2 16 52 17 27 48 32 13 7 19 59 40 24 38 49 60 18 45 20 43 5 10 41 64 65 9 26 28 37 57 1 25 23 47 39 58 35 51 46 50 42 54 12 36 4 11 8 34 44 29
    56 41 10 35 4 1 30 49 65 53 20 3 59 19 33 22 24 40 51 42 13 14 17 27 64 29 54 52 36 26 50 18 47 23 11 5 60 48 31 7 25 38 61 39 2 16 62 58 46 12 28 44 34 57 45 63 15 21 43 55 6 37 32 8 9
    38 19 63 26 37 21 9 35 33 17 51 32 53 45 3 12 5 44 11 31 50 20 8 14 56 61 28 54 22 2 1 59 47 16 55 6 30 10 29 58 39 42 23 24 65 57 41 7 46 34 27 36 62 43 48 13 52 60 49 4 25 40 64 15 18
    43 8 4 29 2 31 38 56 57 20 28 9 65 11 17 26 64 41 1 58 61 48 27 60 33 40 14 18 3 49 10 23 5 51 59 45 30 32 53 24 16 13 44 19 34 62 22 7 12 47 37 21 42 25 63 55 35 46 52 50 39 15 6 36 54
    14 21 10 53 50 22 63 26 39 19 49 44 33 58 27 57 52 64 11 38 30 28 34 1 15 56 36 61 12 16 18 31 41 23 25 59 24 65 6 5 4 45 17 54 8 3 48 7 20 46 55 35 32 9 29 51 2 13 37 40 60 42 47 43 62
    51 30 22 34 59 13 37 9 53 12 42 64 38 32 58 61 45 15 7 48 1 25 16 21 23 63 55 65 47 62 17 26 52 19 24 44 46 31 56 20 14 33 18 27 50 60 8 10 36 2 5 57 29 49 11 35 43 40 39 3 28 4 54 41 6
    17 42 13 34 64 6 27 65 51 49 38 46 5 54 7 12 4 25 3 39 50 56 44 15 41 29 35 8 45 43 40 20 26 24 21 22 19 47 10 63 31 33 1 52 37 23 30 53 28 57 9 11 59 32 48 18 16 58 61 62 60 2 14 36 55
    43 5 40 26 3 61 48 22 32 13 36 41 12 46 39 52 60 33 31 30 42 64 65 2 23 15 50 62 1 49 59 38 37 53 18 10 16 8 45 35 20 56 55 14 51 28 11 44 6 7 58 19 47 25 9 24 57 34 4 27 29 17 21 54 63
    51 16 22 14 18 43 11 30 13 29 37 45 26 38 55 1 9 3 49 32 48 64 58 36 19 6 31 4 7 53 27 28 23 65 33 57 12 20 8 10 59 56 15 47 25 54 39 41 24 5 42 17 46 62 61 44 35 50 34 63 52 21 60 40 2
    62 3 15 27 60 10 7 45 36 41 16 12 29 32 39 50 56 49 31 25 4 11 38 53 18 46 24 63 26 6 37 44 14 34 42 30 43 22 13 40 21 23 19 59 2 9 28 47 57 8 5 54 65 20 33 51 52 1 35 61 48 55 64 17 58
    42 9 31 55 64 6 2 36 16 10 44 5 58 46 25 29 12 24 39 47 3 41 28 48 65 62 21 40 51 54 17 23 26 1 57 37 63 50 45 59 35 4 19 38 27 30 56 32 18 61 20 13 33 7 11 60 14 49 52 15 43 22 34 53 8
    38 35 15 60 9 42 8 28 56 32 29 6 58 41 61 7 31 36 13 48 44 21 17 65 33 1 53 39 23 46 20 64 4 59 50 27 52 3 12 10 19 47 34 45 2 16 62 63 22 40 49 43 37 5 14 18 51 11 57 54 55 25 26 30 24
    8 7 40 34 33 37 19 64 49 27 57 46 47 52 54 25 58 55 21 48 1 6 56 41 16 31 13 32 39 17 42 23 4 60 3 12 22 53 20 14 44 63 2 51 10 35 59 9 50 62 30 15 11 26 36 29 61 38 24 45 43 18 5 65 28
    35 15 28 42 29 7 44 34 48 3 60 6 53 54 17 23 49 4 25 2 10 65 5 62 50 22 59 32 61 27 20 45 11 63 58 16 19 30 38 64 18 21 56 12 8 52 39 47 13 41 51 1 40 57 46 37 55 9 26 33 24 31 14 36 43
    30 42 3 44 8 31 34 2 18 46 65 48 56 33 25 15 53 29 26 38 9 36 19 49 12 41 7 1 59 6 58 13 11 57 10 21 5 45 23 43 27 51 47 64 60 4 40 37 28 62 55 35 63 20 24 54 14 52 16 22 17 39 32 50 61
    1 9 26 12 24 44 46 31 6 30 63 22 29 25 18 16 50 21 8 36 27 32 10 13 35 38 52 2 60 4 48 58 56 55 3 23 40 5 47 53 59 7 15 42 19 39 49 54 61 34 51 33 43 28 57 45 62 37 17 20 64 65 41 14 11
    21 29 28 49 16 12 43 37 54 23 45 52 61 32 36 18 64 1 50 47 2 24 53 22 31 42 27 65 15 35 4 51 63 14 56 41 33 20 48 8 30 34 58 38 62 6 44 11 5 46 59 10 39 17 25 40 7 19 55 3 57 26 60 9 13
    33 24 12 21 47 56 57 38 55 26 16 46 43 11 27 54 35 6 60 17 61 31 19 23 1 15 13 28 64 29 32 41 59 63 9 4 52 34 62 18 2 7 50 39 42 44 37 48 8 51 3 40 45 20 65 22 36 53 49 5 25 14 58 30 10
    11 13 3 30 22 33 8 44 38 48 24 41 31 19 35 23 18 51 12 46 55 63 64 16 61 50 27 7 52 58 42 43 59 4 29 2 54 62 40 49 14 53 57 9 56 47 36 65 15 1 28 21 37 10 6 25 26 45 5 20 32 17 60 39 34
    35 22 30 13 7 51 63 44 48 23 50 3 27 39 40 62 29 60 16 5 37 15 33 42 9 38 1 52 4 41 2 61 20 17 14 43 53 32 58 11 34 19 21 57 55 59 25 49 64 56 8 6 28 65 26 45 31 47 10 18 54 36 24 46 12
    36 10 20 50 58 6 1 24 62 42 65 41 53 59 16 32 51 4 19 11 48 18 31 44 27 56 52 63 34 37 26 54 64 45 15 17 39 46 21 13 8 22 33 23 47 30 43 25 5 61 35 55 7 40 57 3 60 29 12 28 2 38 14 9 49
    55 36 42 65 48 10 38 35 18 62 23 6 60 31 45 24 11 25 50 32 9 12 20 1 17 46 53 13 28 37 59 21 49 56 4 22 52 41 5 54 33 29 14 3 26 44 58 40 16 64 34 57 19 63 2 15 8 39 30 27 47 51 61 7 43
    60 1 28 3 34 61 8 14 62 59 52 38 41 63 53 9 55 4 65 18 25 50 5 45 51 17 48 49 57 64 13 6 31 7 40 42 47 43 56 29 27 21 11 12 20 58 37 33 35 32 46 30 36 22 2 19 15 44 23 24 16 10 54 39 26
    14 24 35 41 20 29 13 48 47 53 39 17 51 52 60 28 50 5 38 2 15 43 61 63 45 65 1 36 11 9 55 49 3 42 10 12 7 58 30 31 46 21 26 25 54 23 56 37 59 8 6 27 16 57 44 64 19 40 18 34 62 32 22 4 33
    65 11 39 53 62 4 27 12 45 5 43 1 59 37 40 63 22 25 16 36 35 44 54 2 56 18 28 33 51 46 8 13 17 52 41 64 3 19 49 7 61 48 31 23 24 57 58 34 30 10 42 29 14 50 32 47 20 21 15 6 38 60 9 55 26
    40 60 49 27 59 47 8 64 20 28 38 13 54 2 16 12 42 25 23 63 34 6 44 18 43 30 26 33 24 32 58 21 4 14 1 61 11 46 50 45 19 53 39 48 31 57 55 36 22 41 7 65 35 9 3 5 62 37 29 10 52 51 17 56 15
    37 45 44 38 12 14 36 62 48 15 8 5 64 54 42 1 41 61 18 22 46 63 53 31 19 57 30 60 49 20 35 39 3 6 24 58 23 59 11 65 40 9 25 17 21 13 43 56 52 51 16 32 2 55 7 10 34 29 27 33 26 28 47 50 4
    65 63 52 46 14 7 38 19 23 60 49 30 32 39 64 54 40 17 11 45 9 31 15 55 47 28 20 6 24 58 1 26 4 35 50 22 43 61 29 10 5 27 41 13 48 42 37 36 59 25 12 3 21 53 44 51 18 56 62 34 2 16 8 33 57
    13 59 32 12 54 45 24 41 22 48 53 4 16 46 15 11 55 18 19 26 5 50 39 58 31 30 60 28 9 2 35 29 36 51 65 38 47 61 20 52 42 1 7 44 43 56 10 8 14 40 3 34 63 33 49 37 62 64 27 17 57 25 6 21 23
    65 50 32 24 58 56 19 63 62 45 17 22 11 37 5 34 9 23 27 57 41 13 38 18 25 47 33 52 16 36 3 7 1 60 39 40 61 20 14 10 59 26 54 64 46 8 42 2 53 31 30 6 21 35 55 28 51 43 12 49 29 44 48 4 15
    56 10 52 34 37 17 13 4 24 16 11 14 39 48 15 21 43 6 8 40 38 62 65 26 31 19 60 57 51 45 54 47 64 2 59 22 23 25 46 33 63 5 30 27 42 36 3 44 20 1 58 35 12 49 53 41 7 29 9 32 50 55 61 28 18
    50 31 32 18 29 27 44 8 38 20 45 15 34 41 1 40 64 5 11 7 23 22 28 24 9 54 25 48 36 57 56 55 51 17 46 10 58 52 26 13 2 60 19 6 21 35 33 47 63 12 59 4 62 39 3 49 30 61 14 37 53 65 16 42 43
    48 22 14 49 9 43 32 62 15 56 50 58 29 42 51 2 45 13 27 60 57 28 21 6 19 12 23 38 41 20 35 52 10 40 8 44 64 16 39 33 4 65 3 30 37 36 53 7 5 11 59 17 25 26 31 63 1 34 18 46 55 61 54 24 47
    5 44 26 57 28 61 27 1 52 56 9 21 17 25 13 47 3 41 54 29 22 7 35 58 59 14 49 51 60 62 2 24 37 36 46 20 39 34 64 65 32 12 30 6 16 4 31 40 15 53 18 33 48 19 45 42 43 63 23 11 10 8 50 38 55
    26 11 18 3 2 64 55 48 5 34 60 45 44 9 12 42 39 43 47 30 15 35 8 20 17 27 23 57 54 36 19 62 63 31 58 49 56 40 32 21 52 53 22 59 24 33 41 14 65 28 61 29 38 13 4 50 46 1 6 51 16 7 25 10 37
    54 22 48 13 30 20 1 16 37 31 17 10 25 40 41 2 34 32 42 24 14 46 44 60 8 58 63 35 15 28 43 62 61 21 23 50 19 12 53 33 5 27 4 45 59 47 38 7 65 57 56 51 49 6 64 18 11 29 55 9 39 3 52 36 26
    10 63 62 5 41 37 28 21 16 52 30 26 23 48 44 25 7 2 46 47 45 13 35 3 24 54 49 29 64 33 12 59 11 19 32 55 39 1 51 9 31 53 38 22 57 65 6 61 40 50 36 8 60 4 43 20 42 34 27 56 14 18 15 58 17
    29 46 8 43 4 6 7 30 38 3 26 31 49 59 58 5 19 17 55 23 64 60 40 18 12 42 11 57 48 24 9 62 1 27 13 32 53 54 37 56 16 15 61 36 20 14 22 63 41 25 47 45 2 52 28 34 51 50 35 33 10 65 21 39 44
    32 27 54 28 17 16 36 60 22 65 33 23 56 38 45 46 24 26 49 1 6 43 18 9 47 21 37 51 39 53 61 59 40 19 15 30 48 5 13 63 8 25 7 57 34 11 41 31 20 58 4 2 3 64 52 55 62 14 29 10 50 35 12 42 44
    36 9 63 22 65 26 37 47 20 48 35 17 3 18 14 39 52 57 58 19 33 13 24 41 56 6 53 23 15 60 62 21 38 45 44 16 30 50 64 43 31 51 59 61 8 12 5 11 2 27 42 25 10 49 7 40 28 29 4 54 1 32 34 55 46
    1 24 48 61 4 32 20 8 10 49 7 23 15 25 51 28 39 63 55 46 60 50 47 33 11 26 3 42 29 17 22 52 9 16 44 31 19 18 65 34 14 56 64 45 30 12 54 27 41 37 5 40 2 36 35 43 6 38 59 13 53 57 21 58 62
    31 54 32 34 43 51 33 62 36 9 7 52 1 41 35 2 30 21 18 16 37 20 6 8 49 4 26 24 53 5 11 40 48 60 19 39 13 47 44 10 42 65 28 64 56 55 14 15 27 63 17 50 58 25 3 23 45 61 12 57 59 46 22 38 29
    63 54 9 20 34 17 24 3 62 12 13 44 28 47 43 51 35 58 65 36 5 64 30 38 33 45 27 1 61 37 31 4 2 26 7 56 55 39 50 57 10 19 8 42 23 22 11 14 40 18 48 60 16 21 52 25 46 6 59 41 53 29 15 49 32
    12 20 31 24 61 13 14 5 10 17 48 7 43 30 41 50 2 16 46 51 26 56 55 38 39 15 45 36 4 40 23 57 1 63 64 33 34 52 27 25 32 9 42 59 49 8 18 21 44 58 37 28 29 53 22 65 60 11 47 54 19 62 6 35 3
    51 17 21 1 42 36 19 32 14 38 13 28 26 43 50 8 60 20 30 29 53 59 7 57 40 6 46 55 39 18 33 2 48 5 15 45 10 41 9 22 64 12 34 47 63 56 23 11 58 16 61 25 65 24 31 49 37 44 3 54 35 27 52 4 62
    36 14 5 40 29 3 10 34 38 31 46 56 24 50 61 60 11 37 9 59 23 26 51 21 20 18 7 43 6 13 58 55 17 41 63 22 32 57 44 42 45 52 35 8 30 15 62 4 65 1 53 33 19 54 2 25 27 16 48 39 12 49 28 47 64
    61 30 37 14 40 4 60 59 12 5 34 29 51 24 35 23 13 36 50 15 7 2 54 6 42 22 38 27 43 3 46 45 64 16 9 25 33 20 26 10 8 48 1 65 58 49 52 39 63 18 57 11 62 44 28 41 21 55 19 53 31 56 47 17 32
    48 3 64 30 31 45 54 28 29 50 4 2 6 14 11 20 46 26 61 44 1 47 7 13 23 38 35 41 62 19 34 5 53 65 32 15 40 21 12 18 49 56 16 33 37 25 22 42 24 63 27 51 8 55 57 36 59 17 10 58 60 9 39 43 52
    34 14 43 61 57 38 41 56 48 60 46 64 33 49 20 7 16 30 62 27 24 17 6 25 29 11 58 53 5 19 54 23 31 65 26 4 55 21 28 13 44 50 3 22 15 40 18 63 32 8 12 45 52 1 9 47 36 51 2 10 37 59 35 39 42
    63 11 27 4 40 10 1 43 12 30 8 29 3 58 16 51 18 44 62 25 41 35 59 60 65 17 15 55 7 39 42 13 19 28 48 22 5 21 31 26 38 36 53 6 14 49 2 61 50 46 52 47 56 34 64 20 54 9 57 45 32 37 33 24 23
    46 53 62 29 24 47 37 44 20 1 18 3 14 15 41 4 39 52 6 5 56 55 31 8 58 59 28 16 36 32 27 9 26 23 51 12 42 60 40 65 49 7 10 54 50 43 21 33 19 63 64 17 11 48 34 2 45 13 57 30 61 22 35 38 25
    50 31 58 3 34 40 20 54 4 22 36 2 28 52 63 30 64 56 43 17 65 37 55 35 7 6 12 23 45 44 48 11 16 39 24 13 51 59 21 33 27 53 15 38 19 14 47 49 29 25 10 41 1 57 9 62 32 26 8 46 61 42 60 5 18
    50 51 46 35 33 62 59 3 44 42 63 34 21 17 47 60 23 49 4 7 20 43 53 27 58 29 2 22 26 37 18 12 54 48 64 28 1 57 24 13 9 15 11 52 41 31 65 61 32 14 16 55 19 56 6 39 25 5 45 36 40 10 8 38 30
    63 31 18 2 11 58 59 37 8 61 29 24 36 17 45 16 1 50 7 57 4 23 26 32 27 48 5 39 43 55 52 21 20 46 41 65 6 12 10 38 51 3 19 54 14 33 64 28 47 44 60 49 56 40 9 35 15 34 25 62 53 22 42 13 30
    19 31 44 36 39 30 20 6 50 41 59 49 53 51 2 18 42 45 61 10 3 62 13 22 26 7 12 37 24 9 21 14 5 25 8 60 32 28 23 55 1 33 43 34 58 15 27 64 35 29 57 56 48 46 47 4 54 16 17 52 11 40 63 38 65
    22 14 55 1 56 12 2 38 54 29 33 61 39 26 6 8 60 19 11 34 28 52 30 46 65 48 36 32 21 63 37 10 41 58 57 4 51 31 62 40 64 44 47 50 17 23 20 13 49 18 43 7 42 35 9 16 27 15 53 25 3 24 5 45 59
    60 48 25 18 28 1 27 50 21 64 17 35 2 47 54 19 20 45 38 61 11 23 29 37 56 13 3 32 55 59 8 53 15 10 26 36 5 49 16 43 62 58 9 52 24 30 46 63 7 42 65 22 34 12 33 44 41 40 39 57 31 51 14 4 6
    20 14 28 18 7 35 37 65 19 13 4 39 64 21 34 53 33 24 56 10 51 22 48 30 23 5 15 40 36 25 32 27 16 31 63 57 46 61 42 49 52 50 58 59 44 26 47 3 2 45 41 12 38 55 17 29 54 43 62 11 1 8 6 9 60
    9 14 25 33 15 45 4 51 50 30 56 11 22 48 1 38 42 35 65 16 12 18 5 63 58 57 32 6 24 7 31 27 21 20 55 49 19 39 26 43 41 34 62 8 60 40 54 17 53 44 59 10 52 36 29 2 46 23 47 13 64 37 28 61 3
    8 22 30 65 4 34 21 17 46 3 52 40 24 50 11 31 55 35 23 60 54 41 47 53 63 39 10 45 9 25 58 57 62 32 37 28 51 49 2 6 13 43 1 56 33 20 18 19 12 26 64 16 29 5 15 59 61 42 48 36 44 7 27 38 14
    22 52 2 30 14 10 4 1 59 21 20 8 25 28 5 3 65 16 19 29 7 18 45 38 49 36 53 62 56 60 44 11 17 58 48 46 34 64 40 32 12 42 47 9 43 54 63 50 15 37 23 41 31 27 55 61 57 24 33 26 39 13 6 51 35
    23 9 24 14 6 38 46 1 3 51 10 52 35 56 16 22 61 8 30 18 55 29 36 7 28 45 57 25 33 65 50 21 32 19 43 47 62 39 13 44 54 15 49 20 26 42 53 2 37 27 17 40 59 12 11 5 48 58 64 34 63 60 41 4 31
    5 51 29 11 48 14 58 9 25 47 2 45 4 40 8 26 16 27 54 46 17 57 59 42 21 49 28 44 35 23 15 53 24 56 52 1 62 36 63 50 10 7 33 30 60 38 41 18 13 12 39 31 37 43 20 22 19 3 61 34 32 64 65 6 55
    21 41 54 48 7 47 59 2 18 64 49 40 62 56 34 12 5 3 4 65 31 20 44 25 51 43 10 26 30 29 53 52 35 61 17 27 33 13 19 55 9 45 36 39 50 8 22 1 46 24 57 6 42 60 32 16 11 15 37 14 28 38 23 58 63
    22 9 49 50 43 63 64 23 57 29 41 18 58 44 54 11 21 28 3 5 51 20 31 65 36 42 45 48 30 60 52 59 25 34 6 37 55 2 15 16 61 62 39 40 1 17 56 38 14 32 12 4 13 46 24 7 33 53 47 35 26 10 27 8 19
    15 51 11 48 27 52 55 59 60 24 8 54 20 38 4 42 49 30 3 37 29 17 58 22 50 1 26 56 6 36 31 13 25 62 43 32 39 7 33 46 47 57 10 23 44 12 61 21 5 9 65 2 19 34 18 64 53 40 14 41 63 45 16 28 35
    56 47 14 30 50 29 38 35 13 3 46 33 22 55 34 17 36 48 61 37 43 7 60 2 58 21 19 16 8 5 15 40 64 51 18 45 11 26 28 9 32 63 4 57 1 59 52 25 41 62 6 31 65 42 24 10 49 39 27 54 53 20 12 44 23
    7 45 25 44 41 34 47 55 2 35 3 52 15 31 1 14 9 49 26 16 5 57 27 21 53 54 4 18 61 22 20 48 6 11 13 36 40 23 58 51 62 33 12 56 32 43 28 39 30 38 19 17 10 8 59 64 37 24 42 46 65 29 63 50 60
    13 15 18 31 55 50 35 25 44 4 29 48 20 52 1 64 6 36 63 56 47 19 26 42 59 51 49 32 22 54 21 5 8 53 23 16 65 38 45 39 41 61 24 30 2 28 46 33 57 7 14 11 9 43 10 40 37 58 62 17 34 60 3 12 27

