66

    53 8 9 13 6 15 24 47 63 38 52 4 7 2 44 36 11 66 61 30 41 19 29 14 42 43 18 62 17 60 16 23 50 28 37 27 5 57 22 40 46 65 58 51 32 33 20 31 49 1 45 12 3 25 10 35 21 39 64 34 55 48 56 59 54 26
    46 23 32 28 41 49 51 1 14 33 63 36 3 26 22 38 48 17 56 47 9 65 19 6 37 30 2 29 34 7 31 35 13 62 27 52 53 5 64 20 55 50 66 57 54 21 42 44 58 61 11 15 8 40 12 39 24 59 10 16 60 25 18 4 45 43
    39 45 61 12 3 23 28 26 10 15 17 62 9 43 50 49 7 19 46 42 41 40 65 51 66 59 60 55 36 20 30 13 58 27 31 4 29 53 24 63 16 6 14 18 48 34 22 32 2 52 64 44 56 54 11 35 37 38 21 5 25 8 33 47 57 1
    29 4 36 16 40 59 63 47 30 1 44 6 17 66 3 12 28 32 51 56 64 48 20 8 62 9 23 25 13 14 65 31 22 42 5 33 21 54 49 39 24 55 11 27 26 35 37 61 18 46 7 50 15 10 2 19 41 58 52 60 45 57 34 38 43 53
    27 15 52 63 14 28 8 39 7 65 56 42 37 47 10 31 20 16 26 55 36 23 1 64 40 58 35 21 53 13 46 49 4 50 57 61 11 59 48 5 6 32 43 45 18 24 29 60 3 38 9 34 17 44 66 22 62 33 54 30 19 51 2 25 12 41
    43 62 26 9 3 27 23 15 1 50 33 5 37 30 66 51 54 10 14 16 29 36 63 21 47 17 44 38 6 65 28 61 25 53 55 59 60 48 18 42 12 41 20 8 45 57 2 40 64 58 34 56 49 39 52 46 35 32 13 19 4 31 11 24 22 7
    37 12 16 44 25 38 28 64 52 3 59 6 29 2 15 26 11 53 66 7 13 48 17 1 46 51 62 10 54 19 8 27 35 57 30 39 33 42 56 22 47 45 55 5 50 31 58 14 24 43 18 41 9 63 21 61 32 36 60 65 40 23 4 20 34 49
    1 65 64 56 44 16 23 51 37 55 46 49 12 41 45 62 47 50 5 18 52 36 21 53 39 17 40 19 61 27 34 8 57 54 25 42 14 30 63 20 26 38 33 48 10 58 66 7 9 4 31 15 29 13 2 28 60 24 59 35 43 22 11 3 32 6
    53 29 10 42 58 46 18 36 66 3 43 64 21 9 59 25 31 8 13 12 49 54 28 56 60 20 47 33 38 17 65 39 45 51 22 4 27 50 63 52 1 7 24 32 55 48 34 14 62 16 5 19 44 11 35 23 57 15 61 26 30 41 2 40 6 37
    25 64 28 11 5 13 15 26 17 48 1 58 36 29 37 27 44 60 16 63 9 65 40 49 18 30 39 33 57 10 35 53 42 46 20 61 38 4 66 51 12 62 19 14 45 50 41 34 22 3 23 52 47 31 32 24 59 54 7 6 21 56 2 43 8 55
    9 50 22 25 26 57 58 65 46 3 42 24 17 52 15 5 18 62 6 10 19 61 41 38 20 44 43 12 37 36 63 30 49 14 51 7 48 56 53 59 34 54 29 8 11 1 39 32 21 66 2 31 27 33 45 23 4 16 64 13 47 55 40 28 60 35
    42 33 17 27 50 40 21 14 8 31 48 11 66 63 61 30 60 65 7 59 49 15 34 55 4 28 57 25 37 39 32 44 2 64 29 26 52 56 51 24 6 54 9 47 45 35 23 1 5 3 58 46 36 18 20 22 13 38 62 12 43 10 53 19 41 16
    38 59 30 43 21 61 33 46 7 26 40 25 1 63 4 27 12 58 37 44 64 23 10 14 2 6 20 62 3 36 9 5 48 22 18 52 57 15 45 54 35 41 50 34 51 32 28 66 8 16 60 31 29 56 65 53 42 11 19 13 24 55 49 17 39 47
    17 21 59 19 6 2 58 5 7 46 60 3 26 48 49 36 31 33 15 35 28 27 43 40 38 14 16 30 34 42 20 63 50 55 57 4 37 53 45 47 24 56 62 9 12 66 52 65 10 8 39 54 51 44 22 11 25 32 41 13 29 23 61 64 1 18
    10 57 59 55 32 38 60 33 41 30 20 39 56 14 46 4 62 47 58 22 31 13 6 15 36 18 48 51 34 16 7 27 25 63 66 61 44 19 53 8 40 64 42 1 50 54 3 11 35 23 29 52 21 26 45 49 12 28 5 65 9 24 2 17 43 37
    15 2 4 32 33 53 43 8 40 30 45 42 11 47 61 24 26 22 29 13 54 31 50 18 34 36 27 5 37 6 59 49 10 65 17 44 14 64 19 48 3 16 41 62 39 52 66 63 35 23 20 21 51 1 55 46 58 25 28 57 38 60 9 7 56 12
    38 9 3 19 54 44 42 66 22 43 53 45 10 30 28 33 47 60 49 29 7 14 52 64 8 25 4 12 62 21 46 24 39 2 35 32 18 1 50 59 63 16 48 36 17 26 40 11 20 56 6 41 37 61 5 23 31 58 55 27 15 34 57 65 51 13
    58 49 25 7 8 54 6 65 42 28 36 55 53 62 4 30 64 45 24 12 10 35 21 15 33 16 40 44 3 46 14 43 31 27 29 11 41 66 38 19 13 63 48 39 2 51 47 23 17 59 56 9 18 61 50 5 1 20 22 32 37 60 34 57 52 26
    61 43 16 24 15 20 59 21 7 8 2 3 47 41 38 49 36 66 5 17 46 40 35 28 9 29 48 32 58 31 42 57 33 18 27 14 11 55 1 54 12 25 64 10 39 23 60 44 52 4 62 51 56 22 30 26 13 19 37 34 6 45 65 50 63 53
    17 46 53 15 66 1 4 31 37 11 61 5 48 12 28 38 16 60 32 65 55 26 10 36 19 50 51 47 33 2 56 44 63 7 6 39 14 59 52 18 22 54 40 25 34 3 41 57 45 43 30 27 24 21 42 64 49 58 35 23 62 8 29 9 13 20
    2 55 8 50 30 9 48 27 3 25 1 20 39 13 52 11 22 57 31 47 14 4 36 66 33 51 46 23 53 7 35 61 5 60 40 6 12 18 58 19 15 43 26 37 21 38 64 44 10 42 63 29 49 17 59 65 24 28 16 34 62 56 54 45 32 41
    45 57 50 56 17 18 42 49 33 66 46 54 48 52 65 58 24 1 21 34 41 9 35 62 32 44 20 39 31 25 6 37 60 14 3 22 64 5 13 38 47 19 40 15 30 16 11 55 26 51 27 8 2 36 10 28 4 63 12 7 61 23 53 43 59 29
    59 22 35 2 38 54 19 5 13 65 1 63 49 9 7 29 14 40 58 60 17 37 51 26 50 42 28 52 44 11 25 39 24 15 34 23 16 3 18 66 33 20 56 43 6 45 46 12 47 21 30 62 53 61 48 27 55 4 10 64 32 8 57 36 31 41
    26 64 4 15 28 17 63 11 57 33 42 59 5 52 22 25 31 29 34 10 39 38 14 45 8 12 19 37 44 40 48 20 65 41 51 55 24 61 7 49 54 2 35 6 53 32 62 56 18 50 21 60 43 36 27 3 13 47 1 46 23 30 9 16 58 66
    38 28 66 36 22 14 25 55 34 2 46 43 40 18 12 13 60 4 58 29 26 24 56 8 65 33 44 19 64 63 49 57 47 61 32 7 41 27 11 6 50 15 59 51 39 3 16 48 10 35 21 62 9 20 23 45 42 54 31 1 17 53 5 37 52 30
    14 64 34 30 26 55 32 5 57 25 36 41 37 44 65 7 61 22 62 23 38 1 63 6 11 59 33 20 42 21 39 24 8 31 46 53 15 19 35 60 45 2 4 28 10 16 18 50 9 29 3 52 43 17 27 58 51 47 49 56 12 66 13 48 40 54
    22 19 5 43 35 16 65 6 54 20 1 7 26 51 17 27 50 23 41 39 33 62 40 29 13 59 4 47 45 58 3 24 53 10 61 32 2 63 15 57 12 18 21 28 38 14 42 34 60 46 64 11 8 44 25 37 9 31 55 36 52 48 30 66 56 49
    60 29 16 33 65 63 9 32 25 14 11 13 58 46 26 62 28 47 27 30 38 57 59 18 3 55 1 21 64 15 42 56 5 45 51 10 35 24 19 50 22 36 2 7 6 54 49 31 20 34 44 53 40 4 37 48 61 8 17 23 12 52 41 43 39 66
    3 38 1 6 26 23 39 30 42 57 25 18 55 22 5 33 12 24 37 40 2 46 51 44 9 34 29 49 17 36 60 14 62 47 65 54 20 13 21 66 32 45 43 53 10 7 56 35 52 11 4 41 64 59 48 50 31 15 16 19 27 58 63 8 28 61
    64 62 3 26 37 66 27 39 52 28 53 10 54 38 7 22 19 14 11 41 51 60 58 13 36 4 23 32 16 45 59 30 5 6 61 63 24 43 31 46 57 50 17 49 65 18 12 33 48 56 1 44 8 15 40 29 35 9 2 42 47 25 55 21 34 20
    48 43 58 21 28 23 60 44 15 49 9 63 29 20 16 61 2 51 34 66 3 11 54 59 57 30 36 45 10 7 22 62 17 50 46 6 39 41 40 33 18 27 64 13 42 14 4 24 31 53 25 55 37 38 12 65 47 52 8 56 5 35 26 19 1 32
    41 6 11 9 4 64 39 13 26 66 21 36 60 50 15 34 7 44 18 8 19 52 1 46 3 2 20 5 57 45 32 30 59 53 22 23 63 61 49 65 37 55 62 31 25 12 42 14 33 29 40 24 27 10 54 17 35 58 38 48 47 28 43 16 56 51
    24 50 8 49 39 45 2 66 53 22 16 36 62 28 63 29 5 65 33 56 51 30 17 18 19 48 41 9 43 47 64 11 60 6 26 35 3 13 1 37 61 31 54 59 20 14 52 42 27 25 10 7 44 21 58 15 38 55 23 34 32 40 4 57 46 12
    56 12 62 54 30 26 38 10 48 43 34 18 11 47 3 50 46 9 24 27 52 39 66 32 61 41 55 42 36 45 21 60 59 17 25 19 5 57 4 14 40 29 33 31 15 53 13 28 49 6 16 35 37 8 22 20 63 1 65 7 23 51 2 64 44 58
    57 63 15 56 14 61 17 10 62 44 21 37 36 2 40 58 29 20 47 30 8 55 41 33 5 13 50 53 45 54 48 65 19 39 12 60 49 23 64 66 51 28 25 59 1 34 22 38 3 27 35 52 4 11 43 46 9 24 18 7 31 16 42 26 32 6
    56 16 10 61 62 39 38 31 24 57 65 58 25 50 17 49 20 47 60 34 28 5 4 26 53 32 42 12 35 36 19 3 23 21 54 2 37 29 41 27 30 7 55 33 64 18 46 22 63 40 1 59 45 48 14 6 66 13 11 52 51 15 8 44 9 43
    3 56 23 9 4 20 61 11 43 33 63 51 45 62 1 27 59 19 35 53 12 28 31 57 58 52 66 16 30 50 48 22 5 2 21 18 41 55 24 10 25 37 46 54 15 13 49 60 36 8 47 26 29 65 38 44 32 17 14 39 6 34 42 7 40 64
    14 32 60 29 34 18 1 58 22 52 21 54 37 51 5 17 64 56 20 28 35 31 13 62 3 45 48 49 11 65 15 40 57 38 2 63 46 8 12 24 6 47 41 10 66 44 25 42 53 4 59 39 55 61 19 16 50 9 26 33 43 23 7 27 30 36
    36 30 57 43 19 22 63 3 40 35 58 21 12 51 10 5 62 4 23 29 8 41 2 64 37 27 25 32 54 26 42 53 45 24 1 16 31 46 15 44 55 59 66 38 56 6 18 7 34 52 20 49 39 65 13 47 14 60 48 17 33 11 50 61 9 28
    43 65 30 44 24 25 60 15 28 33 66 32 17 27 20 41 49 2 61 50 48 1 35 56 13 47 10 11 22 62 53 37 21 8 54 39 6 16 45 18 36 19 26 4 59 31 38 57 14 29 55 63 42 7 40 12 52 23 3 64 34 46 9 5 58 51
    53 39 46 15 21 23 36 7 2 34 66 12 60 14 27 37 64 38 11 33 61 40 26 41 8 47 6 44 65 30 59 1 18 42 10 22 17 9 43 31 28 62 48 58 50 45 49 19 35 51 63 25 56 57 3 13 16 24 20 32 55 5 52 4 29 54
    61 16 10 47 40 7 26 15 57 65 28 54 4 49 5 24 45 36 2 58 23 42 63 35 52 25 38 13 62 14 41 8 20 64 33 17 12 44 31 50 27 53 56 29 51 22 39 11 37 3 34 60 1 30 66 48 59 21 9 43 6 32 19 46 55 18
    25 53 9 19 31 35 57 32 65 2 39 23 59 50 41 40 24 37 60 7 43 62 4 20 44 22 36 49 51 58 26 21 64 56 54 12 30 18 29 46 13 3 28 11 33 55 14 66 8 27 16 47 38 63 6 45 10 61 1 17 5 15 42 52 48 34
    41 12 29 43 64 46 66 49 15 36 63 59 45 57 40 34 38 51 3 33 39 62 4 58 22 44 37 9 60 8 16 19 47 2 31 21 50 18 65 11 56 27 26 6 54 1 28 35 30 52 17 48 53 32 14 7 13 25 20 61 23 42 24 55 5 10
    44 60 2 45 39 52 65 18 17 5 12 31 32 4 35 22 16 50 64 6 55 47 37 14 66 61 54 3 15 9 26 7 23 24 62 57 56 58 25 1 27 30 51 11 13 33 36 20 63 8 38 49 19 29 48 21 42 53 41 59 43 34 28 40 10 46
    15 33 62 58 55 21 27 44 22 64 12 29 19 23 4 24 53 63 49 60 25 9 42 52 36 20 1 35 50 56 34 57 18 40 5 8 45 37 2 59 54 46 26 31 10 47 30 6 65 17 14 39 66 16 48 7 13 3 61 43 32 41 28 51 11 38
    16 48 25 34 54 2 40 18 11 4 1 38 42 9 15 66 47 44 52 61 62 45 8 24 10 7 59 12 26 6 63 5 50 27 32 30 22 39 33 13 41 51 23 20 65 36 57 14 31 35 43 29 55 60 19 53 46 28 58 21 49 17 56 37 3 64
    55 15 43 18 12 25 47 42 35 62 53 52 65 63 40 16 27 64 39 41 9 54 51 44 29 6 21 49 4 34 36 20 22 61 7 26 32 10 38 2 30 31 60 1 11 28 37 23 46 57 58 66 14 48 13 19 56 8 17 59 5 45 33 24 50 3
    1 39 32 36 65 61 22 43 52 13 48 41 42 62 17 27 4 66 64 29 25 24 49 2 23 9 53 21 5 55 60 30 14 51 16 54 58 59 63 45 44 46 35 3 56 47 38 15 8 34 28 11 33 20 12 40 37 26 18 57 31 50 19 6 10 7
    10 45 34 61 53 37 17 2 39 8 7 29 32 58 14 63 59 49 50 22 46 52 65 13 40 62 4 5 42 66 15 11 23 3 24 41 12 33 47 19 48 28 64 51 9 6 35 44 26 57 54 30 55 20 56 1 38 16 31 21 60 27 25 18 36 43
    34 49 16 58 7 37 22 57 63 26 53 2 38 46 23 36 10 15 25 56 27 62 20 39 29 43 31 42 1 65 48 24 11 40 64 50 55 9 28 6 44 41 61 4 35 17 5 52 66 51 45 8 19 54 32 60 14 21 13 47 18 3 12 59 33 30
    28 25 37 18 15 4 13 41 55 8 64 58 39 38 36 57 44 14 33 45 40 5 17 29 60 20 52 10 30 54 9 19 62 53 23 24 65 61 2 32 21 59 66 1 31 7 43 50 35 11 63 47 34 56 48 27 6 46 42 3 22 51 26 12 49 16
    54 30 20 60 17 39 34 61 29 35 38 1 52 25 44 41 10 66 13 43 59 23 65 22 16 45 42 8 24 40 27 51 53 7 48 3 55 63 49 57 19 4 47 28 56 31 6 9 64 50 26 33 18 32 62 12 14 46 21 37 15 36 2 58 5 11
    5 53 49 62 8 64 7 34 55 9 20 52 56 25 46 29 36 35 10 40 61 37 41 21 30 2 58 31 4 66 11 48 39 42 15 3 38 50 65 27 23 47 59 6 18 60 1 13 19 32 26 22 16 24 44 54 33 57 17 45 43 28 12 14 63 51
    11 1 63 61 4 39 58 32 33 35 37 54 30 16 23 2 47 13 29 48 64 49 5 21 53 17 25 42 19 20 46 62 66 31 44 3 7 27 45 55 15 52 8 36 10 6 26 60 51 56 34 18 14 57 24 38 12 22 65 41 43 40 28 50 59 9
    14 1 47 51 43 9 27 40 46 33 44 61 10 21 20 19 49 41 42 25 17 8 62 53 65 12 15 32 13 39 50 58 5 6 63 55 56 11 35 64 28 48 66 3 30 54 45 18 60 37 52 59 26 29 24 38 23 22 16 4 57 2 31 7 34 36
    34 42 16 62 59 48 10 29 2 36 12 1 18 35 52 37 28 20 9 23 19 51 27 8 56 25 65 50 45 31 21 43 6 11 41 30 66 46 7 38 64 40 14 39 57 26 58 15 5 61 24 17 33 22 32 44 53 55 3 49 54 47 13 4 60 63
    28 1 47 59 16 39 43 20 62 22 36 31 37 63 38 2 41 58 9 4 15 17 3 34 5 66 26 40 49 42 27 23 64 50 53 54 44 7 33 6 35 18 13 24 11 51 46 52 19 61 14 29 8 55 32 56 12 30 25 48 45 65 57 10 21 60
    44 6 53 31 16 59 29 25 7 18 39 19 58 17 9 63 43 61 5 56 21 37 12 32 42 2 49 60 24 15 36 33 28 65 27 11 46 26 47 52 55 23 20 57 4 34 54 35 38 10 48 41 13 22 1 45 40 66 30 51 62 50 3 64 14 8
    49 11 9 59 10 58 24 3 2 37 18 61 6 1 7 46 57 47 22 27 14 56 55 38 19 31 8 28 34 53 5 50 52 40 25 62 21 16 35 12 44 26 65 36 17 41 29 33 66 39 15 20 42 45 30 63 43 51 60 23 48 13 32 54 64 4
    34 44 58 19 46 35 49 41 18 43 9 39 2 20 32 36 52 40 61 27 3 60 28 54 64 38 4 6 55 47 25 37 33 48 31 7 13 57 29 12 14 66 26 23 16 15 30 65 24 56 59 63 5 10 51 50 8 53 11 62 45 17 1 22 21 42
    12 60 47 25 32 50 3 19 65 24 13 10 55 26 14 64 29 37 56 36 15 34 9 1 49 22 41 16 58 11 46 21 7 30 23 40 66 53 48 52 20 8 4 31 61 57 17 63 59 43 33 62 44 6 54 18 45 27 51 28 42 39 38 35 5 2
    11 7 28 39 41 64 32 53 1 29 26 37 49 63 20 18 9 55 65 38 19 15 50 23 56 35 46 48 58 57 33 10 12 40 4 14 21 43 17 8 61 66 47 31 22 34 3 27 54 6 25 59 5 51 36 60 16 52 44 24 62 42 2 13 45 30
    7 24 65 51 25 59 27 40 9 35 49 50 23 13 11 54 17 62 6 30 14 48 4 52 53 32 56 47 5 60 16 64 19 15 33 34 61 37 28 26 31 39 21 29 38 63 45 22 3 55 66 18 20 36 2 1 46 10 43 12 44 42 8 57 58 41
    16 5 59 35 8 20 45 62 26 33 2 11 23 32 4 12 42 53 14 30 56 58 22 46 54 15 48 10 49 47 50 57 28 60 21 6 44 63 36 61 29 43 38 24 40 65 18 55 17 9 3 51 52 7 66 37 39 19 31 25 27 34 13 41 1 64
    32 26 43 56 5 6 7 48 16 28 46 58 44 1 24 9 4 65 33 12 23 53 15 10 39 55 50 35 11 63 19 52 30 38 21 41 22 3 40 13 59 29 45 27 54 36 51 18 2 61 25 42 47 14 49 60 17 34 62 20 8 64 37 57 31 66
    60 2 34 32 59 56 14 11 61 38 17 12 39 9 16 13 5 46 49 6 51 22 35 27 41 57 48 7 18 42 4 19 31 64 63 24 58 66 8 10 30 47 3 33 21 44 25 45 54 43 55 20 52 28 40 29 23 65 37 53 50 36 62 15 26 1
    64 46 2 60 38 19 4 43 11 26 29 40 6 54 22 30 57 48 12 25 15 62 24 34 35 58 1 41 59 56 3 45 28 27 20 8 63 9 65 10 44 51 49 16 61 13 18 17 37 39 42 52 66 14 47 7 5 55 36 32 33 21 53 23 50 31
    7 26 57 23 18 19 48 5 14 15 31 46 29 37 9 59 33 13 60 35 43 2 36 16 45 61 50 10 53 28 66 24 49 44 62 17 38 55 22 27 39 12 56 47 52 40 65 4 21 1 8 54 51 20 3 41 32 30 63 58 34 25 64 42 6 11
    35 4 19 5 40 37 28 53 33 46 44 20 48 59 31 42 65 2 25 34 50 8 30 3 56 15 52 49 57 22 29 1 61 58 51 55 63 41 27 13 12 21 60 62 23 17 66 18 10 64 32 7 54 36 43 39 6 9 11 24 47 38 45 26 16 14
    45 33 28 13 23 2 34 4 55 43 1 3 53 59 6 29 54 35 39 36 17 60 32 48 25 16 22 42 66 20 65 57 21 24 52 27 61 14 9 12 46 26 41 56 11 44 47 30 5 51 38 18 19 7 58 15 10 37 50 31 63 40 49 62 64 8
    6 34 43 49 50 27 14 26 24 38 66 41 52 12 53 17 4 18 39 62 64 9 59 48 61 16 32 19 1 28 55 30 54 46 22 7 21 57 23 47 63 20 65 40 35 3 25 45 51 15 10 36 11 37 13 29 44 58 33 31 2 8 42 60 5 56
    15 37 62 46 26 13 4 34 44 64 16 55 33 52 31 1 8 7 17 30 45 19 28 3 5 63 29 56 10 49 23 39 48 20 24 36 21 38 32 27 2 18 41 61 54 6 51 14 11 12 9 59 60 58 53 43 65 40 57 25 50 66 35 47 42 22
    48 31 17 66 5 45 42 29 3 19 6 52 34 49 7 2 8 39 35 40 63 62 33 51 56 59 58 38 44 9 11 20 25 32 22 61 13 64 4 24 12 10 60 26 21 18 27 16 46 23 65 28 55 30 50 14 54 36 41 37 1 47 43 53 15 57
    47 17 19 16 8 46 43 59 31 1 51 50 30 48 26 39 6 4 24 63 13 29 7 54 42 41 11 15 52 34 14 12 20 61 25 28 56 57 21 5 44 2 37 32 58 9 66 38 60 35 23 64 18 33 55 36 53 10 49 27 40 22 45 3 62 65
    50 23 55 44 30 34 1 25 18 66 5 35 60 19 7 26 29 13 28 57 61 22 62 17 8 27 36 14 6 52 20 53 11 40 38 65 56 64 48 45 31 16 10 59 58 49 63 4 3 21 9 43 51 47 41 2 39 54 32 42 33 37 24 15 46 12
    4 55 60 8 2 22 64 53 11 34 59 29 31 66 13 44 28 43 38 51 32 21 18 62 37 63 16 47 15 6 33 35 23 24 45 1 3 12 30 5 20 39 57 14 54 48 41 17 25 61 42 50 65 58 36 10 26 9 49 27 19 56 46 52 40 7
    11 37 41 39 62 42 13 19 53 54 33 24 59 14 7 29 28 55 2 35 36 45 48 64 17 6 9 31 8 3 25 56 21 5 44 65 20 51 16 61 30 34 1 52 47 12 60 63 18 22 40 27 23 66 15 50 46 10 57 58 38 32 43 4 49 26
    40 30 28 36 43 23 19 41 26 35 62 33 20 56 24 66 25 65 48 31 51 46 4 10 8 1 50 49 52 34 37 5 6 64 29 17 7 58 3 13 22 9 38 60 53 59 32 27 55 21 2 18 42 16 54 47 57 44 63 39 14 11 45 61 15 12
    26 3 46 34 19 50 29 55 62 25 53 66 33 15 65 35 56 27 20 32 14 51 21 6 10 39 16 11 9 42 63 49 37 28 59 61 40 31 36 2 58 44 54 38 64 45 1 12 7 52 30 23 17 48 60 13 8 47 57 22 24 4 18 41 43 5
    57 43 21 59 32 39 18 16 8 24 31 37 35 63 30 11 34 33 29 55 12 56 23 9 36 41 64 5 46 1 66 45 10 48 62 13 49 17 22 19 54 47 44 61 51 15 14 65 27 20 60 7 50 28 52 2 53 26 25 40 6 58 3 4 42 38
    59 16 56 10 7 66 12 11 55 19 38 63 41 15 46 32 8 1 25 26 31 58 27 33 62 65 60 37 18 17 3 44 14 52 30 29 40 39 42 49 34 47 6 36 28 57 13 45 43 35 21 4 23 61 20 24 22 48 2 64 53 54 9 5 50 51
    43 59 32 7 16 60 62 30 57 12 8 51 33 18 44 40 14 15 63 31 35 1 26 45 20 48 42 56 29 61 53 10 23 55 11 3 2 64 36 47 27 38 52 24 17 58 46 6 21 66 37 34 65 50 41 49 28 39 5 9 54 25 19 4 13 22
    42 12 52 2 28 56 66 60 64 46 63 38 58 29 33 53 47 31 54 24 23 15 14 19 27 18 45 21 34 36 62 1 57 10 40 41 32 8 43 55 13 17 65 20 22 6 26 16 7 25 48 61 44 3 4 5 39 9 35 51 11 49 37 30 50 59
    48 58 21 38 29 9 55 47 53 44 20 3 25 19 32 13 4 64 17 10 36 27 24 40 60 59 41 63 39 57 43 2 1 50 33 23 18 15 51 42 34 6 11 46 12 16 61 31 65 28 8 52 56 37 7 62 5 22 30 35 45 66 14 54 49 26
    33 3 14 64 65 50 20 4 63 28 35 26 22 52 48 45 2 15 44 36 5 30 38 53 37 32 55 10 59 43 34 12 1 41 31 57 62 23 58 51 66 56 29 17 11 25 39 49 16 8 47 61 42 13 19 21 6 54 46 40 18 24 7 9 60 27
    58 52 14 53 35 16 41 11 59 48 37 29 10 3 1 8 7 62 24 17 27 31 46 61 21 65 40 55 6 42 4 57 36 63 49 18 20 19 12 34 51 47 38 5 50 23 22 33 25 44 64 15 13 56 54 9 28 60 66 39 45 2 26 30 32 43
    17 40 60 28 62 55 16 9 61 18 29 12 8 31 65 33 49 36 39 22 44 20 3 42 13 38 10 11 26 37 54 7 45 21 30 47 64 35 25 41 43 32 48 46 52 34 27 57 1 15 4 63 2 66 58 59 50 14 23 24 5 53 6 19 51 56
    51 61 58 66 16 5 60 62 23 54 38 6 57 31 50 49 64 52 41 48 14 25 17 55 33 56 42 26 13 47 7 20 12 27 65 34 2 3 45 9 19 32 40 4 28 53 30 37 21 63 10 43 35 46 11 18 44 39 24 8 59 22 1 36 15 29
    34 58 50 38 22 37 2 14 19 59 25 64 65 35 15 13 5 36 51 11 3 7 54 23 41 55 17 9 31 43 57 27 62 4 6 32 63 33 42 46 45 29 47 48 60 16 61 1 39 10 66 53 44 28 21 8 40 52 20 30 12 24 18 56 26 49
    11 13 37 44 16 27 4 25 61 45 59 17 58 53 23 24 42 3 28 57 10 2 39 40 64 1 18 19 62 49 33 38 35 14 21 60 51 32 36 50 41 8 9 22 15 5 30 12 52 26 48 65 31 47 20 29 56 54 63 7 43 55 46 6 34 66
    11 36 65 63 24 40 19 64 1 4 28 41 8 61 31 33 20 42 23 56 62 2 53 22 13 60 50 32 58 66 15 6 57 7 59 12 34 21 26 52 16 48 35 9 39 37 18 10 38 47 17 27 29 14 30 55 5 51 46 3 43 44 49 45 25 54
    25 54 22 20 45 44 63 10 21 57 17 4 50 60 51 5 14 58 13 55 2 62 32 53 18 31 24 23 42 7 30 66 61 65 3 43 26 28 33 56 29 19 9 1 37 64 47 6 41 48 12 38 40 34 49 15 52 35 27 46 39 36 16 59 8 11
    49 21 15 65 8 61 37 40 14 5 44 11 17 63 56 64 36 23 2 46 31 4 54 42 50 26 19 38 53 58 34 62 13 24 1 66 55 9 43 57 45 47 51 7 33 35 32 20 3 48 16 6 25 27 30 18 52 29 10 28 22 59 41 39 12 60
    41 2 4 25 18 14 51 27 6 7 44 28 43 49 35 9 57 22 58 21 11 63 37 45 34 47 23 56 15 26 61 55 19 36 66 8 46 30 16 39 64 33 50 59 42 32 3 52 1 40 62 24 31 17 60 65 12 54 48 53 29 10 20 5 13 38
    2 42 44 34 23 30 61 55 53 7 41 64 62 54 47 28 56 9 45 51 6 33 58 63 50 14 32 5 35 10 60 48 25 8 11 18 29 20 46 3 59 16 1 66 38 31 57 17 40 36 43 15 27 49 4 24 39 21 19 13 37 52 12 65 22 26
    43 37 17 30 20 22 48 10 42 34 3 44 11 12 25 15 66 53 13 47 64 65 50 45 29 19 39 2 32 62 9 33 14 46 24 8 6 36 26 18 21 60 38 54 55 56 7 49 40 58 16 35 52 4 63 61 31 59 28 57 41 1 5 23 51 27
    59 31 11 48 39 50 52 13 63 56 44 38 9 43 46 57 55 37 54 23 49 58 16 19 47 14 64 29 8 42 27 28 30 24 15 32 21 62 12 53 41 6 61 5 36 1 66 2 65 35 18 7 17 3 45 40 22 60 4 10 25 34 33 51 20 26
    59 55 13 23 24 41 14 65 15 64 32 42 45 25 44 62 39 36 40 6 58 20 38 10 4 54 60 34 48 37 2 66 31 12 18 19 63 46 33 11 7 26 9 50 1 21 27 51 49 57 17 5 16 28 56 52 3 43 30 22 29 8 53 47 35 61
    57 14 10 32 39 35 1 3 21 43 56 4 61 41 62 31 59 42 11 50 24 20 29 65 55 19 16 28 60 47 22 40 12 27 44 48 6 45 66 36 30 49 9 13 17 58 7 63 54 64 18 26 23 46 33 38 53 2 15 25 5 8 51 37 52 34

