67

    56 22 62 38 44 28 27 34 50 58 1 15 65 25 41 2 40 51 64 18 16 29 30 39 8 55 42 23 60 63 17 53 21 36 11 67 33 49 35 52 24 7 32 14 54 13 19 59 57 20 6 3 61 45 37 46 12 48 4 31 43 26 66 9 10 5 47
    12 44 64 6 13 47 32 20 46 62 63 30 57 18 25 49 9 15 55 21 34 58 43 33 19 35 23 66 8 65 4 5 52 48 61 29 45 37 40 27 26 56 31 2 16 22 7 42 1 53 59 11 54 28 10 36 17 60 51 3 50 38 14 67 41 24 39
    40 25 1 66 4 33 29 12 17 30 15 46 56 24 11 67 58 47 13 61 39 8 23 22 28 2 54 65 62 45 63 37 36 55 38 18 43 9 64 35 44 60 34 48 32 21 49 3 59 14 31 51 6 16 27 19 20 5 7 52 50 41 26 53 57 42 10
    45 7 29 21 13 9 14 55 30 8 27 64 62 46 33 25 66 31 49 39 61 50 53 19 1 59 22 37 17 15 5 60 56 57 35 47 43 48 41 3 32 54 11 12 6 42 36 38 26 40 16 67 10 44 34 63 24 4 52 28 65 23 51 18 58 20 2
    55 57 45 27 65 22 13 28 60 29 16 26 35 36 6 1 48 40 18 17 30 44 58 61 52 7 23 59 25 10 42 20 15 50 43 24 64 8 9 66 51 31 53 2 63 47 37 14 41 32 34 11 21 5 38 33 12 54 19 39 49 56 4 46 67 3 62
    66 25 36 29 9 20 62 30 1 16 8 32 42 10 12 55 6 17 28 64 52 44 56 40 19 45 57 33 26 49 24 54 61 60 13 65 18 51 63 43 37 53 67 21 39 11 34 27 59 3 15 38 2 41 4 5 58 23 14 48 7 22 50 31 35 46 47
    11 42 21 18 59 58 32 28 4 7 9 55 35 27 29 51 12 15 19 38 3 63 45 22 16 44 46 43 10 33 65 61 57 41 34 62 47 48 5 8 2 17 30 54 26 24 53 66 13 67 14 64 39 1 60 49 23 31 25 20 6 52 37 50 36 56 40
    10 42 25 56 48 14 30 49 51 6 3 34 43 22 45 50 67 17 15 36 20 38 13 12 33 4 16 27 63 66 26 54 29 55 47 11 53 5 35 61 60 46 64 44 59 39 52 58 23 62 18 21 37 28 7 19 40 9 8 24 1 57 41 65 32 31 2
    35 55 6 53 57 34 22 12 11 3 15 41 32 64 43 58 50 7 56 42 46 37 54 61 25 36 16 21 8 39 30 66 45 9 17 47 49 19 59 48 5 2 28 23 52 31 13 26 67 63 51 20 29 1 4 44 33 38 65 18 24 27 60 40 62 10 14
    21 58 56 38 3 31 29 20 8 49 34 17 65 45 64 48 12 37 47 61 6 16 19 41 35 25 11 7 52 2 15 51 60 36 59 14 63 10 13 46 50 18 9 39 26 27 24 5 42 44 62 54 53 28 4 23 57 33 66 43 1 55 30 32 22 40 67
    65 16 44 15 12 10 30 33 66 55 53 17 6 29 50 11 18 45 34 56 61 62 5 27 4 40 24 47 67 46 31 38 8 23 26 52 22 7 57 60 54 35 28 63 42 43 58 13 9 64 59 36 51 39 48 14 21 2 49 41 19 3 1 32 20 25 37
    31 13 61 56 40 41 24 7 21 43 66 46 36 58 63 4 5 30 60 54 37 35 26 2 50 17 53 19 42 22 64 44 16 38 52 23 12 27 18 11 33 34 47 57 9 25 15 6 10 59 45 20 39 8 65 14 1 67 49 3 55 29 28 62 51 32 48
    8 5 17 37 28 44 64 24 39 60 42 50 22 58 49 3 38 1 6 56 46 59 18 52 19 2 51 48 65 66 55 36 57 53 67 10 9 23 21 20 45 63 41 43 16 32 29 26 13 4 62 15 14 54 30 25 7 33 31 47 40 27 34 35 11 61 12
    1 49 20 62 15 64 31 56 37 24 12 65 40 45 38 63 39 54 30 36 13 44 29 61 53 8 46 19 11 51 35 3 2 4 9 6 16 66 17 52 26 18 55 23 67 43 48 21 42 25 28 14 59 41 10 5 32 34 7 27 58 22 50 57 33 60 47
    5 10 18 47 15 11 65 20 63 42 59 19 46 51 45 25 17 24 34 48 62 56 8 13 29 12 39 61 35 43 67 21 60 58 44 33 31 9 14 54 52 28 57 26 27 66 30 53 7 37 55 64 36 50 32 4 2 38 41 22 40 1 49 23 6 3 16
    55 1 45 40 62 47 6 28 60 67 46 23 26 34 58 42 12 39 25 44 31 24 2 18 14 27 16 38 20 43 56 32 19 63 21 7 5 35 22 49 10 8 51 30 29 15 50 61 59 3 48 53 36 52 11 9 13 41 17 37 54 64 33 66 57 4 65
    47 38 53 2 1 56 41 5 44 65 14 59 40 27 35 34 11 39 9 10 49 25 8 28 6 30 36 37 55 18 52 48 24 7 60 16 57 17 3 13 20 22 51 26 15 67 4 31 42 61 45 54 23 50 62 32 63 21 29 19 12 46 43 58 64 66 33
    9 36 24 61 34 47 41 45 7 53 63 26 13 60 33 25 49 50 48 64 2 32 11 54 6 43 4 27 21 55 5 18 12 10 23 62 42 3 15 46 28 1 57 20 31 44 40 8 37 52 38 17 39 56 59 66 35 22 65 19 67 51 14 30 58 29 16
    40 65 53 61 4 18 59 55 36 13 16 24 51 28 64 9 49 43 2 8 67 27 35 7 31 25 1 62 44 23 60 56 50 30 58 66 17 32 22 5 19 54 20 39 63 37 29 12 47 45 48 26 6 52 33 15 46 34 38 10 41 57 21 42 3 14 11
    15 6 61 19 63 54 38 50 36 40 1 45 26 44 14 27 5 34 7 52 51 53 47 11 56 9 24 32 41 12 8 55 35 39 29 23 49 67 2 25 13 21 37 65 33 20 18 64 60 62 22 48 10 42 28 16 17 59 66 43 30 46 58 3 31 57 4
    65 6 25 50 23 38 63 36 21 47 55 41 16 45 57 4 9 26 8 48 42 3 54 39 67 10 20 28 13 37 58 60 61 46 15 19 5 56 27 62 43 7 12 30 24 40 17 53 1 22 18 11 33 44 31 64 14 49 59 52 32 51 34 2 66 29 35
    63 25 1 59 24 7 46 29 2 42 62 50 18 60 36 20 28 13 4 35 16 21 52 65 67 27 8 12 38 57 66 9 53 51 39 15 40 41 54 6 48 61 58 44 31 22 19 56 10 14 3 11 49 55 64 33 34 45 32 43 30 17 5 37 26 23 47
    36 56 2 21 67 53 35 12 58 61 10 60 43 13 1 14 26 52 39 45 59 46 37 24 20 23 3 15 28 62 16 50 42 51 17 19 41 29 48 30 34 49 11 8 33 22 38 9 31 44 63 54 18 40 64 57 66 6 25 55 7 47 65 5 4 27 32
    55 6 14 10 32 49 23 47 29 40 12 1 67 38 16 26 27 50 64 3 34 48 8 58 19 41 63 46 60 20 37 2 18 11 13 35 61 59 9 52 51 25 62 5 33 24 22 28 54 44 4 65 36 30 57 56 45 17 39 15 21 42 43 53 31 7 66
    8 27 52 43 36 6 37 26 15 31 25 57 63 50 62 19 14 21 17 9 40 20 30 38 49 5 34 56 29 39 44 12 61 1 4 33 53 55 7 10 47 67 65 59 45 24 11 3 18 32 2 22 58 54 23 51 60 66 64 48 41 28 16 46 13 42 35
    38 39 60 3 12 4 9 45 37 21 25 47 66 2 19 29 34 5 64 44 61 51 53 59 7 40 8 57 67 1 31 65 17 54 50 16 20 32 43 26 10 56 35 6 55 33 23 14 42 13 46 22 41 52 30 48 15 58 11 24 36 62 49 18 63 27 28
    38 1 32 16 35 43 48 4 29 33 18 11 51 46 42 50 19 7 66 2 44 40 31 39 30 12 54 55 28 52 59 45 22 14 9 6 3 23 8 24 41 15 62 64 10 13 37 21 67 27 34 47 58 17 26 5 60 36 20 49 56 65 25 61 63 53 57
    12 9 67 34 15 25 53 36 31 28 41 14 50 65 26 2 35 60 13 6 23 55 39 21 49 45 10 57 52 27 48 56 54 47 30 40 66 11 18 1 42 63 5 64 29 20 59 16 58 38 7 19 3 24 51 33 62 44 4 32 46 43 8 61 37 17 22
    9 53 41 43 29 66 50 64 51 17 19 62 48 16 37 49 6 24 2 8 63 35 42 65 45 25 44 1 57 33 55 4 27 15 26 28 18 47 11 67 32 23 46 56 34 3 40 61 39 58 60 7 31 36 20 52 30 5 22 38 21 59 14 12 10 54 13
    27 49 18 6 41 17 34 10 51 36 3 39 45 1 61 66 24 38 8 9 53 15 20 67 62 2 52 47 30 55 23 37 50 16 42 19 4 14 57 56 11 58 21 43 60 63 7 46 12 28 22 40 26 25 32 54 44 59 31 5 64 35 33 29 65 13 48
    61 15 55 44 39 2 12 48 10 60 21 52 30 36 28 46 37 6 47 14 34 3 56 63 17 45 16 32 8 22 29 27 42 18 19 26 25 7 41 31 5 59 35 53 33 65 1 66 9 57 40 43 50 62 64 38 54 49 13 20 23 4 67 51 58 24 11
    48 12 41 47 30 5 45 13 6 18 65 36 20 31 38 23 17 44 1 59 39 15 32 28 56 53 26 35 64 52 33 63 49 25 2 46 60 66 50 61 7 55 51 62 9 11 42 57 27 29 19 21 34 10 54 58 3 4 24 37 16 14 43 8 40 22 67
    38 66 17 58 50 27 62 18 61 44 11 55 47 67 54 53 6 3 31 21 26 33 19 60 16 20 43 51 45 22 2 35 5 42 59 56 30 41 65 10 48 9 40 52 64 36 8 39 23 25 37 24 29 34 63 4 13 15 49 1 28 57 7 32 12 14 46
    48 54 19 21 33 3 16 51 43 64 29 24 58 47 23 28 27 63 11 65 52 25 46 14 10 38 41 66 67 59 6 39 36 15 9 45 57 26 35 61 22 40 53 8 62 44 4 17 56 7 20 1 18 12 2 49 42 5 30 50 60 37 13 34 31 55 32
    32 36 46 12 1 8 3 35 51 34 28 62 22 14 48 16 19 61 13 63 40 65 50 44 33 67 66 57 64 29 60 42 53 31 10 15 20 7 37 45 38 55 43 11 2 4 6 23 9 54 47 21 39 41 24 52 17 59 58 25 56 5 26 49 30 27 18
    42 66 17 16 6 15 31 45 64 29 58 48 3 34 21 60 2 43 12 7 4 52 33 22 1 41 57 20 37 36 25 55 56 38 5 40 65 24 18 39 62 8 14 67 23 59 63 46 10 47 13 32 28 50 30 54 35 27 44 53 61 51 19 11 26 9 49
    40 65 60 38 33 6 62 20 15 35 23 45 64 39 63 46 28 3 16 25 26 4 7 49 1 12 43 21 47 42 37 36 52 44 13 67 19 27 32 2 55 53 50 14 66 57 54 48 10 29 18 61 56 31 51 8 41 34 22 11 59 5 17 30 24 58 9
    60 54 34 36 7 43 22 3 26 59 62 55 25 31 6 45 40 67 18 49 4 17 15 16 32 29 33 13 24 53 5 38 52 48 47 50 10 44 1 9 65 61 23 46 30 21 39 58 2 12 8 19 11 41 66 37 63 57 20 51 27 28 56 14 42 35 64
    28 6 9 57 20 11 64 30 24 61 3 52 67 41 26 38 39 21 62 22 31 1 4 63 17 15 40 45 59 43 25 47 50 44 12 34 18 33 37 53 56 16 46 29 66 14 8 7 60 13 19 58 10 36 51 27 5 23 55 2 49 35 48 54 65 32 42
    16 23 6 45 57 56 41 46 22 19 18 2 26 34 29 33 40 4 51 50 64 39 44 52 42 13 7 27 36 49 24 35 14 12 31 66 21 17 15 67 53 30 3 10 5 47 60 48 38 65 63 55 62 9 20 11 28 58 59 1 61 25 37 54 32 8 43
    29 22 51 53 63 13 52 9 23 21 3 41 11 31 18 57 7 45 17 32 28 10 42 15 48 46 49 6 35 44 2 47 67 43 56 26 30 61 40 59 65 55 33 58 54 39 5 19 34 14 1 4 36 25 16 37 38 12 8 50 60 24 20 62 66 64 27
    39 14 44 27 47 33 13 18 50 54 32 62 65 25 66 45 38 67 60 56 30 4 7 64 41 23 37 20 10 58 35 5 31 53 55 2 29 21 63 19 51 24 22 1 6 34 43 3 11 16 46 61 8 48 17 59 26 49 9 36 42 52 40 28 12 15 57
    50 1 49 11 26 59 52 48 14 55 64 19 12 36 53 61 41 22 39 37 24 15 18 5 46 13 10 32 4 60 44 51 35 21 42 47 2 27 20 25 33 7 6 34 56 66 58 16 62 29 9 30 40 43 28 67 8 23 65 45 3 57 54 38 17 31 63
    7 33 54 32 48 12 35 37 10 47 36 22 9 39 23 64 40 59 30 21 14 18 66 60 67 45 13 52 4 17 20 31 6 19 55 51 15 42 53 65 27 61 43 57 49 26 28 41 16 25 11 50 58 3 29 1 24 62 2 46 8 56 63 5 38 34 44
    24 37 47 5 52 57 29 40 3 63 17 15 55 38 41 7 20 2 23 16 1 31 33 60 45 27 49 39 51 35 10 6 43 48 46 62 21 25 53 22 59 26 44 30 9 64 50 14 67 18 65 42 19 66 34 4 13 8 36 56 11 28 61 54 32 12 58
    62 42 44 18 35 1 53 60 21 58 34 22 3 45 59 17 33 40 9 54 24 28 57 55 13 48 23 37 56 30 67 7 61 50 64 36 66 31 32 16 11 12 46 14 8 19 49 47 20 65 52 63 15 25 6 4 41 26 10 39 38 29 51 2 43 27 5
    28 31 15 10 40 47 56 37 30 27 53 57 58 1 22 50 49 14 66 8 46 65 5 13 35 16 24 43 29 23 36 60 45 67 32 19 17 48 52 44 9 7 21 42 33 6 25 12 51 4 39 55 64 3 63 59 34 2 41 61 26 62 38 11 20 54 18
    58 64 66 51 59 2 1 42 26 24 29 56 6 37 13 36 43 49 20 46 21 10 11 14 17 22 41 27 35 12 31 54 8 32 9 18 28 39 44 40 48 63 4 34 45 33 19 47 57 3 38 62 7 16 15 30 65 60 61 52 67 50 25 53 5 55 23
    56 10 43 31 63 27 47 6 57 16 55 46 51 12 61 5 7 67 38 23 15 18 58 1 45 4 35 20 13 64 30 37 28 32 26 19 44 42 24 8 36 9 22 21 14 66 17 65 50 40 3 11 48 34 49 62 41 33 59 2 54 53 52 39 25 29 60
    29 2 5 24 6 32 26 17 60 7 18 14 64 56 53 20 4 12 9 59 22 10 62 65 15 57 44 37 67 63 16 38 21 28 47 34 45 31 58 51 35 55 50 30 11 48 27 3 52 42 41 8 39 1 13 19 25 66 54 61 23 36 49 43 46 33 40
    13 51 44 49 41 9 26 64 25 19 6 4 36 48 30 58 23 16 10 3 34 46 42 32 45 62 40 52 17 38 15 39 2 14 57 50 29 35 18 65 21 8 28 1 37 24 60 66 12 5 47 55 27 61 54 31 22 63 67 56 11 43 7 20 59 53 33
    35 9 6 50 21 24 23 14 10 66 25 31 56 55 58 61 16 62 42 11 52 53 1 15 57 59 39 41 34 51 19 36 44 8 3 47 20 27 17 33 64 48 40 54 4 28 2 37 30 32 60 65 49 46 29 63 38 7 13 18 45 67 5 26 22 43 12
    6 13 27 16 55 63 50 26 47 66 8 4 34 14 64 28 39 18 23 54 2 53 11 22 46 37 21 20 3 67 48 58 1 40 15 49 31 60 36 62 7 17 57 61 44 42 56 33 5 32 41 35 29 43 30 45 19 12 10 52 59 38 9 25 24 51 65
    60 18 12 23 9 54 61 11 57 53 28 22 43 62 17 56 20 16 4 25 7 46 65 42 19 14 50 32 2 15 33 8 48 35 3 47 52 38 40 64 44 10 27 39 51 24 1 45 41 6 67 30 63 31 34 26 59 29 37 5 55 49 36 58 21 13 66
    25 57 9 24 66 50 12 44 1 52 20 15 30 38 60 21 22 40 17 56 53 48 47 63 6 49 5 33 32 8 11 19 35 10 2 61 42 55 3 36 65 39 28 29 27 16 58 31 45 34 64 23 26 54 13 4 43 14 37 18 51 7 46 59 41 62 67
    62 43 26 31 44 33 5 51 23 38 19 30 7 55 39 36 13 52 47 49 11 40 16 64 12 24 29 58 22 4 15 63 10 48 45 67 57 35 9 54 59 2 18 3 46 1 6 14 28 61 42 32 60 17 34 53 66 56 25 50 65 27 41 21 20 8 37
    5 6 14 56 26 62 30 60 8 22 33 65 46 24 15 11 3 27 49 50 1 66 64 41 47 38 53 10 52 40 36 43 13 20 2 32 31 48 57 17 34 16 9 44 23 54 35 58 42 61 29 18 51 25 55 67 45 37 39 28 19 59 4 12 63 7 21
    3 13 24 37 38 46 49 42 44 39 50 36 25 32 29 60 62 21 41 45 43 51 9 52 28 35 40 31 61 22 17 57 63 11 56 10 18 54 27 65 2 26 66 55 4 20 6 15 12 14 7 47 53 64 48 30 58 34 23 16 8 1 33 19 5 59 67
    62 28 1 13 51 54 57 33 19 10 15 20 49 21 48 34 25 6 24 37 26 50 66 46 53 12 22 40 64 39 16 47 67 11 4 59 3 52 44 45 38 65 31 35 14 55 60 63 8 18 9 29 36 27 7 42 23 41 32 58 56 17 43 61 5 2 30
    13 12 11 52 48 20 8 37 19 16 49 18 30 5 67 6 61 17 41 38 53 58 59 23 43 25 28 40 57 66 27 9 42 26 54 55 39 46 3 29 47 45 35 10 14 51 2 4 63 64 65 62 32 33 31 7 22 44 50 1 36 24 56 60 21 15 34
    51 35 38 66 52 37 50 16 14 2 36 5 31 7 3 30 42 54 22 65 9 29 45 20 55 43 4 25 21 27 39 28 18 17 11 62 33 15 6 23 44 53 49 46 10 47 1 63 19 48 13 12 32 24 34 57 61 8 26 67 59 58 60 64 40 56 41
    56 35 37 57 45 34 33 3 13 54 23 41 31 29 59 60 24 8 40 7 36 32 27 1 53 58 26 44 50 6 48 46 9 30 5 51 28 19 14 4 61 38 67 39 16 43 2 49 22 21 18 20 63 15 64 17 10 25 52 47 66 42 12 62 55 65 11
    53 48 3 7 41 44 39 10 8 14 64 62 40 6 38 63 59 34 45 57 5 30 32 4 9 61 55 50 23 33 56 2 11 24 67 42 16 43 1 31 58 17 13 18 29 54 21 47 51 19 25 12 15 20 52 36 26 46 49 37 65 28 22 27 60 35 66
    63 16 38 37 36 67 43 55 57 27 3 8 40 41 28 53 60 62 58 9 51 1 20 65 5 39 21 17 42 6 29 54 23 64 44 35 22 32 18 46 66 61 30 11 47 52 50 4 31 59 48 7 10 24 25 49 33 56 34 45 2 15 14 26 13 19 12
    37 58 25 35 48 12 2 15 21 62 9 54 43 57 19 40 65 24 22 42 4 32 55 63 7 52 27 61 49 33 6 29 38 10 16 39 51 47 11 36 26 56 45 23 59 1 30 67 14 46 41 44 5 8 50 17 60 28 31 64 66 53 3 18 34 13 20
    1 27 6 53 41 47 31 45 20 28 29 7 8 67 24 12 33 60 17 15 30 39 64 3 25 51 43 37 61 5 19 65 38 42 59 50 58 56 4 52 2 46 21 48 18 26 66 40 49 44 32 55 11 10 22 23 16 62 9 63 14 35 13 36 34 57 54
    22 43 33 19 28 38 37 13 56 25 49 7 5 29 45 10 44 35 15 54 62 27 40 48 55 64 18 31 41 58 26 61 39 42 6 20 63 52 14 57 36 65 8 53 4 12 30 51 9 50 11 2 16 47 66 23 46 60 21 34 17 32 3 24 67 1 59
    12 47 11 62 36 1 20 5 64 50 3 59 16 4 25 38 34 33 44 32 29 19 57 8 21 39 35 65 23 26 14 17 31 45 22 55 18 7 9 56 63 10 49 6 52 40 30 41 67 48 43 58 13 53 2 66 61 27 54 42 37 60 51 46 15 24 28
    5 21 42 12 61 37 6 45 53 65 43 64 3 38 52 58 2 18 19 27 31 39 23 1 30 49 48 4 22 62 35 20 17 7 44 24 11 51 46 60 26 10 56 15 63 55 25 41 13 54 8 66 32 47 33 36 50 16 59 9 29 40 67 34 14 28 57
    49 31 4 12 9 15 55 51 64 54 7 8 23 41 32 3 59 5 36 29 30 11 43 57 10 2 40 63 21 6 16 46 35 67 19 52 61 47 58 38 39 60 26 22 25 45 42 27 66 20 50 48 65 28 34 17 13 37 1 14 56 44 18 62 53 33 24
    4 56 32 41 36 6 15 34 10 20 7 63 27 18 51 60 25 28 1 48 31 42 13 45 37 39 57 9 19 40 3 2 64 17 47 12 53 26 62 8 49 44 46 22 24 38 50 52 29 61 21 43 5 58 23 16 33 66 54 55 65 11 14 35 67 59 30
    46 51 60 17 9 53 1 48 37 58 21 14 62 40 11 27 25 10 66 6 5 7 45 65 31 67 4 57 28 24 34 15 50 64 41 29 13 55 42 63 52 54 19 35 16 59 30 2 23 47 12 61 26 20 32 22 38 33 56 44 49 8 39 3 36 18 43
    41 24 11 31 7 21 4 22 38 45 20 37 63 3 53 23 27 18 65 57 29 8 56 32 42 47 50 14 48 60 66 17 12 34 46 39 28 52 51 55 43 15 59 67 62 10 30 1 33 61 19 49 35 36 26 9 44 5 40 54 58 25 6 13 16 2 64
    44 37 30 60 43 52 56 6 46 51 9 40 66 67 11 59 34 47 14 26 8 7 13 64 50 32 49 53 31 25 38 57 15 19 3 61 35 16 20 10 17 5 48 36 21 27 55 58 39 12 2 22 1 63 45 42 54 18 29 4 24 28 62 65 23 33 41
    45 63 40 55 33 17 49 24 8 58 41 56 30 19 44 62 59 21 60 53 34 29 10 54 22 61 31 57 47 38 66 48 5 65 18 6 46 11 50 13 7 23 67 15 9 32 3 43 2 37 14 1 20 51 36 27 25 12 42 35 4 39 64 28 26 16 52
    52 37 60 62 19 41 31 1 27 3 35 63 40 5 22 8 47 46 53 18 25 13 44 4 23 32 45 6 11 7 39 33 48 21 49 14 30 24 20 29 36 65 12 64 17 58 34 59 51 55 42 66 15 56 67 38 28 16 50 54 26 57 61 9 2 10 43
    50 41 19 6 23 15 8 44 5 51 35 37 42 45 28 43 58 17 66 4 53 30 16 59 40 31 20 29 14 2 9 25 48 24 49 34 13 38 63 67 54 57 33 39 12 47 55 61 60 18 27 26 65 7 62 22 64 56 1 36 46 3 21 32 11 52 10
    21 41 54 17 64 59 23 44 25 38 30 34 56 50 2 8 4 24 5 66 22 33 18 47 65 19 29 49 13 35 60 57 12 9 31 52 63 48 39 43 67 46 28 14 42 10 40 6 7 53 27 61 26 51 58 62 36 32 15 1 20 37 16 3 11 55 45
    36 30 23 56 60 34 33 20 52 1 28 18 46 54 50 66 19 47 16 51 4 58 6 2 13 59 15 41 39 26 22 38 10 11 35 21 37 48 17 64 25 8 42 7 24 67 43 27 53 65 40 9 63 55 32 12 29 49 44 14 5 61 57 62 31 3 45
    41 63 56 29 52 25 37 10 23 48 21 19 51 16 53 32 17 8 65 44 40 67 31 3 27 2 45 30 6 39 24 36 4 26 35 20 14 34 28 5 54 38 58 15 62 42 60 50 22 7 12 9 33 66 64 46 18 11 47 57 1 61 55 59 49 43 13
    55 16 12 52 13 45 63 4 3 53 33 66 22 34 35 47 39 57 26 10 19 29 30 44 15 67 9 11 25 56 38 31 41 43 28 42 8 5 60 46 23 20 2 1 48 49 64 58 24 50 51 65 18 7 17 32 21 59 36 6 61 14 27 37 62 54 40
    6 38 28 7 14 15 49 3 9 10 37 26 62 45 55 23 18 47 11 30 36 21 60 56 13 50 22 57 42 24 17 46 61 5 25 33 40 48 41 54 59 35 51 64 63 1 39 44 65 53 12 29 34 16 43 32 31 20 67 52 4 27 58 66 2 8 19
    14 17 21 26 33 9 3 49 35 27 44 65 10 55 13 5 15 54 19 4 56 67 8 46 61 24 48 43 40 42 57 51 16 36 66 12 28 59 31 60 7 22 20 64 1 37 47 53 6 32 50 41 62 39 45 58 25 18 63 2 38 30 23 11 52 34 29
    28 40 54 42 3 7 2 66 22 20 21 63 33 14 10 57 50 61 67 52 45 51 38 27 41 12 15 5 56 4 60 8 39 48 34 58 23 65 24 32 31 49 18 44 25 35 36 1 55 19 17 37 64 59 62 16 29 47 9 46 26 6 13 53 30 43 11
    48 46 22 51 1 53 43 61 54 12 21 11 63 23 35 55 65 40 45 16 56 64 25 49 4 10 3 20 52 27 6 66 33 59 19 42 2 50 36 58 38 37 41 13 57 29 5 60 67 7 32 26 9 14 15 18 47 24 31 17 39 62 44 28 34 30 8
    22 13 67 3 27 61 8 4 41 33 55 38 53 2 39 65 59 23 37 57 15 58 7 1 44 26 24 54 20 43 17 56 30 34 42 12 36 46 62 5 50 11 47 16 21 28 64 10 31 49 35 40 48 66 60 45 32 25 29 63 52 18 9 19 51 14 6
    41 66 31 24 53 6 23 63 1 15 64 12 44 57 19 26 28 9 18 13 22 3 48 65 38 36 39 35 30 27 45 32 14 59 49 47 16 37 43 11 51 40 46 20 7 61 29 33 50 4 10 52 42 34 62 55 58 25 2 8 21 56 54 67 17 60 5
    45 16 29 30 54 9 23 12 52 19 36 10 25 8 55 53 40 57 60 14 51 50 46 11 37 47 1 58 31 42 7 26 63 5 43 18 56 67 39 49 44 22 64 59 65 48 20 66 3 24 62 35 34 41 17 38 27 28 21 13 32 6 61 15 4 33 2
    27 67 2 5 14 50 61 28 33 48 57 20 42 8 26 18 60 32 3 44 43 62 56 10 53 37 9 21 39 65 45 51 35 58 6 52 47 55 30 15 22 63 66 49 4 40 19 11 16 59 17 13 34 24 12 46 64 41 38 23 25 29 54 36 1 31 7
    60 36 25 40 21 53 31 30 3 29 35 37 65 2 61 14 41 62 55 32 27 34 44 54 15 48 67 28 59 12 23 7 66 19 38 39 57 13 16 56 24 5 46 58 33 50 1 6 52 8 64 4 45 22 18 11 43 63 9 10 49 26 17 42 51 20 47
    2 55 38 60 10 11 52 32 35 54 49 17 46 12 23 63 1 67 25 45 22 48 27 29 62 66 13 53 58 16 31 15 39 65 33 47 14 56 57 21 6 24 3 43 9 30 19 26 18 28 64 42 50 36 61 51 40 34 4 37 20 44 41 59 5 7 8
    4 8 42 12 46 25 26 43 17 38 67 32 45 15 29 13 14 66 58 41 49 53 64 40 23 51 37 2 1 31 57 52 28 21 5 50 6 22 56 36 44 20 47 24 30 39 48 3 59 60 62 19 10 18 33 65 55 11 61 54 27 63 9 34 7 35 16
    31 23 30 37 43 22 57 54 48 17 9 18 35 26 4 2 66 64 46 60 16 29 62 61 65 25 63 21 11 1 53 47 15 12 20 40 50 14 7 24 6 49 3 28 67 10 52 5 56 8 45 33 32 55 38 19 13 51 44 39 34 59 42 27 58 36 41
    60 30 45 8 17 37 57 49 38 36 6 21 14 26 61 18 51 23 25 29 56 44 46 24 31 58 32 62 10 55 13 1 65 35 54 59 22 33 50 67 52 42 43 3 40 48 11 39 66 12 15 41 63 27 4 47 28 16 64 2 9 5 53 19 7 20 34
    58 32 26 53 27 17 63 51 14 11 16 4 40 1 31 60 41 44 66 8 21 23 18 13 29 3 48 65 6 61 49 62 19 57 45 39 38 28 42 54 20 36 52 43 24 7 35 37 22 55 33 59 47 64 25 2 30 46 67 12 5 50 56 10 15 9 34
    19 60 47 26 24 56 55 13 50 64 38 51 35 63 61 31 8 15 2 52 33 28 65 39 62 43 9 58 11 30 10 16 37 22 17 3 53 42 1 18 14 5 59 48 12 29 23 6 34 49 67 7 20 54 25 57 32 27 44 40 66 21 45 36 4 46 41
    40 55 35 16 64 33 1 18 8 52 13 47 5 39 22 19 58 38 50 10 57 28 30 3 15 23 31 9 29 4 42 54 53 60 25 24 17 27 59 6 43 20 12 61 32 48 21 41 63 45 36 34 7 26 2 65 67 44 49 14 51 46 11 37 62 56 66
    37 10 12 60 48 52 23 21 47 40 38 36 39 44 30 59 50 31 16 8 33 56 46 64 66 32 51 41 2 35 9 42 3 27 49 7 45 58 34 13 29 24 65 6 62 11 57 67 22 55 20 4 28 43 19 17 14 63 53 61 25 54 15 1 26 18 5
    8 2 35 22 59 5 16 10 13 62 67 46 3 34 31 9 41 47 61 39 49 64 26 17 33 65 11 63 50 53 23 14 48 21 66 38 24 56 25 44 57 28 1 20 18 45 40 60 43 6 54 19 30 4 36 27 42 52 29 12 55 15 7 51 58 37 32
    58 32 65 47 55 10 25 41 5 13 19 50 54 27 66 11 4 22 15 24 57 8 51 63 30 18 44 59 48 33 12 40 42 23 28 36 49 64 34 29 43 14 31 20 52 17 56 21 35 1 2 7 60 37 3 45 9 26 62 61 46 6 16 67 38 53 39

