68

    66 16 22 24 64 38 10 9 5 32 68 33 48 27 2 67 15 65 60 25 63 8 7 46 36 40 12 61 1 44 55 42 35 11 19 23 53 17 37 47 58 14 57 54 56 59 4 21 43 52 20 18 51 26 3 6 41 13 62 31 30 45 39 29 34 50 28 49
    22 53 63 11 50 1 14 61 15 7 19 45 60 17 4 66 12 68 48 30 28 59 46 9 42 40 29 2 36 26 5 65 37 32 27 21 55 25 6 52 24 49 54 8 35 10 34 38 41 67 39 33 62 31 57 64 43 58 20 56 47 3 18 13 16 44 23 51
    38 63 27 25 35 6 54 52 65 30 45 7 39 31 66 20 24 23 2 55 37 59 61 62 4 58 26 50 5 42 22 10 11 18 49 51 14 67 64 48 56 9 40 60 43 53 36 57 33 32 41 1 44 13 8 16 46 19 29 47 21 3 28 12 34 15 68 17
    39 8 23 48 28 62 68 13 11 30 41 35 47 50 67 1 45 38 21 53 24 63 4 58 57 64 66 5 43 12 56 3 29 33 27 20 19 51 17 54 6 32 14 61 65 34 44 9 31 40 42 52 36 59 22 26 55 60 10 7 16 49 2 15 25 46 37 18
    64 10 67 37 29 22 18 7 42 17 15 21 53 27 61 30 20 1 12 41 49 66 58 65 68 59 50 24 55 57 51 63 3 9 26 31 8 25 46 52 48 44 28 33 54 39 6 32 45 4 2 11 40 38 47 60 62 35 34 14 23 19 5 13 16 43 56 36
    13 50 8 59 52 41 22 7 1 24 20 27 6 44 67 47 35 57 46 37 65 40 28 36 48 9 64 53 21 10 23 26 39 60 33 68 54 5 29 38 17 51 16 25 61 55 2 49 12 62 30 34 43 3 32 42 19 14 56 4 66 45 11 63 58 15 31 18
    25 27 61 11 30 62 24 36 56 21 43 55 34 28 1 35 38 37 48 29 41 44 66 18 3 13 52 9 58 32 64 39 42 26 53 7 54 63 12 22 10 50 68 49 14 40 31 6 59 57 65 8 45 51 60 5 19 4 67 2 20 33 16 46 23 17 15 47
    36 55 19 22 2 3 5 30 48 17 62 56 18 25 68 37 15 31 10 7 4 16 28 21 34 53 60 32 65 64 29 40 12 27 63 14 41 39 1 67 35 43 52 23 61 49 58 59 26 57 46 50 13 44 8 51 9 24 45 54 66 11 20 6 33 42 38 47
    14 32 27 8 40 56 34 65 55 60 44 30 26 68 58 42 63 19 66 38 47 5 33 15 25 17 46 20 23 29 2 10 35 12 48 49 37 39 64 18 61 4 43 11 31 3 16 52 54 57 45 21 50 24 59 7 1 41 53 6 9 62 67 51 22 36 28 13
    50 11 66 62 64 36 44 54 57 19 63 58 39 15 42 56 45 22 33 35 20 59 27 47 7 53 65 18 14 31 3 25 41 12 40 1 10 49 5 43 32 46 52 4 55 68 30 21 48 29 34 26 51 17 2 37 8 67 23 6 60 38 61 9 13 16 28 24
    49 60 66 51 20 46 58 30 4 24 14 59 56 10 41 18 25 32 43 22 13 27 34 40 67 12 39 17 52 21 7 42 48 45 68 5 11 23 64 53 54 55 47 61 36 44 38 26 31 65 15 16 8 62 37 9 3 35 57 2 29 6 63 19 33 28 1 50
    36 49 63 17 19 54 14 27 32 52 26 28 4 67 57 50 58 43 51 7 18 48 41 60 31 21 16 62 56 22 64 55 13 59 12 42 40 68 29 44 46 24 15 30 8 9 10 47 33 35 6 1 38 39 3 11 23 66 2 65 34 53 37 25 5 20 61 45
    46 60 31 51 6 55 38 66 4 11 68 59 30 47 13 50 37 34 63 49 52 5 44 32 53 33 41 12 57 39 56 54 22 18 42 20 25 28 10 65 19 62 2 64 35 36 45 24 58 67 61 43 8 27 26 17 23 14 1 40 48 16 15 7 3 21 29 9
    63 43 55 53 52 2 15 13 66 39 34 30 56 49 20 44 1 18 8 25 46 68 40 37 35 62 65 16 17 54 51 24 38 27 11 47 19 14 28 59 4 12 10 45 5 23 36 31 50 6 29 41 9 60 67 7 61 26 3 57 33 21 48 22 42 32 64 58
    46 4 7 12 35 15 61 22 40 28 52 18 2 26 30 47 24 68 63 17 57 13 37 9 20 66 64 67 58 54 27 56 42 33 60 50 1 62 44 3 49 65 55 51 19 34 5 38 8 45 53 16 25 43 29 31 23 41 21 59 11 48 39 32 10 36 14 6
    65 66 63 68 51 46 15 21 39 14 55 24 43 4 67 40 34 1 42 27 11 37 47 5 36 29 60 25 57 32 3 18 38 44 35 7 17 26 50 13 41 30 19 56 49 20 54 23 33 45 64 9 22 6 31 61 2 53 12 59 28 10 8 48 16 52 62 58
    21 49 56 28 9 19 55 8 44 51 10 4 27 57 32 17 29 16 53 6 62 35 3 39 63 68 50 30 24 11 40 64 45 12 38 31 65 41 59 33 52 1 48 13 43 7 18 42 54 36 46 47 26 67 20 25 58 5 37 2 34 14 61 66 23 60 22 15
    2 47 49 34 41 59 31 19 9 48 37 66 21 26 17 5 36 33 28 32 20 1 16 18 29 10 65 35 22 8 67 42 60 39 64 14 50 58 56 46 44 25 63 13 52 43 61 55 12 15 3 7 11 68 62 54 27 6 40 38 4 45 24 23 53 30 51 57
    59 52 4 61 43 7 31 23 50 33 21 39 17 66 9 10 51 37 44 26 42 38 45 22 67 18 63 24 49 13 5 35 62 47 11 34 36 16 64 56 20 2 3 57 14 32 27 46 8 12 41 6 60 68 40 48 30 58 1 29 19 15 54 53 55 25 65 28
    36 31 14 46 35 20 29 7 52 9 23 30 63 19 28 25 43 40 38 41 12 67 68 10 3 17 65 64 61 37 44 13 5 66 21 59 60 32 53 2 16 6 47 8 34 11 15 1 27 48 62 22 24 33 4 26 18 42 51 45 50 55 49 58 57 56 39 54
    44 33 52 56 12 65 63 10 31 14 4 19 1 60 36 24 2 68 21 41 55 23 29 49 40 67 5 38 39 46 32 6 28 20 34 26 57 17 59 53 8 9 45 11 30 37 66 48 47 15 7 13 3 61 25 64 16 22 18 62 42 43 54 58 27 35 50 51
    67 10 15 40 27 47 65 2 3 11 51 58 56 37 61 49 46 48 68 50 66 33 45 43 8 20 4 36 16 55 32 53 42 31 63 29 57 6 54 18 24 1 35 21 25 44 62 34 22 60 26 14 39 7 23 5 28 52 38 30 41 12 9 19 59 13 17 64
    60 24 22 9 8 30 55 58 6 34 13 57 10 50 61 27 15 4 63 48 25 11 43 39 44 67 56 1 14 32 19 36 21 66 45 52 53 17 64 51 18 62 46 68 59 16 41 42 5 65 28 23 35 29 54 31 20 7 26 3 37 38 2 47 40 49 12 33
    32 30 44 13 64 55 38 15 23 56 54 29 59 63 51 66 6 45 58 68 11 9 7 65 5 43 62 8 22 33 41 25 31 12 18 17 27 60 48 20 57 14 36 3 2 52 10 4 21 16 42 37 47 24 46 50 19 26 28 35 40 67 34 49 39 53 1 61
    57 67 17 13 4 14 49 11 8 9 46 19 33 44 23 51 10 2 65 24 18 30 31 43 56 64 63 50 1 41 5 38 21 40 15 66 34 62 42 54 26 29 60 12 61 59 58 16 3 32 48 37 68 47 55 6 22 36 39 7 28 52 20 27 45 35 53 25
    14 31 20 37 29 2 48 4 53 49 44 22 62 47 32 26 9 18 58 17 60 51 63 16 33 50 21 7 30 45 36 35 15 40 12 19 24 6 65 8 10 38 66 61 67 42 23 41 64 1 52 3 57 34 28 11 68 5 27 54 43 25 56 13 59 55 46 39
    2 10 1 42 34 55 46 6 5 18 27 49 51 33 26 8 25 21 32 23 29 7 60 47 64 52 67 22 31 62 36 61 45 41 4 9 13 16 19 39 53 15 3 24 37 56 30 68 35 44 58 17 14 65 40 28 57 38 59 11 43 48 12 63 50 66 20 54
    26 29 14 13 21 8 31 60 20 16 27 15 44 28 51 57 12 68 50 67 9 49 58 25 22 38 61 59 10 6 18 17 35 55 45 62 37 5 19 23 30 47 64 11 1 53 46 2 54 4 42 66 39 63 24 52 43 34 65 36 32 7 33 41 48 3 56 40
    35 45 6 43 4 34 67 53 23 32 5 14 39 62 1 52 44 13 15 36 11 40 65 17 18 25 38 48 60 50 68 28 21 64 54 57 37 42 47 58 12 20 63 27 55 9 56 2 26 19 16 51 7 8 49 59 22 31 30 24 46 10 41 33 29 66 3 61
    53 9 47 10 12 38 17 51 25 49 66 42 28 2 67 22 3 54 29 61 68 7 36 14 21 46 39 60 63 13 48 27 5 37 40 56 31 62 33 43 55 64 52 34 65 16 35 41 4 23 6 44 18 1 59 32 50 57 11 45 58 15 30 26 24 8 19 20
    64 33 63 13 58 24 57 28 43 25 55 44 38 67 31 45 4 5 48 61 11 19 8 30 18 60 3 15 54 36 47 65 12 23 51 59 10 20 50 16 42 62 27 21 49 40 9 41 2 53 52 35 39 22 68 1 14 32 7 66 6 46 34 26 17 56 29 37
    39 66 53 44 68 3 52 59 28 40 54 27 47 62 5 29 64 11 35 57 16 61 7 60 6 26 21 18 22 1 55 15 9 10 43 8 24 67 34 2 32 23 46 56 63 25 12 49 65 14 41 58 20 30 13 4 48 51 31 42 17 36 50 19 38 37 45 33
    36 10 33 12 16 41 25 58 11 52 37 40 17 54 29 66 28 50 62 57 6 67 68 18 49 2 51 20 48 42 56 4 26 27 63 21 55 38 24 64 13 59 30 19 60 5 53 31 7 39 23 22 35 45 14 34 15 47 3 65 43 8 9 1 61 32 46 44
    52 49 40 23 41 4 26 6 5 46 28 18 24 44 57 1 22 13 10 25 39 65 51 3 61 14 45 42 29 62 63 53 55 43 16 31 7 36 68 67 2 54 66 27 9 34 20 30 56 32 37 47 48 12 58 11 21 8 38 59 33 17 64 60 15 50 19 35
    14 33 6 40 28 46 54 66 47 26 44 15 17 5 62 1 64 29 41 36 43 4 45 49 27 38 3 32 2 55 50 42 12 60 19 25 53 16 9 7 30 63 34 35 18 31 11 59 24 61 10 51 58 20 13 56 21 23 37 57 48 22 65 67 8 52 39 68
    18 32 44 9 11 15 7 47 31 65 40 64 48 50 21 39 51 62 22 45 56 6 28 25 10 35 26 63 38 24 57 58 53 68 5 36 19 52 55 23 2 27 61 54 43 20 4 13 12 17 60 29 34 14 46 66 67 49 33 3 41 37 1 8 59 30 16 42
    1 57 19 27 60 29 18 43 6 32 41 62 3 67 54 37 14 16 68 66 48 49 63 12 15 34 45 22 65 53 21 26 39 7 51 46 52 61 24 55 17 9 35 20 5 10 56 30 31 64 28 36 13 50 59 23 40 8 58 38 25 2 47 44 4 42 33 11
    28 36 14 55 46 63 20 22 57 17 11 39 35 42 61 4 31 19 49 41 9 7 12 66 47 15 29 33 64 16 10 38 58 37 62 30 48 65 34 2 51 5 26 13 8 59 24 67 43 32 56 50 21 52 6 3 68 27 60 25 40 18 23 44 1 53 45 54
    35 60 51 7 65 6 36 22 50 47 48 5 1 66 31 17 62 14 16 8 54 55 58 40 44 25 68 19 15 34 10 56 46 28 21 3 9 67 53 26 24 43 63 12 59 33 11 61 45 13 64 30 41 32 29 39 4 42 18 2 52 23 49 27 38 37 57 20
    6 19 31 35 57 7 36 43 3 63 52 50 58 4 37 39 38 28 33 30 51 26 67 24 40 10 20 42 46 1 22 16 41 34 60 25 13 64 48 62 65 21 8 53 17 66 49 29 27 56 32 54 2 11 12 44 47 5 45 15 59 9 55 23 68 61 18 14
    64 29 12 8 11 15 2 5 46 56 62 16 54 47 13 48 53 40 20 42 35 6 21 18 24 34 43 66 37 59 7 26 60 30 1 39 19 36 67 61 31 17 44 57 22 41 25 52 23 45 49 33 51 10 58 14 32 68 3 65 4 27 63 38 50 28 9 55
    50 10 24 45 54 60 7 26 9 67 58 17 32 66 35 30 43 22 25 15 49 65 44 63 52 27 23 41 48 2 62 12 39 51 46 55 5 28 64 19 47 42 68 8 61 13 21 57 38 1 37 40 11 33 4 59 56 53 31 3 20 14 18 16 6 36 29 34
    25 28 11 35 57 22 31 10 44 61 2 3 50 56 23 16 52 65 54 58 63 5 46 68 30 9 47 13 38 8 17 7 48 24 4 20 43 37 66 26 6 45 29 67 34 62 18 41 64 42 53 1 40 55 15 39 33 21 51 12 36 59 19 14 49 27 60 32
    36 38 28 32 13 48 61 51 55 17 6 19 39 12 33 10 49 18 16 64 40 41 21 35 2 63 43 3 60 1 9 58 45 57 15 27 7 37 44 53 11 22 65 25 34 26 52 42 47 5 24 4 66 14 46 54 67 59 29 56 50 31 68 62 20 23 8 30
    56 46 13 48 21 62 5 47 68 22 35 60 43 34 20 53 66 7 3 10 61 64 12 33 28 39 15 26 23 45 29 16 55 54 27 49 59 58 42 9 67 2 17 65 52 57 6 18 25 1 30 44 14 50 51 37 40 11 31 8 19 32 63 38 41 36 4 24
    39 14 67 2 55 41 65 42 18 63 53 57 13 51 3 8 64 33 4 40 11 1 38 36 19 31 50 43 44 60 10 22 12 46 68 37 62 35 17 52 26 7 23 56 61 48 47 21 28 16 9 66 27 15 45 29 54 6 34 25 20 58 59 49 5 30 24 32
    16 38 53 24 37 67 65 27 29 5 49 4 56 11 26 30 9 41 31 61 8 52 42 55 66 12 18 39 3 17 57 68 59 32 47 48 58 23 44 15 10 2 13 34 51 19 20 62 45 14 33 54 46 40 7 28 36 60 6 22 21 25 1 43 50 35 64 63
    3 22 19 20 38 31 57 30 53 46 40 42 45 39 62 28 27 67 11 14 35 21 50 34 16 49 10 60 55 17 36 32 58 4 65 5 26 51 44 54 43 2 7 52 59 9 33 68 6 18 41 64 47 13 24 25 63 56 1 29 37 15 12 48 8 23 66 61
    32 11 61 5 39 27 37 34 55 18 66 63 15 59 17 19 58 28 40 47 48 14 21 25 44 33 10 6 49 57 36 45 46 20 54 53 68 60 38 50 62 52 24 29 9 22 30 51 26 64 65 31 4 35 13 1 16 7 67 41 42 23 3 12 56 43 2 8
    59 61 32 28 38 33 10 7 4 16 37 41 50 30 21 31 34 13 1 12 55 35 68 56 25 2 26 24 14 15 57 42 60 5 3 17 36 39 66 46 64 54 11 67 9 47 29 48 23 27 49 58 45 63 62 44 40 19 22 8 20 65 6 53 51 43 52 18
    61 29 50 60 31 55 57 30 21 42 39 56 14 11 7 36 45 53 6 25 65 19 46 16 38 18 4 8 27 33 41 13 44 5 32 34 23 35 37 26 63 52 47 12 48 9 54 59 51 17 24 68 66 58 20 22 2 10 3 1 49 15 40 62 28 64 43 67
    64 50 55 68 34 8 48 20 54 24 57 43 62 27 14 11 19 47 59 12 31 28 46 65 22 15 23 2 33 49 3 61 9 37 60 5 36 17 56 6 42 26 16 67 29 21 1 25 40 44 18 35 7 58 39 30 41 38 63 4 51 13 53 32 52 45 66 10
    29 26 20 23 15 68 19 31 7 60 10 27 22 54 16 32 34 43 17 46 64 51 21 63 8 24 3 48 52 5 13 47 59 57 55 33 36 53 50 62 4 37 18 39 35 61 40 49 42 14 58 56 38 11 41 9 1 30 25 28 12 2 44 66 45 6 67 65
    16 33 51 38 1 56 10 32 29 11 22 50 34 4 17 46 26 23 61 9 27 67 13 43 47 40 42 45 24 12 55 63 35 3 20 15 60 36 8 58 54 53 64 66 49 14 2 68 52 37 48 18 25 44 30 31 59 6 21 19 65 7 28 39 62 57 5 41
    63 1 20 29 27 46 47 10 2 22 65 34 42 39 54 60 61 25 51 52 21 53 3 55 43 67 28 4 45 31 17 11 9 38 24 18 62 35 7 26 30 15 44 32 49 57 64 12 8 66 58 56 50 13 68 59 16 33 41 23 48 37 36 40 6 5 14 19
    51 31 52 39 4 61 34 58 37 64 18 30 45 55 49 40 10 38 23 48 14 11 5 35 27 62 1 57 2 43 46 3 44 50 16 42 24 26 22 25 59 7 17 9 63 15 41 47 21 19 60 36 56 67 68 66 13 32 12 8 28 29 33 65 53 6 54 20
    37 57 21 35 51 56 15 2 4 42 22 39 18 55 34 40 49 65 47 31 68 54 48 20 53 46 6 66 62 3 7 60 24 44 1 58 50 36 28 61 23 14 63 29 8 9 19 52 10 5 64 12 27 38 11 26 43 25 45 30 13 16 32 41 17 33 67 59
    13 60 53 46 18 19 7 40 58 43 37 45 47 25 31 8 5 36 28 64 26 15 16 54 56 14 39 30 2 67 63 42 62 44 23 52 29 41 66 61 20 35 22 49 38 11 57 51 17 21 3 34 12 32 4 59 50 55 65 27 6 9 1 48 24 33 68 10
    58 60 47 59 38 27 41 50 18 5 42 2 31 62 8 25 43 40 26 35 3 30 46 12 15 7 45 9 14 52 64 1 39 49 29 11 55 17 65 10 57 4 36 13 20 54 53 66 28 61 48 22 34 6 67 44 63 23 24 56 51 19 68 21 32 16 37 33
    64 42 3 4 68 57 52 50 67 61 53 13 43 14 11 39 26 19 34 18 29 15 58 8 60 2 40 25 5 7 31 54 48 35 55 46 21 66 56 32 1 37 59 28 9 44 51 38 33 23 30 36 17 47 27 20 41 12 6 65 45 16 24 49 10 62 63 22
    35 59 64 50 28 7 26 22 40 27 33 11 19 37 47 57 68 23 16 61 4 49 18 30 65 13 55 39 36 3 31 5 58 21 60 32 62 43 25 51 24 1 15 38 67 41 56 48 17 63 44 53 2 14 29 9 66 12 52 8 54 20 34 6 45 42 46 10
    34 58 2 64 55 33 12 11 9 37 54 19 53 8 30 51 6 35 61 57 62 60 27 14 18 46 48 22 56 41 49 15 32 52 13 67 10 50 25 47 45 16 26 24 4 5 28 31 38 40 59 63 29 23 43 68 42 17 36 65 44 1 66 20 3 7 39 21
    29 39 23 18 58 52 11 34 68 40 44 41 13 42 49 20 48 55 8 15 19 12 67 36 65 33 14 63 62 6 22 2 35 21 45 7 56 60 50 57 59 54 4 1 53 43 32 61 46 47 17 16 5 25 64 51 38 37 26 10 27 30 24 28 9 31 66 3
    50 7 4 18 34 37 11 13 12 43 33 45 44 19 67 61 48 25 62 20 57 2 36 65 41 64 27 21 68 22 1 14 49 47 28 32 3 35 51 59 63 40 42 30 6 66 53 46 10 60 17 55 9 16 23 5 39 38 54 8 52 26 24 29 56 15 58 31
    31 61 48 46 2 57 7 63 43 1 25 24 10 29 55 28 20 36 47 4 15 66 44 9 18 26 62 49 27 41 33 68 12 64 52 34 14 54 39 59 22 40 65 13 58 5 8 16 42 50 17 6 38 32 11 53 45 21 51 30 23 3 67 35 60 19 56 37
    25 52 47 15 44 62 19 32 54 26 2 4 41 28 48 58 3 13 51 1 38 9 7 56 21 23 63 46 22 55 67 14 11 31 50 53 5 10 39 68 49 8 40 37 36 35 66 43 64 6 29 17 34 24 20 30 16 60 18 33 12 45 42 61 59 65 57 27
    29 23 15 50 2 43 6 9 10 3 16 32 65 57 56 53 38 35 64 11 66 39 61 58 55 22 44 14 40 30 47 41 7 36 52 45 60 13 48 33 51 24 28 49 8 18 62 59 34 67 1 68 63 4 5 27 37 54 26 17 21 25 31 42 20 19 12 46
    57 68 22 65 60 17 12 18 54 41 3 16 24 51 39 8 33 48 34 25 45 42 53 20 6 10 67 38 9 27 32 62 46 52 2 21 58 14 47 61 29 19 28 36 11 30 1 26 55 40 31 64 15 35 44 4 49 37 63 23 66 13 56 43 50 5 59 7
    5 10 58 15 17 3 66 20 21 9 7 40 52 54 24 38 18 1 59 23 14 39 32 56 27 41 44 65 42 30 33 45 34 62 63 29 48 11 4 2 25 47 61 13 36 35 49 6 46 31 19 60 37 55 12 26 22 50 53 8 67 16 43 28 68 64 57 51
    17 19 47 35 52 49 61 14 57 16 36 21 26 45 53 12 50 54 27 24 58 15 62 10 63 5 67 66 37 38 23 3 9 48 29 7 51 22 65 6 31 39 40 28 56 46 33 1 64 34 44 2 59 25 11 41 55 20 43 42 13 8 60 18 32 68 30 4
    47 55 51 18 13 62 68 59 44 49 66 57 43 12 9 19 7 22 6 48 32 21 33 26 28 38 30 54 52 42 35 5 24 37 58 8 46 34 27 36 3 1 23 65 45 16 2 31 14 20 39 64 60 11 29 56 67 50 41 10 4 61 53 25 17 15 40 63
    31 32 41 13 24 40 36 2 49 39 22 3 1 57 30 25 9 45 7 8 55 54 65 14 59 42 61 17 12 27 51 53 52 6 16 15 62 50 48 20 34 4 47 10 5 37 28 33 43 46 35 21 58 38 56 64 26 68 19 67 23 66 11 29 18 44 60 63
    62 24 31 39 58 26 43 53 41 23 56 36 4 29 47 38 49 50 33 18 3 37 42 21 61 44 2 67 34 8 59 60 68 51 19 1 35 55 32 13 27 12 40 45 65 63 20 57 28 5 30 54 16 15 6 11 9 25 10 64 14 17 52 46 22 66 7 48
    59 29 63 2 65 7 51 56 27 3 57 23 1 5 41 21 10 4 47 61 46 39 43 44 64 60 67 12 8 42 40 37 31 19 22 15 53 66 9 68 49 45 28 16 32 14 38 24 13 25 48 54 35 33 18 50 55 62 34 52 30 58 17 36 26 11 6 20
    45 17 64 46 27 4 14 12 29 41 51 8 54 32 34 22 52 53 26 24 66 1 55 50 62 68 7 23 57 28 13 31 11 18 44 49 21 2 48 33 5 30 15 9 25 61 3 10 56 19 39 36 37 40 38 58 43 59 35 60 63 16 6 67 65 20 47 42
    58 26 68 13 47 52 36 15 62 23 27 54 24 17 31 40 45 65 32 10 16 22 42 44 38 9 39 8 46 12 66 7 18 43 33 51 49 50 21 14 29 28 20 30 63 41 3 48 6 19 53 1 67 5 11 55 34 2 57 37 64 59 61 60 35 25 56 4
    22 60 10 20 49 34 67 51 13 32 2 28 52 8 56 27 18 47 50 61 24 37 31 40 41 63 55 33 4 6 45 25 11 14 36 58 68 12 29 53 9 39 35 59 23 65 3 66 43 44 42 26 17 1 64 30 46 62 16 5 38 21 7 54 48 19 57 15
    56 2 11 21 44 1 43 3 39 4 7 66 16 55 45 58 12 53 35 63 28 67 64 62 51 30 20 5 40 33 19 17 32 60 9 13 26 14 49 10 34 52 37 50 61 27 41 68 23 54 31 24 22 8 18 36 29 57 59 48 25 38 47 6 65 42 46 15
    46 10 25 45 26 47 52 9 18 44 53 54 63 35 17 68 8 1 23 19 38 58 5 4 37 6 39 64 22 14 66 28 34 13 51 42 60 65 16 2 50 12 3 59 61 56 62 48 20 33 67 29 32 15 30 27 49 55 11 21 41 57 40 43 24 7 36 31
    1 56 54 46 50 68 10 63 28 2 3 34 12 35 38 57 59 7 47 62 13 27 16 23 61 51 58 22 25 9 48 24 5 41 8 20 33 19 44 66 65 43 55 60 53 49 31 37 52 42 29 15 6 30 14 67 45 32 40 64 18 21 36 39 17 4 26 11
    53 1 61 34 5 26 9 50 62 30 37 57 6 10 55 28 8 39 51 68 19 27 63 36 41 7 15 60 59 21 24 46 13 43 48 52 67 64 17 45 38 18 40 16 58 25 66 32 65 2 56 3 22 35 31 11 33 14 29 42 20 54 44 49 23 12 47 4
    12 49 38 9 2 8 27 34 68 43 45 25 20 47 1 41 59 32 16 10 4 24 50 52 48 5 37 61 60 26 15 17 31 44 18 23 28 40 63 51 67 3 30 22 53 13 57 62 46 33 42 29 56 7 14 54 39 21 11 65 19 58 6 64 36 35 55 66
    40 18 34 2 43 49 56 31 25 24 28 47 19 67 48 45 36 38 22 63 26 12 21 46 57 52 15 44 51 17 64 33 27 37 30 16 54 65 53 3 9 10 23 68 61 66 35 50 7 58 6 13 5 14 41 8 42 59 55 60 20 29 39 32 1 11 4 62
    42 64 68 22 6 38 12 32 26 58 60 31 47 15 20 66 29 1 24 41 14 65 9 30 13 36 43 57 23 51 7 48 56 11 2 28 61 39 63 53 62 44 52 5 3 45 16 46 18 8 55 33 4 17 37 40 35 59 25 19 49 67 21 27 34 54 50 10
    31 28 25 17 24 41 23 50 30 59 3 64 66 2 20 37 15 65 36 39 22 4 13 51 67 29 33 42 40 53 43 10 61 48 27 18 56 63 1 9 52 14 26 21 35 57 12 32 68 8 55 47 60 5 11 34 58 16 45 49 54 7 19 46 62 38 6 44
    55 2 28 9 42 68 48 64 26 14 10 54 33 6 21 51 15 32 50 20 49 58 18 65 17 56 29 36 59 37 40 25 53 22 67 3 52 35 19 61 57 12 43 30 5 60 7 62 4 66 8 44 38 11 31 41 47 24 1 27 16 63 39 13 46 34 45 23
    11 16 14 61 4 24 32 12 47 67 2 31 28 42 60 50 27 8 9 35 36 26 62 22 45 13 54 37 59 53 58 15 52 38 34 56 51 6 19 5 46 10 43 44 57 48 49 21 66 65 18 7 40 17 23 39 68 25 30 64 1 3 20 55 29 41 63 33
    6 65 29 4 1 33 36 12 32 31 20 57 66 54 8 14 56 46 51 22 23 26 68 63 25 62 37 45 27 5 3 16 43 30 39 41 55 38 9 10 50 15 7 35 11 59 67 42 2 34 47 61 49 58 44 52 53 28 18 24 17 60 40 48 19 21 64 13
    64 53 29 47 34 16 67 62 22 39 46 6 66 25 11 4 17 21 28 55 24 65 14 36 38 18 41 35 1 49 43 58 63 51 45 27 20 40 9 26 2 19 60 7 23 48 8 42 5 12 13 50 31 52 37 68 3 54 57 59 32 33 56 10 30 15 44 61
    43 61 44 59 67 50 41 55 25 35 23 24 21 26 12 68 47 19 13 29 46 57 37 64 49 8 53 15 6 18 48 2 27 62 5 34 14 56 36 16 42 31 3 28 54 33 60 32 58 30 66 22 10 4 63 20 17 7 65 11 40 39 51 38 45 52 9 1
    13 31 3 42 60 51 64 7 17 35 11 25 57 30 54 32 21 6 28 8 55 44 27 47 59 50 37 16 46 62 40 2 68 53 56 9 45 33 23 65 1 10 34 49 19 29 24 52 36 43 63 26 58 4 67 5 41 38 18 15 61 12 22 20 48 14 66 39
    2 66 48 1 53 56 41 58 67 46 52 54 57 4 59 55 36 3 35 42 32 39 15 45 34 22 33 24 6 63 28 60 68 27 51 43 14 11 7 18 61 50 10 30 17 21 20 44 25 12 23 19 47 8 29 64 16 13 5 38 62 49 37 31 65 9 26 40
    63 44 31 26 20 54 9 50 43 46 27 21 6 5 56 12 59 57 28 47 29 7 16 45 39 62 40 67 17 8 24 18 66 25 11 3 33 4 37 34 35 51 65 22 38 68 14 53 30 32 61 1 55 2 41 52 64 36 19 23 60 42 49 13 15 48 10 58
    37 55 8 32 41 66 40 51 68 49 11 42 65 9 26 63 35 38 4 5 7 1 46 10 29 24 33 19 21 15 17 58 34 67 25 43 39 13 14 53 12 31 2 56 44 45 62 61 22 59 52 18 6 27 64 28 20 3 57 16 23 30 50 48 36 47 60 54
    3 52 5 66 18 20 58 35 23 56 53 34 24 39 38 6 32 36 28 68 40 2 1 51 60 62 64 25 14 49 61 7 31 59 4 30 67 55 16 42 8 63 65 41 29 22 26 50 45 12 37 33 10 21 46 48 15 17 11 57 19 47 9 13 27 44 54 43
    49 17 27 44 59 38 9 43 21 34 39 53 23 45 54 61 30 3 16 46 40 62 24 48 51 63 67 12 15 32 50 47 37 1 10 2 25 33 56 42 64 8 6 35 7 19 26 5 4 31 41 13 11 29 36 28 66 14 55 18 20 52 22 65 68 57 58 60
    60 52 47 43 5 65 54 14 25 55 40 28 2 24 37 66 20 3 7 22 9 8 44 4 63 67 13 36 34 57 15 17 45 11 48 29 53 39 68 61 51 21 26 49 41 59 58 30 10 50 6 38 27 35 18 32 33 23 31 64 12 56 16 1 42 62 19 46
    26 3 19 55 22 53 8 11 61 36 42 35 65 5 64 23 52 60 56 9 10 27 37 6 41 13 32 17 29 7 33 1 44 12 16 40 38 30 66 58 24 50 4 46 15 68 49 25 59 51 57 18 28 21 48 43 39 31 67 62 20 2 63 47 54 45 34 14
    8 66 12 57 30 46 22 14 10 47 25 39 50 33 43 51 29 2 34 13 54 4 27 44 68 26 21 40 5 16 23 31 11 38 52 45 18 28 60 59 7 42 37 36 65 35 64 48 56 49 17 55 58 67 61 3 41 32 62 24 15 20 6 9 63 1 19 53
    5 12 23 54 56 10 32 35 43 51 50 1 55 33 2 66 52 67 26 59 19 29 20 65 46 37 6 13 7 49 68 62 39 3 40 14 63 4 44 36 57 60 17 61 16 27 34 18 53 47 31 42 15 24 21 22 9 8 38 45 58 48 41 64 28 11 25 30

