69

    31 32 5 20 13 30 34 55 39 1 64 42 53 66 43 38 23 56 45 27 69 63 51 46 59 68 17 33 28 15 29 10 65 54 2 44 41 57 58 22 62 61 21 7 36 49 37 40 24 4 16 47 14 6 25 3 52 35 50 18 60 11 48 26 8 67 19 9 12
    63 69 3 53 15 38 36 11 1 46 9 18 19 24 13 45 66 68 67 49 37 40 42 16 57 52 59 25 23 64 6 28 17 12 8 34 27 43 61 41 33 7 32 48 21 29 4 62 35 22 47 65 30 31 51 50 54 5 14 20 2 39 58 10 60 56 26 55 44
    41 36 23 63 35 15 6 8 4 68 21 38 2 46 28 57 42 48 25 34 1 52 5 20 58 32 16 53 69 33 27 43 54 14 50 31 10 30 66 64 12 51 45 60 40 37 18 61 7 13 19 24 22 9 47 67 26 65 39 3 56 49 29 59 62 44 17 55 11
    15 6 48 39 45 4 26 46 38 16 54 13 60 61 53 49 67 12 25 20 36 10 33 65 1 27 7 29 57 2 66 18 37 21 19 35 58 63 17 64 56 68 34 41 5 43 32 47 69 11 22 42 8 3 28 44 55 62 30 9 59 23 31 50 51 40 14 24 52
    36 24 21 58 30 14 17 22 49 39 52 48 29 25 10 34 47 60 45 1 53 6 50 61 65 8 4 51 3 20 66 12 41 69 11 19 5 13 35 57 40 28 63 23 62 44 67 31 27 38 37 2 15 59 18 32 55 7 9 42 33 68 43 54 46 26 64 16 56
    64 20 40 39 58 15 14 43 30 37 51 41 2 1 5 23 54 56 66 45 46 25 48 21 24 33 4 57 69 67 28 29 59 65 32 60 9 12 49 11 47 6 55 8 31 53 13 3 19 36 18 62 38 42 52 61 35 22 63 34 10 17 16 50 44 7 68 26 27
    14 11 37 5 39 8 42 61 2 45 35 26 33 16 7 47 69 6 56 40 54 41 34 27 18 9 3 55 60 62 43 49 22 65 44 36 68 48 23 28 58 63 12 67 13 66 19 64 50 38 1 30 10 31 15 17 53 21 32 24 25 4 52 51 57 46 29 59 20
    14 57 9 35 1 46 55 8 31 45 20 7 41 11 18 50 16 19 67 21 10 28 42 4 13 17 49 15 12 39 3 64 66 29 60 27 32 33 2 51 44 63 59 36 30 24 5 6 56 53 54 37 22 61 62 34 47 48 65 38 43 69 25 26 40 52 68 58 23
    57 3 10 12 23 52 34 16 48 59 54 39 68 35 8 46 51 15 66 17 31 1 64 30 27 25 65 36 24 5 40 32 13 37 29 45 41 69 43 11 61 49 55 26 47 18 19 33 22 9 38 20 14 28 42 7 67 62 50 58 2 44 53 63 60 6 4 21 56
    2 55 28 11 16 41 47 38 32 18 25 51 65 9 27 54 13 45 6 68 7 17 64 4 10 20 44 3 19 31 12 57 53 61 33 50 23 43 15 60 63 26 36 21 49 39 29 37 14 5 22 56 8 34 52 1 58 24 59 48 46 62 42 67 35 66 30 40 69
    60 62 26 18 1 64 67 30 69 42 59 10 35 38 11 27 17 2 24 39 61 52 31 44 63 36 43 46 55 7 49 16 56 47 53 25 33 37 50 21 9 20 22 32 34 41 6 48 51 40 23 58 15 28 68 66 12 54 14 13 4 5 3 45 19 29 57 65 8
    34 6 61 22 38 9 46 3 32 39 65 13 25 10 63 36 44 35 8 12 57 50 41 7 59 28 51 21 27 49 64 60 1 68 67 23 54 15 24 4 5 47 16 17 48 58 18 69 30 62 42 29 19 56 52 33 37 26 40 20 31 43 66 45 55 11 53 14 2
    21 62 35 39 36 16 5 14 58 4 30 65 27 15 13 26 33 20 23 11 60 63 45 9 54 68 47 22 38 67 24 59 10 64 42 25 37 31 18 29 34 7 12 2 55 53 66 44 52 56 28 19 3 8 40 1 50 57 51 61 69 6 41 49 48 17 46 32 43
    45 46 13 51 21 63 28 31 59 12 6 18 8 11 38 24 16 50 5 3 22 61 23 41 14 39 4 67 34 48 35 17 69 1 47 60 54 44 64 58 55 62 68 9 57 36 20 49 42 2 30 19 25 33 29 53 26 37 56 65 27 40 43 66 32 52 10 15 7
    15 63 5 26 36 41 18 29 38 44 6 33 32 28 57 52 39 50 30 51 20 46 48 69 24 13 25 21 17 23 16 1 67 42 64 45 10 55 8 43 14 68 56 37 62 49 19 3 2 4 53 65 54 40 34 35 27 7 22 12 47 11 9 61 31 59 66 58 60
    21 6 60 32 41 7 43 30 69 34 18 35 24 2 8 61 10 40 16 22 62 44 26 37 51 47 67 64 23 46 12 14 59 9 4 27 65 38 31 54 29 63 58 45 13 3 5 36 28 48 20 49 68 39 50 33 11 66 52 42 17 55 15 19 57 25 56 53 1
    24 36 53 20 47 7 56 16 28 52 49 63 48 42 54 40 62 60 32 66 27 14 34 45 19 25 59 8 3 39 22 6 61 11 18 33 64 65 55 37 46 43 21 51 12 15 50 30 57 23 5 2 26 1 9 13 44 67 69 31 68 17 41 35 29 10 58 4 38
    60 34 21 32 3 14 65 30 26 11 27 43 49 52 55 40 4 6 5 51 24 20 50 66 45 44 1 62 59 17 57 48 64 69 9 7 36 13 12 2 37 28 58 25 23 68 46 18 19 67 31 33 63 39 15 47 8 35 61 22 16 53 29 56 10 42 54 41 38
    27 19 37 21 66 65 42 16 22 4 29 57 46 11 2 35 33 30 9 24 61 28 32 69 40 13 45 15 63 26 1 25 7 54 60 41 10 3 5 53 8 51 59 62 18 17 38 52 23 64 48 58 43 36 31 49 34 47 14 20 68 12 6 39 56 67 44 55 50
    66 21 58 25 69 2 67 34 50 18 37 19 9 63 38 64 15 14 65 35 68 53 57 52 31 46 41 13 3 44 49 26 1 17 55 10 54 60 40 62 51 22 59 8 42 30 45 47 27 6 5 36 12 11 29 32 24 43 23 7 20 61 39 28 33 56 48 4 16
    48 57 39 24 26 2 8 44 10 49 43 63 56 9 47 33 1 50 32 5 27 42 67 45 6 16 3 36 54 18 11 46 12 64 34 52 29 58 60 53 30 65 25 61 22 23 13 15 59 31 66 41 21 7 40 37 14 68 51 19 62 38 35 4 17 69 20 28 55
    63 31 1 48 19 67 36 46 28 66 26 22 45 57 54 44 59 24 21 15 53 51 41 38 65 47 49 25 52 13 18 62 34 35 8 2 29 6 64 50 11 14 17 58 7 20 56 4 43 16 60 10 9 68 55 30 23 3 37 32 5 27 33 42 39 12 69 40 61
    39 62 20 41 32 34 29 18 19 7 47 15 66 24 51 50 1 33 12 46 60 44 48 22 55 56 63 54 36 31 37 57 53 68 6 17 65 43 26 61 45 28 27 9 49 64 13 38 4 35 10 21 59 52 30 5 40 25 69 11 8 2 67 42 3 23 16 14 58
    45 29 39 6 12 31 16 34 22 59 18 51 23 56 14 27 19 25 40 64 53 32 10 2 67 61 50 48 9 5 20 57 65 52 44 43 63 41 24 4 36 8 69 15 21 7 30 13 11 37 60 3 66 46 58 38 17 1 35 47 55 26 42 33 28 54 49 62 68
    36 24 7 15 56 53 27 8 60 40 49 47 23 33 43 9 45 10 48 61 51 34 19 67 59 17 57 12 41 20 46 28 31 35 5 32 26 1 22 38 68 25 50 39 52 63 62 16 13 42 6 14 30 37 65 3 18 2 64 54 66 44 69 58 55 4 11 21 29
    39 67 51 46 32 47 23 65 58 34 68 28 66 5 21 2 7 38 24 10 48 61 25 30 26 60 14 12 13 22 54 16 29 4 64 9 59 41 56 37 53 42 6 57 44 35 17 15 55 45 8 20 27 3 63 36 69 1 52 43 33 31 18 40 49 50 19 62 11
    13 26 55 59 66 69 67 39 18 7 9 2 11 30 8 3 49 34 19 10 6 16 61 48 31 15 68 24 37 63 47 5 36 25 52 45 60 23 4 46 12 28 33 27 35 58 38 65 29 21 57 54 17 32 1 56 62 64 40 51 22 44 50 53 41 43 20 42 14
    58 25 50 7 11 61 54 33 31 65 46 29 8 28 66 42 20 24 38 48 49 27 26 14 15 16 60 13 39 17 21 36 69 37 19 5 51 43 45 44 47 68 34 18 52 30 22 64 53 40 41 62 67 35 4 12 23 3 55 59 1 57 9 56 32 6 10 63 2
    43 36 28 9 10 19 62 15 3 64 38 6 57 52 13 47 17 37 30 69 27 5 61 1 32 51 33 11 40 58 8 25 65 34 53 18 26 31 49 55 68 20 12 29 67 59 42 63 21 35 45 4 54 41 16 22 44 66 24 48 56 2 39 7 46 50 23 60 14
    4 69 49 65 18 55 34 11 28 44 10 43 68 62 40 6 60 54 37 31 14 64 36 25 13 41 50 29 8 66 67 30 9 63 59 46 12 52 7 51 3 21 61 23 35 2 24 5 15 58 33 42 17 45 16 20 47 22 26 48 32 53 57 56 1 38 27 39 19
    37 34 6 69 18 23 47 53 36 33 29 63 58 44 32 16 1 64 21 59 11 42 10 30 4 57 27 60 31 68 35 55 20 5 54 8 48 39 22 14 25 19 2 41 28 12 3 13 61 43 26 17 9 62 49 40 15 46 38 67 65 50 45 51 66 52 7 56 24
    36 63 52 7 49 64 15 13 44 43 4 69 66 29 30 35 9 31 8 21 23 61 32 45 2 57 1 25 3 12 26 14 48 11 16 40 47 17 24 38 22 68 53 55 34 18 67 27 54 42 41 39 65 6 60 37 50 19 58 46 51 62 10 59 56 5 28 33 20
    65 24 1 12 2 22 26 19 3 18 16 50 17 34 21 15 57 58 64 35 13 60 44 27 42 54 32 48 56 36 6 33 49 67 68 55 10 31 51 63 53 20 28 45 46 41 30 40 23 52 9 37 69 5 8 38 4 43 47 62 59 66 14 29 7 39 25 11 61
    20 66 2 39 47 51 18 52 29 21 55 64 37 41 45 3 49 23 15 19 57 50 60 4 62 8 38 36 32 34 48 9 5 61 40 16 69 25 22 59 65 44 24 14 17 43 13 31 58 1 56 33 10 12 7 63 53 68 11 35 42 27 6 26 30 54 28 67 46
    1 60 14 62 27 12 34 10 17 66 47 55 51 31 40 5 33 61 49 42 56 24 45 35 2 57 19 22 32 26 25 30 44 39 50 6 41 63 58 15 65 43 29 20 67 7 52 48 59 37 11 64 36 8 54 3 38 28 9 16 13 23 46 68 69 21 53 4 18
    35 33 42 2 26 5 17 22 19 9 55 16 68 49 56 8 52 34 51 7 36 60 30 20 27 1 28 59 41 45 32 12 61 64 50 3 48 25 13 54 57 67 14 38 44 10 24 40 4 6 15 29 39 46 23 69 65 62 37 11 58 53 43 47 66 31 18 63 21
    68 47 33 34 65 54 15 12 59 2 55 30 29 11 6 62 25 56 69 28 22 5 39 43 14 10 13 50 8 60 27 40 19 46 63 42 20 37 9 57 48 18 53 58 16 17 51 45 67 44 61 32 24 4 52 66 49 31 26 36 7 3 1 38 23 64 21 35 41
    12 48 41 59 4 38 14 23 55 57 29 19 8 60 6 16 30 56 28 5 36 33 39 40 50 11 34 64 49 51 61 18 22 27 31 7 47 37 26 44 2 63 46 69 42 9 10 1 32 3 66 67 68 20 21 35 13 54 53 52 65 45 24 25 43 62 17 15 58
    39 44 7 5 6 18 15 60 40 21 54 32 12 52 25 23 45 24 69 28 38 34 2 8 47 4 58 37 57 16 56 1 68 65 22 62 9 29 41 11 17 50 67 31 53 59 36 48 3 43 46 49 19 66 13 14 26 33 42 30 10 61 55 51 64 63 35 27 20
    26 47 17 22 56 7 37 32 43 44 42 36 31 50 8 52 9 46 11 41 28 48 1 67 6 55 19 24 35 64 25 34 39 4 58 60 38 16 2 33 18 3 61 62 49 65 51 45 59 29 5 53 23 14 69 68 12 13 20 30 57 54 27 15 40 66 21 63 10
    16 5 57 12 54 17 8 64 34 2 7 33 51 36 59 24 49 22 37 56 13 42 30 27 43 4 58 44 39 18 69 63 47 31 55 29 26 20 38 11 3 46 62 60 41 9 61 25 66 35 6 23 32 28 67 1 14 10 45 68 19 52 50 53 65 21 48 15 40
    45 13 6 39 34 21 15 67 47 69 18 7 43 16 56 26 28 57 9 40 55 59 54 52 19 8 37 31 32 20 63 33 49 23 36 4 12 27 1 38 30 50 3 41 64 65 24 29 5 48 22 42 25 17 53 2 10 58 14 66 62 11 61 46 60 51 44 35 68
    47 53 16 26 24 41 38 4 9 2 57 6 15 11 69 59 56 30 45 13 60 28 40 35 43 54 58 48 51 50 44 23 18 12 52 42 36 62 66 29 46 34 7 33 67 17 21 20 10 64 32 19 68 31 61 37 65 55 8 49 5 14 39 1 22 3 25 63 27
    37 45 55 35 15 2 18 17 50 13 61 33 42 28 1 62 29 48 40 5 66 12 54 10 7 22 31 60 49 63 16 34 58 19 41 53 38 52 21 43 30 4 23 14 67 32 59 11 39 68 26 44 64 36 6 65 24 56 25 47 69 57 46 9 20 8 27 51 3
    22 28 27 10 16 23 39 1 6 64 53 11 21 30 9 37 63 32 66 34 40 3 60 18 7 36 2 67 54 56 43 35 5 41 14 17 8 65 26 62 24 20 52 12 51 61 59 57 55 50 4 33 25 44 68 45 46 49 48 38 69 58 47 29 42 19 13 15 31
    32 44 38 36 39 6 45 5 19 64 68 15 4 25 65 31 14 3 51 22 59 10 41 62 11 61 60 50 69 21 49 7 57 58 56 24 66 17 28 43 34 42 67 9 29 47 2 46 33 53 18 23 12 37 54 27 63 13 30 20 52 16 8 35 26 40 48 55 1
    26 37 62 14 39 18 33 27 20 28 66 64 56 1 13 53 8 4 65 69 32 12 43 9 15 60 49 67 58 59 48 68 42 7 57 47 31 10 29 44 50 54 45 17 51 41 34 35 46 25 3 52 11 55 5 22 24 40 2 63 61 23 6 30 19 21 38 16 36
    1 22 50 16 19 67 8 59 65 26 41 3 29 33 4 10 64 51 31 6 14 21 2 13 54 20 27 35 7 49 44 28 55 12 5 61 38 24 60 57 66 58 9 37 30 43 47 39 62 25 48 45 34 68 40 18 69 63 32 11 36 42 46 17 52 23 53 15 56
    20 69 10 39 68 11 21 16 28 38 63 57 25 56 4 24 40 36 49 5 27 52 18 55 1 37 60 9 43 12 2 42 45 48 35 32 14 29 31 61 53 44 65 8 30 13 6 47 67 46 15 19 7 41 33 26 3 34 62 23 66 17 58 64 54 50 22 51 59
    57 11 6 29 56 53 33 42 2 62 16 60 9 8 13 31 14 40 24 59 64 55 7 46 50 27 49 22 48 58 44 5 10 47 45 51 66 34 69 35 15 20 36 54 17 30 37 12 1 61 23 25 63 39 65 43 26 41 52 38 68 67 4 28 32 21 18 3 19
    35 20 33 28 31 37 65 18 5 66 10 69 3 62 53 68 40 50 23 36 1 21 17 11 2 14 4 41 29 13 58 12 44 24 56 39 64 67 51 25 32 16 22 48 7 55 46 61 57 38 19 8 45 30 47 59 54 6 26 60 15 43 52 9 63 34 27 42 49
    41 19 53 16 1 55 56 28 22 63 34 31 14 5 11 64 47 61 21 45 39 60 2 67 27 62 48 57 6 52 69 3 23 51 4 65 33 66 37 18 36 54 38 17 10 25 29 42 35 12 20 43 30 44 40 46 13 15 68 49 59 26 32 8 24 58 50 9 7
    19 68 65 8 60 5 53 39 56 17 38 50 67 16 51 28 32 24 55 31 26 59 47 49 2 33 23 29 11 22 46 30 25 27 66 61 15 9 37 10 42 40 62 45 52 7 63 35 20 14 44 43 1 4 18 69 34 57 21 36 64 12 54 41 3 13 6 58 48
    25 42 67 3 45 48 40 20 21 16 52 46 14 19 57 62 60 24 23 32 43 18 22 68 54 55 7 34 51 65 64 39 69 9 56 44 2 8 59 26 58 27 6 29 53 36 50 15 47 66 31 4 37 10 13 17 30 5 63 41 35 49 12 38 1 11 33 61 28
    49 1 9 64 65 67 61 26 55 28 29 32 2 10 38 4 27 42 45 19 33 56 31 16 41 69 14 52 13 25 37 39 47 24 59 48 58 17 15 62 18 40 8 53 46 60 7 21 30 20 68 54 12 5 6 36 57 35 11 22 43 51 3 66 23 34 63 44 50
    34 2 43 39 19 47 11 15 60 64 20 9 68 36 29 1 22 4 33 35 6 45 5 16 41 46 58 12 42 27 38 48 26 61 13 37 67 50 52 32 40 55 53 49 65 44 66 62 7 56 17 59 28 23 69 21 54 31 10 30 25 24 51 8 63 18 3 57 14
    65 68 47 34 10 60 27 58 39 22 8 11 45 12 25 64 1 13 19 38 28 6 57 43 7 32 30 24 62 61 14 26 59 16 54 5 63 4 55 29 37 20 23 35 48 33 40 31 36 21 49 2 67 17 44 53 69 46 18 52 15 51 41 50 9 42 66 3 56
    4 68 35 36 41 39 25 19 31 2 61 34 56 21 67 48 10 54 53 29 6 5 69 12 55 3 20 17 63 57 8 26 59 27 11 66 52 62 49 33 14 46 65 42 22 60 45 40 13 30 28 16 50 43 44 51 32 38 1 64 9 7 58 18 15 24 23 47 37
    19 39 41 69 12 11 49 31 34 28 63 64 30 62 36 50 10 37 25 3 7 35 65 43 5 57 14 9 21 54 55 40 33 20 68 2 38 1 23 47 27 16 32 53 4 61 48 60 52 17 67 15 8 46 51 24 56 59 66 22 6 26 18 29 42 13 44 45 58
    52 54 57 55 18 46 68 10 65 13 21 30 60 20 39 34 1 27 12 53 32 40 25 37 24 11 15 29 49 47 35 7 64 41 31 28 9 5 50 4 63 23 14 17 61 67 2 51 8 42 62 6 69 59 66 36 48 33 43 3 38 16 19 45 26 22 44 56 58
    44 55 43 68 64 9 18 10 7 31 48 12 53 46 22 51 59 24 52 17 3 21 23 25 67 27 19 62 63 40 58 13 32 39 15 65 2 38 37 34 45 36 14 30 33 42 69 56 61 6 28 29 8 35 49 50 60 5 16 66 20 57 26 47 54 4 41 1 11
    13 41 7 12 39 25 31 20 44 14 36 23 53 18 57 62 4 3 26 33 64 42 16 11 37 51 52 8 10 54 2 47 58 63 48 46 19 45 30 61 22 66 40 67 59 34 56 17 35 69 24 6 50 55 5 38 15 32 60 43 1 21 28 27 65 29 9 49 68
    9 53 41 48 44 64 47 4 51 31 8 50 60 13 56 27 66 19 30 61 42 21 32 34 29 17 16 20 54 43 58 2 57 40 49 6 52 26 10 62 55 45 37 36 23 46 7 25 14 38 59 39 12 33 24 22 1 15 69 65 67 5 11 68 18 28 63 35 3
    68 42 16 13 15 19 35 17 28 11 27 33 39 63 44 51 48 40 54 61 31 43 12 34 14 53 41 23 50 38 26 9 65 45 10 66 62 32 22 30 24 2 8 3 57 5 52 56 6 67 36 20 46 4 21 7 25 55 58 1 47 18 60 49 59 64 29 37 69
    47 13 57 21 63 44 28 38 6 55 3 5 59 60 32 33 15 68 24 66 36 34 62 4 29 25 18 46 58 54 19 64 14 53 8 23 27 22 26 43 42 31 16 7 37 35 17 11 39 65 48 49 1 69 67 2 20 51 10 41 50 12 56 30 52 45 40 9 61
    33 5 42 61 64 59 57 30 39 28 14 51 36 47 2 67 43 50 15 32 8 56 65 16 4 40 68 60 7 34 52 66 17 31 27 53 46 58 10 48 29 9 55 18 37 54 41 45 12 25 49 63 1 35 6 24 22 26 44 38 69 19 23 3 11 13 20 21 62
    2 23 47 42 9 50 15 21 55 59 4 52 19 8 32 38 6 34 61 66 10 18 68 7 26 37 43 12 67 56 58 40 22 5 51 65 16 29 24 62 33 13 30 49 48 17 36 27 69 14 64 31 41 25 57 45 20 46 11 3 44 60 53 54 39 35 28 63 1
    60 27 52 15 41 10 57 20 35 19 59 69 33 55 44 7 62 12 61 38 39 9 37 14 53 32 51 66 2 46 49 1 21 13 25 50 47 17 43 24 64 54 36 18 34 68 29 58 5 6 22 42 45 28 40 26 23 8 16 11 63 67 56 3 30 31 4 65 48
    34 33 53 58 35 52 69 64 15 20 28 6 37 65 2 67 3 41 47 31 24 61 5 49 29 23 12 56 62 48 45 19 57 32 42 36 18 59 54 25 11 17 13 1 38 9 40 26 39 43 27 50 66 60 10 21 63 16 44 8 22 51 68 14 7 55 30 4 46
    49 20 15 34 9 10 25 63 67 8 43 27 35 7 60 38 53 29 17 42 58 33 1 39 61 40 23 2 26 48 11 30 14 51 24 4 18 59 19 68 52 16 62 5 3 36 50 44 69 66 64 46 6 37 45 54 32 28 31 65 21 55 57 56 12 47 41 13 22
    13 41 66 27 34 10 40 69 33 61 52 31 51 20 4 22 26 2 42 58 39 9 43 17 62 49 7 30 68 1 32 59 19 67 28 25 15 46 38 54 64 44 56 37 24 29 65 11 53 55 18 16 48 63 50 23 60 21 36 14 3 47 12 35 45 57 6 5 8
    31 2 56 52 22 11 15 16 18 30 20 37 14 12 36 61 19 65 35 66 21 47 49 63 34 59 64 6 24 53 17 4 26 32 42 41 1 38 44 51 69 8 40 13 67 29 68 10 48 43 9 39 5 46 55 33 3 60 7 62 54 28 57 58 45 23 27 50 25
    10 54 16 53 13 60 63 33 19 45 59 36 61 62 3 27 5 52 40 20 43 51 31 49 29 56 28 7 44 15 1 24 69 35 14 21 65 8 41 22 37 67 11 48 4 30 68 42 58 25 47 9 17 6 34 26 55 57 50 32 66 64 23 39 18 38 2 46 12
    27 48 4 55 17 38 15 52 16 53 42 21 39 61 64 44 2 33 30 28 35 63 6 50 32 47 8 9 1 40 20 18 67 51 26 31 65 43 36 25 54 24 34 46 7 13 14 59 49 10 56 29 22 45 66 23 57 11 60 58 69 3 62 12 5 41 68 19 37
    32 15 52 53 63 65 64 62 30 66 14 2 69 21 10 68 41 22 19 24 40 8 31 26 9 43 36 61 12 27 47 38 45 18 33 29 56 60 34 44 67 49 37 4 48 11 3 51 17 58 54 42 13 46 50 1 28 6 20 57 23 55 5 16 59 35 25 7 39
    67 30 32 61 31 14 65 57 27 52 5 28 15 25 4 26 35 12 54 42 34 41 39 59 69 58 11 36 63 6 47 53 33 46 66 3 45 40 20 2 13 56 22 55 50 62 7 64 44 9 18 51 37 38 68 8 17 16 60 10 43 48 24 29 49 21 23 19 1
    50 12 15 66 52 7 57 5 38 26 27 48 47 55 3 37 10 33 4 63 28 61 8 59 54 40 67 6 51 36 9 60 34 16 62 39 30 69 41 14 22 29 21 46 31 11 49 64 25 45 43 17 2 1 13 23 24 44 19 58 53 18 20 35 68 65 32 56 42
    53 56 52 16 34 45 37 11 43 57 44 65 58 24 36 46 61 47 27 39 9 13 23 30 14 4 10 22 51 21 20 59 35 63 69 6 32 41 55 31 33 8 48 28 25 1 40 18 66 12 67 19 38 68 49 29 3 54 5 2 64 60 50 17 7 62 42 15 26
    12 10 5 7 69 43 18 2 35 37 58 46 54 48 3 1 4 50 11 33 21 66 38 47 34 62 22 17 65 64 20 25 45 24 55 9 44 49 51 53 31 42 6 40 56 29 26 14 39 15 32 41 57 59 63 16 27 61 68 28 60 8 13 23 67 36 30 52 19
    25 57 39 13 19 44 11 65 52 14 33 4 69 34 43 6 45 27 32 10 38 23 64 30 51 36 53 50 60 68 29 55 1 54 62 9 41 15 3 49 37 40 5 2 58 16 24 7 47 42 21 48 66 22 12 18 46 20 31 59 61 63 8 67 35 56 28 17 26
    7 60 22 23 38 52 28 21 5 27 35 61 58 4 36 67 68 11 50 14 12 34 39 29 9 53 10 69 20 33 24 48 66 51 63 1 3 57 64 42 43 54 62 13 17 2 16 15 55 26 40 25 44 8 56 32 59 47 30 37 31 41 19 65 45 6 18 49 46
    61 5 66 62 18 53 49 10 41 37 39 47 23 4 7 51 26 52 64 56 29 6 43 31 13 30 63 2 16 36 58 60 50 8 42 3 44 9 69 48 12 21 65 55 1 54 45 68 35 11 32 19 59 28 25 14 46 57 38 34 20 17 33 27 22 40 67 24 15
    32 3 57 52 5 29 6 62 34 9 58 19 64 27 48 68 33 49 44 50 41 11 51 24 18 31 43 37 39 20 42 60 56 36 13 61 10 30 53 25 63 14 16 38 22 15 47 54 45 69 21 17 7 26 23 8 28 2 67 66 40 65 59 12 35 4 1 55 46
    8 44 57 18 2 53 21 1 43 31 11 30 50 9 46 38 12 22 45 64 55 69 39 41 27 61 66 51 35 56 25 49 16 47 67 5 62 4 13 15 28 17 3 54 23 10 29 19 60 65 14 37 33 34 59 6 40 68 42 26 63 20 7 24 58 32 36 52 48
    14 6 2 19 18 16 5 25 62 28 65 32 13 68 12 35 31 21 42 53 40 38 46 4 23 50 24 41 59 56 30 52 48 33 57 54 55 63 7 8 44 61 58 47 3 64 69 17 36 22 29 51 34 20 15 9 39 37 27 60 49 67 10 45 26 43 11 1 66
    54 23 61 39 6 29 36 40 35 59 14 1 42 4 47 30 60 11 65 50 55 15 58 49 10 22 44 13 64 24 48 62 28 66 7 57 43 68 52 56 3 63 32 5 27 20 25 31 9 41 16 34 21 17 46 53 37 18 12 8 33 26 19 2 51 45 69 67 38
    66 56 24 47 21 44 37 34 31 25 65 19 33 69 45 5 50 39 13 27 40 28 14 29 26 4 8 52 61 67 48 11 38 7 32 42 51 43 59 18 15 62 22 54 9 17 16 6 58 36 60 57 23 12 1 55 41 64 53 35 68 30 20 63 46 10 49 2 3
    40 61 6 1 49 54 58 17 27 34 19 2 56 31 12 7 55 4 51 38 11 25 59 9 60 32 57 41 50 46 36 47 63 16 14 68 48 62 53 21 45 18 37 8 13 42 52 10 30 23 26 65 29 33 66 43 22 39 15 64 24 44 35 5 20 28 67 3 69
    51 17 67 47 64 9 38 15 55 12 20 21 40 18 66 42 19 34 6 60 41 31 58 59 7 39 53 48 69 27 30 62 56 50 10 61 16 13 46 29 63 25 32 37 3 54 4 36 26 23 57 44 52 24 22 45 65 33 43 1 5 68 28 49 2 11 8 14 35
    60 37 66 52 67 13 57 2 50 38 9 17 8 61 25 33 31 24 58 20 18 62 26 28 68 7 48 14 5 59 56 51 55 30 34 11 1 15 40 23 42 69 39 16 43 21 41 46 63 65 44 27 32 4 35 19 53 36 10 29 54 3 45 6 47 64 49 12 22
    55 61 69 53 42 19 49 15 40 14 52 4 66 51 8 62 33 29 65 24 7 16 21 47 36 35 41 6 54 46 44 56 10 34 1 58 18 48 13 45 22 60 30 39 11 50 38 27 68 26 67 31 43 3 5 63 37 17 28 2 9 64 32 20 23 25 57 59 12
    5 48 17 23 61 55 42 69 22 57 27 66 53 4 8 39 44 2 68 32 19 62 56 50 58 9 26 1 15 13 37 49 3 43 18 21 63 35 60 25 64 46 54 12 14 24 11 28 16 41 34 59 6 40 29 20 38 67 7 47 65 10 52 45 33 31 36 51 30
    29 48 7 23 13 8 68 24 10 20 65 51 31 54 27 1 46 59 69 36 11 34 62 19 5 63 40 9 64 15 35 16 47 28 38 50 30 49 25 41 32 39 26 61 42 45 43 66 60 56 18 3 58 14 21 6 55 67 22 44 37 17 33 52 4 53 57 12 2
    63 32 46 20 51 49 50 65 48 13 68 30 59 53 39 6 37 23 60 2 14 3 11 45 28 12 4 42 29 40 55 9 38 69 22 52 62 8 33 25 26 17 15 36 43 35 67 56 27 64 66 47 54 61 19 34 1 41 58 18 16 5 7 44 24 57 21 31 10
    59 29 8 63 33 45 52 60 43 36 32 48 25 49 20 5 1 18 10 22 9 2 12 47 26 61 50 3 46 6 58 55 56 68 44 7 31 53 23 34 69 65 14 24 38 27 40 4 62 41 66 21 28 11 54 35 19 13 16 67 57 39 30 64 37 51 17 42 15
    63 16 7 38 66 48 36 10 13 19 24 69 58 30 59 22 45 46 8 51 61 4 1 43 64 20 33 34 28 57 62 54 68 29 52 42 25 39 6 26 44 11 50 17 55 49 53 65 5 21 37 32 67 35 15 60 2 56 9 41 40 12 47 18 27 3 23 31 14
    49 63 7 30 46 35 17 16 42 23 64 69 36 28 19 61 34 52 41 55 3 31 58 21 29 48 6 2 10 12 32 62 5 9 26 13 39 47 4 24 57 8 18 53 27 54 22 20 25 40 51 33 68 1 38 65 44 56 67 50 14 59 15 43 66 37 45 11 60
    68 2 5 58 16 51 50 29 24 31 53 67 3 52 44 20 35 64 36 34 61 27 48 15 56 28 49 12 54 1 23 21 8 6 9 32 65 59 42 7 55 43 10 14 37 41 22 57 45 11 33 62 19 66 69 63 4 39 46 60 13 25 47 26 38 40 17 30 18
    62 7 14 58 33 4 65 29 51 60 1 52 69 67 35 31 22 38 5 43 12 15 21 26 47 64 48 55 13 41 18 6 8 30 50 66 3 44 32 16 53 49 61 36 9 17 24 63 42 45 20 68 10 28 2 54 57 40 19 27 39 56 25 37 23 59 46 11 34
    29 24 61 49 15 17 58 66 36 16 12 25 4 48 9 54 37 5 23 53 65 56 2 28 10 67 55 51 59 60 64 35 3 44 45 40 47 22 27 38 20 18 43 1 52 7 21 41 39 68 31 14 69 30 13 6 33 32 19 63 26 11 42 34 8 57 50 62 46

