70

    55 40 28 16 18 17 34 51 50 46 49 22 20 4 23 59 5 67 6 8 27 7 2 1 10 69 62 11 35 70 43 9 68 19 57 26 25 14 47 52 29 65 58 54 12 31 37 66 21 33 36 42 61 56 53 60 3 32 41 64 38 45 44 48 13 39 63 15 30 24
    11 29 56 6 12 54 43 10 32 22 50 49 18 42 52 67 27 34 62 39 58 21 2 68 55 26 33 19 47 13 61 4 36 14 40 66 35 8 44 59 15 70 51 53 41 45 23 65 9 25 60 17 30 46 1 5 7 57 31 24 48 28 64 20 16 37 38 63 3 69
    32 6 33 57 27 58 39 4 14 23 8 48 46 49 17 62 56 45 3 30 2 29 42 47 50 63 11 24 44 37 5 15 68 67 7 65 25 22 26 60 18 9 69 52 54 34 1 31 38 20 13 61 59 43 21 41 70 64 40 36 16 66 10 53 28 35 19 51 55 12
    63 27 24 67 53 13 59 45 22 3 40 25 31 18 69 19 2 66 49 64 58 52 29 61 56 14 46 60 48 15 6 5 39 35 16 21 34 38 11 30 26 4 51 70 9 17 68 32 10 7 23 33 12 20 1 47 50 54 28 36 37 44 43 42 62 8 55 41 65 57
    21 4 33 15 26 29 13 5 6 44 16 17 63 69 27 48 60 46 62 22 14 64 59 11 49 7 28 2 43 19 45 39 35 65 10 53 25 38 56 57 54 58 30 50 36 18 3 20 61 1 51 37 9 34 70 66 24 52 41 12 23 31 8 67 40 68 55 32 42 47
    17 34 65 37 23 14 10 59 48 57 43 27 45 28 58 7 29 56 44 50 39 38 8 30 53 64 1 49 70 63 16 55 19 61 18 9 52 40 35 20 21 62 6 41 25 3 22 2 46 69 32 60 31 36 47 66 67 26 12 51 5 42 4 33 11 24 68 54 13 15
    56 61 45 67 38 28 21 27 1 9 8 50 58 39 47 31 53 34 3 40 51 18 25 44 70 64 16 24 19 13 4 54 15 49 65 55 41 46 69 33 66 23 29 22 62 26 63 42 20 32 17 10 43 7 12 11 2 35 48 60 36 30 5 52 37 68 59 6 14 57
    67 68 41 60 50 43 25 1 24 12 5 8 70 55 56 44 23 53 22 33 37 2 16 40 35 20 69 9 36 66 34 63 47 18 64 15 31 39 14 62 46 65 10 3 48 27 21 19 52 58 6 51 11 29 42 59 13 26 49 32 54 4 45 57 38 28 7 17 61 30
    57 32 34 49 4 28 22 67 21 44 30 36 60 33 31 54 68 10 61 45 64 63 3 29 26 5 43 41 2 46 8 35 53 59 17 52 13 47 66 40 11 18 24 20 12 16 25 14 48 27 69 70 1 23 51 37 65 38 42 9 55 6 15 7 39 56 19 62 50 58
    37 59 65 4 12 66 41 25 23 45 68 61 63 26 8 57 52 14 60 44 19 9 32 51 43 1 70 58 17 7 34 3 11 13 2 30 24 67 28 10 42 69 21 54 40 5 27 6 50 20 47 16 53 64 55 46 31 62 49 36 35 22 15 18 29 33 48 38 56 39
    65 34 68 57 36 14 43 12 49 4 53 28 52 15 6 30 42 11 45 55 38 9 59 5 58 18 21 67 64 50 37 25 24 3 22 61 56 54 17 2 26 39 29 8 41 63 31 1 20 51 27 66 69 13 7 32 48 60 35 23 40 46 70 47 44 19 10 16 33 62
    48 43 60 23 19 44 35 41 50 45 36 14 16 13 15 12 1 31 11 61 28 42 67 10 66 32 65 62 2 70 18 54 39 5 69 52 8 53 34 68 30 3 25 57 47 24 55 58 59 17 22 56 9 7 64 29 26 20 27 33 40 4 21 46 49 37 63 38 6 51
    47 7 35 40 6 36 22 29 13 49 56 20 32 59 28 26 30 12 16 3 21 64 18 8 52 9 10 43 11 4 41 65 1 31 50 2 69 34 5 27 44 15 62 19 39 17 33 51 54 23 25 45 38 67 60 37 14 53 48 70 46 63 55 57 61 42 68 58 24 66
    39 56 60 63 31 40 53 13 27 7 50 43 16 55 30 33 42 59 25 19 24 62 44 12 51 14 32 15 4 35 18 38 21 23 54 1 2 11 52 17 29 48 8 3 61 9 5 68 34 64 57 20 69 67 46 36 58 10 45 70 28 26 6 47 65 66 37 41 22 49
    51 27 11 66 61 64 65 70 32 22 21 33 47 35 58 18 42 5 39 54 15 48 38 2 19 7 25 3 4 24 1 30 6 57 41 16 55 49 20 14 46 8 56 36 45 10 62 26 23 43 50 68 53 60 44 29 12 34 31 52 67 69 59 28 13 37 17 63 40 9
    67 70 4 13 21 30 53 49 25 33 51 64 24 42 58 66 32 59 12 29 19 57 43 40 52 36 28 31 23 20 45 69 34 62 56 27 61 5 1 7 22 6 35 26 38 60 68 3 2 41 47 17 50 54 63 9 16 18 65 44 8 37 14 10 39 46 11 55 48 15
    14 41 17 58 34 59 22 47 8 50 53 18 6 38 62 36 19 45 66 7 12 23 24 57 49 30 27 21 29 61 69 20 25 37 48 56 63 26 55 15 9 46 40 60 65 2 42 44 54 13 33 43 68 51 64 52 1 28 16 3 39 70 11 10 5 67 35 32 31 4
    5 36 70 50 60 63 31 16 4 20 9 14 3 53 24 57 37 61 6 52 46 1 42 39 17 34 68 44 66 35 59 41 26 69 13 33 7 22 38 21 47 23 29 62 65 2 11 28 10 55 25 48 40 43 45 54 58 8 12 67 18 30 32 56 27 64 49 15 19 51
    25 45 62 14 28 32 46 36 47 17 8 20 11 23 7 10 21 4 65 57 44 59 52 53 3 41 13 2 49 42 1 16 64 68 29 12 67 69 22 27 63 39 5 56 18 26 9 38 40 61 33 51 35 66 37 24 70 48 55 30 19 6 60 15 50 54 58 34 43 31
    12 17 29 35 63 64 33 9 44 27 10 6 30 58 57 42 62 4 48 7 24 28 55 8 46 36 22 32 21 25 3 11 56 26 40 59 67 60 34 38 69 65 68 14 47 1 15 23 39 52 37 16 19 43 41 66 51 2 50 49 53 45 54 70 18 31 5 61 20 13
    51 30 9 70 43 20 34 12 7 37 36 22 31 54 15 42 45 24 69 16 23 63 56 57 5 55 13 68 61 46 4 41 14 18 53 67 8 10 44 58 19 29 21 50 59 25 28 1 26 62 17 49 47 65 3 48 35 60 40 33 27 52 6 39 38 66 64 32 2 11
    54 69 18 66 51 29 41 32 65 53 49 26 40 20 67 30 3 10 68 21 14 7 4 28 17 57 46 1 27 48 35 37 43 60 42 63 47 55 52 6 11 39 16 62 13 33 61 59 15 9 36 45 2 44 64 22 12 58 24 34 23 8 38 50 31 5 25 56 70 19
    57 36 26 17 3 10 67 63 49 2 60 38 54 44 45 7 68 24 34 15 58 53 23 12 9 14 33 35 56 43 19 20 5 6 41 46 55 28 13 31 16 42 18 8 51 39 70 52 29 25 1 30 66 59 62 22 65 47 21 27 32 37 50 48 40 69 61 64 11 4
    50 40 22 34 41 12 42 38 47 15 53 62 52 54 57 59 35 28 2 51 6 55 26 39 70 67 66 61 3 36 30 33 11 8 37 56 5 45 17 23 18 65 13 63 10 4 7 24 43 1 60 69 27 25 68 32 14 19 48 29 16 58 46 49 31 21 20 64 44 9
    8 51 53 7 58 11 44 50 39 61 45 34 5 49 63 54 19 32 6 10 65 27 46 36 56 13 24 69 42 64 21 35 62 15 57 38 12 4 20 29 68 52 55 2 23 43 40 31 60 67 17 59 25 14 16 28 1 30 48 22 47 33 41 37 70 18 66 9 26 3
    52 21 14 50 53 27 47 20 46 42 26 41 6 64 32 63 44 43 38 40 49 30 68 1 16 12 18 65 60 56 55 70 54 9 62 13 67 15 25 35 39 45 48 24 4 23 69 66 59 36 10 2 57 28 19 8 31 37 29 5 3 33 58 11 22 34 51 7 17 61
    8 65 25 41 62 49 21 17 54 16 61 57 48 50 37 32 2 59 53 5 18 3 44 36 19 43 24 52 30 4 12 14 20 67 55 64 7 22 1 10 56 6 38 58 60 34 70 63 23 33 9 26 13 42 27 11 35 28 51 66 40 47 29 39 15 45 69 31 68 46
    51 28 18 29 10 68 66 52 54 30 59 25 34 58 26 17 19 38 43 20 6 35 61 12 5 64 4 23 37 45 27 36 41 31 7 62 14 47 40 65 42 44 53 15 46 56 9 8 33 69 24 13 55 32 3 2 21 22 50 1 49 57 70 67 11 48 16 60 63 39
    57 59 37 22 28 50 52 3 44 14 55 36 38 39 41 17 56 26 19 5 47 51 9 29 25 11 21 65 35 1 58 10 45 42 12 60 23 69 2 68 53 7 62 54 13 27 70 20 66 40 34 16 15 30 63 24 49 31 8 43 67 33 48 46 32 6 61 64 4 18
    22 37 32 48 14 1 33 13 10 4 17 3 2 18 61 8 19 46 9 58 20 57 34 44 45 47 51 69 6 56 40 53 29 15 49 30 63 25 65 55 68 31 7 39 35 21 27 5 59 38 50 36 70 67 28 60 43 62 12 11 52 66 24 23 64 26 42 41 16 54
    52 28 33 2 65 50 20 4 55 27 3 12 23 29 34 58 17 45 59 9 15 6 68 25 21 35 51 54 66 36 10 41 53 30 32 70 7 37 19 61 63 38 62 22 18 49 46 57 48 44 31 5 8 56 1 26 39 64 11 60 47 42 14 40 16 67 43 24 69 13
    1 39 26 33 17 38 59 61 62 28 32 13 49 64 42 4 2 5 37 67 47 16 22 11 57 54 21 10 23 70 20 55 65 30 8 14 51 27 29 66 53 44 40 56 58 9 60 7 24 63 15 36 34 19 43 45 52 3 48 68 31 69 18 25 50 35 6 41 12 46
    16 38 26 68 8 66 10 57 67 23 5 20 61 49 58 60 25 56 15 34 17 47 6 29 54 51 22 19 39 28 53 64 24 18 59 42 48 1 41 50 12 4 14 33 35 43 70 9 36 46 3 69 55 65 27 44 13 7 32 21 62 52 2 45 63 11 30 37 31 40
    27 43 16 61 14 2 22 5 39 30 7 64 47 23 34 18 66 38 13 62 54 58 56 53 59 1 3 55 50 44 28 10 25 37 4 42 26 8 67 49 52 31 70 45 36 32 11 33 48 9 41 68 69 63 24 15 46 6 40 17 20 19 35 12 29 51 21 65 60 57
    8 10 56 1 20 54 39 25 58 65 57 49 47 67 63 12 26 53 4 51 23 18 42 69 30 60 64 2 14 11 59 52 36 70 34 62 13 6 35 31 41 45 43 16 22 9 66 24 50 32 7 40 37 29 68 15 38 28 61 46 17 48 33 19 21 55 44 27 3 5
    18 11 50 69 13 62 8 6 22 41 40 43 63 54 38 9 7 49 26 25 42 27 51 45 53 59 17 31 37 47 14 15 44 46 21 70 4 20 33 68 67 32 12 58 57 29 23 60 19 10 28 39 3 35 36 64 48 52 65 61 24 2 34 5 56 66 16 1 30 55
    34 14 28 58 27 31 37 65 55 41 9 64 60 67 57 4 18 50 70 48 12 32 33 56 49 44 23 17 3 43 29 36 25 66 5 69 24 38 46 52 10 11 8 2 68 35 26 13 30 39 54 61 7 16 62 22 15 45 51 20 42 19 59 21 47 40 1 63 53 6
    67 47 34 50 23 65 3 12 55 19 43 18 58 15 41 32 17 5 60 10 68 21 44 46 39 61 33 38 9 25 20 53 8 31 13 49 22 24 42 56 52 45 54 40 6 36 11 48 28 63 62 16 59 14 29 51 66 1 7 70 4 57 37 30 35 27 26 69 2 64
    53 8 55 40 57 14 22 54 24 66 25 38 34 10 61 63 70 11 7 9 49 48 46 67 62 56 19 60 39 65 16 59 52 32 13 29 37 64 12 18 3 4 20 43 50 35 69 41 28 44 30 36 33 5 23 26 51 17 1 58 47 68 2 45 21 6 15 42 31 27
    70 42 67 49 41 44 54 10 63 13 32 26 57 27 28 64 15 33 7 58 40 4 61 30 43 69 52 60 39 68 29 2 8 17 48 18 38 9 37 45 53 55 31 24 23 51 12 3 16 36 5 22 50 56 21 6 14 35 11 59 1 62 20 65 19 66 47 25 34 46
    27 19 15 8 16 20 46 64 56 58 35 45 51 1 4 26 7 13 50 52 42 12 69 30 37 11 25 68 10 40 24 70 21 29 66 33 5 14 63 47 65 41 60 28 49 53 62 55 43 32 48 6 44 31 36 34 67 22 3 18 17 38 59 61 39 54 2 23 9 57
    42 28 7 10 38 31 66 34 6 27 64 70 30 16 62 58 56 23 44 2 57 3 29 36 15 4 65 50 69 51 8 67 49 14 12 54 35 33 18 40 63 32 45 53 9 52 68 60 47 55 1 59 17 5 43 61 20 22 25 13 26 46 24 37 48 11 21 39 19 41
    30 7 35 29 4 3 47 20 17 1 38 19 13 43 60 65 6 52 49 12 33 27 15 22 37 62 59 36 70 64 39 67 9 66 14 57 56 18 25 46 68 41 26 23 69 5 8 54 63 42 48 40 31 58 53 61 11 2 44 50 16 10 34 28 45 51 32 21 24 55
    23 14 52 53 11 25 44 19 6 62 16 41 51 57 50 67 68 31 28 15 20 21 13 5 4 27 66 24 42 59 36 7 22 63 18 3 29 33 37 35 12 30 54 26 60 10 9 49 56 61 69 17 46 48 45 65 55 64 70 1 32 43 8 2 34 40 47 58 39 38
    36 42 23 24 22 20 55 58 15 27 16 60 17 19 1 67 34 48 11 6 38 29 51 49 54 39 4 43 37 33 53 61 26 13 56 52 41 10 30 40 45 65 68 14 7 18 25 57 62 59 2 44 9 12 70 69 3 66 21 32 28 35 64 47 46 8 63 5 31 50
    22 1 68 4 29 55 45 47 24 64 37 14 43 46 44 17 39 9 7 30 53 49 51 59 65 20 3 34 36 57 56 69 61 8 32 28 63 25 40 52 58 2 19 66 11 16 21 31 60 10 48 5 12 15 50 62 70 6 42 26 54 18 23 33 38 35 67 41 27 13
    62 58 55 4 11 50 7 34 21 17 56 22 9 19 5 36 25 12 60 49 44 63 70 20 28 51 14 3 32 65 47 35 52 8 27 64 29 37 2 31 53 43 59 67 6 1 16 10 57 40 26 33 66 38 69 13 15 18 46 24 68 30 45 42 41 23 48 61 54 39
    30 33 52 60 68 59 39 19 9 61 66 32 62 51 4 45 54 17 6 46 65 13 63 23 2 57 56 37 44 64 14 16 21 35 43 18 36 31 12 29 28 5 38 48 1 55 8 69 40 7 27 53 58 20 22 50 49 26 34 11 25 41 67 10 42 70 3 15 47 24
    62 2 3 23 44 53 67 27 7 25 70 37 4 21 69 54 1 32 59 35 14 28 56 38 43 20 13 26 58 19 12 64 61 31 5 11 36 41 57 50 30 33 47 29 42 49 17 16 8 24 51 48 46 18 60 15 10 55 68 34 45 6 63 39 9 66 52 65 40 22
    4 38 21 63 69 24 50 42 8 9 55 34 5 19 67 36 28 68 65 30 17 58 66 44 10 61 53 14 60 29 6 3 32 26 39 13 33 59 57 64 15 41 31 52 46 25 2 12 48 11 47 7 43 18 35 40 16 37 20 27 22 23 70 56 62 49 51 54 45 1
    3 28 69 31 35 45 19 57 14 55 27 44 47 70 48 22 1 56 64 54 68 46 8 60 61 63 26 32 33 24 29 52 9 12 59 34 18 2 42 43 10 11 41 13 4 36 17 6 66 39 16 51 5 7 38 65 58 25 15 62 23 49 30 37 21 40 53 20 50 67
    48 43 52 41 70 21 39 1 40 38 12 19 16 59 47 25 32 56 6 29 49 20 14 55 36 5 57 33 66 9 45 24 4 7 64 53 58 37 3 8 67 68 27 60 28 11 69 31 26 42 46 10 35 18 62 13 17 30 34 50 51 44 2 61 63 22 23 54 15 65
    53 20 21 65 43 54 66 15 29 30 60 35 8 23 56 41 70 49 63 18 16 42 57 32 48 55 36 69 67 46 9 22 5 1 28 19 7 59 2 26 13 25 27 47 64 3 34 6 45 17 12 37 61 24 39 62 52 10 14 33 68 51 11 58 50 44 38 40 4 31
    50 69 13 35 37 6 23 34 22 21 33 59 52 70 8 51 5 38 55 30 65 41 24 15 48 28 18 60 61 47 44 39 11 53 27 45 26 67 66 12 62 58 4 2 63 14 64 68 10 56 1 9 20 32 3 7 54 17 46 43 57 25 19 31 49 42 36 16 29 40
    48 20 16 22 13 60 58 56 2 37 49 41 38 24 42 40 5 4 28 35 46 21 11 6 62 10 31 67 65 29 36 9 61 14 8 47 50 44 34 32 59 25 1 57 64 23 43 54 53 27 19 45 30 51 33 63 17 66 39 26 52 70 7 68 55 69 15 12 3 18
    31 56 20 67 27 24 69 45 28 63 64 2 39 48 25 10 11 66 42 13 4 60 51 8 16 34 7 29 40 23 50 9 68 22 53 18 37 15 44 49 26 52 3 61 54 59 41 58 55 70 62 46 5 38 30 1 36 43 6 17 65 19 14 57 12 33 47 32 35 21
    43 26 34 56 30 52 29 54 28 48 25 53 15 21 8 35 67 3 36 6 9 69 19 42 70 12 22 49 50 60 55 16 68 40 27 18 51 59 24 58 31 2 5 41 46 23 1 20 61 47 14 10 66 33 13 32 7 17 4 45 62 44 39 37 57 64 38 65 63 11
    34 43 54 62 21 53 52 35 19 29 48 57 69 32 39 42 5 18 17 55 38 37 2 46 20 24 40 59 16 67 13 65 68 41 44 28 47 11 36 30 63 33 51 8 31 4 23 60 64 61 14 25 6 56 49 10 3 66 1 7 9 26 27 22 70 50 45 12 58 15
    18 44 40 4 47 32 29 7 24 3 21 52 58 51 49 65 33 14 9 59 54 35 23 70 37 36 50 34 25 63 16 19 13 69 17 46 60 68 43 8 42 28 41 20 62 48 30 57 39 22 67 10 61 26 12 2 38 5 56 53 1 27 45 66 31 15 64 11 55 6
    34 1 42 20 60 55 33 22 54 37 66 50 45 18 32 61 15 23 25 27 17 67 40 3 47 49 48 24 64 12 2 63 41 21 68 46 39 43 51 65 6 69 19 52 58 16 11 30 13 10 57 44 5 70 9 28 4 59 29 31 7 35 53 26 8 14 56 38 36 62
    59 69 37 19 32 16 33 44 6 8 65 31 40 2 49 53 10 7 14 45 35 52 11 25 43 4 56 12 60 61 64 17 67 13 1 41 5 18 24 58 70 28 47 42 50 15 23 27 3 39 38 34 54 46 22 68 9 36 66 63 26 48 62 30 51 20 57 21 29 55
    66 53 32 63 61 2 65 22 45 51 56 31 47 19 29 9 41 20 64 14 16 17 38 39 1 55 49 48 52 18 28 35 10 68 59 50 67 69 6 4 30 40 7 46 36 24 58 13 70 25 62 43 57 44 34 11 33 60 8 27 26 3 54 23 12 21 42 37 15 5
    39 31 51 70 48 25 58 5 50 55 16 64 57 35 69 23 12 49 60 6 2 54 53 7 66 42 67 24 15 65 46 30 13 17 20 14 9 36 26 22 63 1 3 37 28 52 38 19 33 4 45 44 62 41 27 29 8 21 11 43 32 10 34 40 18 59 68 56 47 61
    48 47 33 14 46 43 25 30 22 62 35 53 32 55 59 28 1 37 70 45 67 40 56 26 16 42 51 41 68 17 6 50 31 18 61 69 21 66 38 10 8 20 64 12 9 44 60 29 4 19 13 36 2 63 7 27 52 3 65 54 23 39 34 11 58 24 49 5 57 15
    49 20 67 6 24 26 25 28 10 40 62 68 11 27 12 70 15 43 39 37 65 36 8 41 50 19 33 54 53 22 13 30 17 38 23 34 69 2 3 9 7 18 48 64 46 57 63 21 16 60 31 44 32 59 42 55 35 47 45 29 51 61 52 56 1 14 66 4 5 58
    49 11 5 2 37 26 24 10 19 50 16 18 34 33 43 57 27 52 39 61 68 41 38 62 67 47 59 65 17 15 46 51 64 30 42 21 29 66 35 31 36 69 28 7 44 4 55 9 60 6 40 32 48 63 1 8 58 12 56 70 23 54 13 20 25 45 22 3 53 14
    66 45 54 65 63 36 25 70 31 67 44 10 57 60 14 56 33 43 20 49 29 58 30 40 4 26 61 13 7 50 24 35 53 27 52 17 28 1 21 51 64 9 37 42 3 39 68 46 38 22 6 18 11 34 15 59 8 48 69 23 55 62 19 41 32 2 12 5 47 16
    31 15 67 33 17 11 38 66 10 21 44 4 24 23 68 48 64 19 37 70 35 49 9 56 36 16 42 57 7 22 39 50 30 69 5 28 14 8 60 54 25 18 29 65 34 46 58 55 45 26 47 3 59 51 20 2 1 32 53 43 41 40 27 61 62 52 63 12 6 13
    36 41 49 62 26 44 50 64 55 11 14 47 63 25 4 17 37 29 21 40 56 31 28 38 13 42 35 69 67 6 7 30 27 60 59 66 19 70 57 34 8 20 1 48 3 22 43 54 15 61 33 65 23 10 24 45 16 46 9 51 58 68 2 18 39 5 12 53 52 32
    14 10 50 55 61 41 12 52 17 68 38 4 59 23 46 44 22 20 43 13 47 51 33 56 45 26 36 2 67 27 29 62 42 40 34 9 6 21 35 16 54 18 24 49 7 65 25 8 69 31 15 53 39 32 30 3 28 57 5 70 11 48 58 1 37 66 60 64 63 19
    9 26 36 31 15 5 2 27 48 30 56 37 12 29 40 64 53 20 32 18 63 7 66 52 61 16 23 45 47 51 10 59 43 17 13 28 67 55 35 8 39 42 6 50 38 62 60 3 11 1 54 46 69 22 58 24 41 65 19 21 57 44 34 33 4 70 14 68 49 25
    41 12 29 6 43 21 4 49 62 45 26 39 5 30 57 60 14 19 23 9 7 34 3 8 40 20 53 52 10 66 65 31 55 22 33 68 64 37 56 54 58 18 28 59 38 15 27 46 69 70 2 25 44 1 50 17 13 67 24 47 61 32 42 63 16 48 35 51 11 36
    22 8 58 70 69 47 33 23 60 27 4 48 34 63 3 24 7 66 40 68 42 35 37 67 25 61 14 10 13 1 21 18 16 19 46 9 38 17 44 26 49 39 41 2 50 32 43 65 62 15 30 64 28 45 5 12 20 56 59 11 52 57 55 31 53 29 51 36 54 6
    61 13 28 23 27 65 46 37 45 38 10 69 68 60 36 64 55 58 29 11 50 62 43 30 53 51 12 16 26 66 70 14 49 21 42 2 25 56 31 48 22 6 24 18 15 3 67 19 52 1 17 33 32 40 20 57 7 63 59 47 8 35 41 5 44 34 9 54 39 4
    42 57 66 64 43 24 55 30 19 15 20 37 28 61 54 52 13 38 39 11 59 65 27 25 34 3 47 44 36 29 16 51 18 8 12 48 68 2 63 45 14 22 4 58 23 10 60 53 70 32 5 62 56 40 49 26 50 41 46 69 35 9 33 31 6 67 21 1 7 17
    69 33 32 65 40 10 18 28 21 15 49 61 38 66 24 64 14 31 56 7 23 62 3 58 12 52 19 36 70 68 44 45 60 22 4 42 54 8 16 17 41 27 35 34 55 51 67 59 47 11 39 26 43 25 1 48 57 13 50 5 37 30 29 20 53 2 6 46 63 9
    17 64 42 62 51 18 26 47 21 7 40 39 69 33 63 48 43 11 60 15 54 14 67 9 20 1 38 25 31 24 34 30 23 44 22 13 68 59 45 65 3 6 57 32 12 16 52 70 66 55 28 35 4 36 37 46 49 5 58 56 2 50 10 19 53 8 41 61 29 27
    48 6 36 59 57 17 68 69 33 65 70 45 1 54 34 3 38 26 42 23 8 40 29 30 25 53 35 28 16 60 9 18 32 11 66 64 55 7 56 20 5 44 58 31 2 46 61 4 41 47 49 15 19 13 10 43 39 14 27 37 52 51 62 22 12 50 63 24 21 67
    59 27 45 25 69 65 34 60 43 14 36 48 2 66 20 50 33 7 15 40 42 18 8 23 17 10 53 24 30 37 44 31 49 13 11 62 3 21 19 35 5 68 47 22 63 12 52 57 70 55 46 28 41 26 67 58 54 39 9 6 32 64 61 51 38 4 56 29 1 16
    23 2 11 54 15 66 43 52 39 24 17 1 61 48 20 47 62 57 14 44 8 21 55 26 41 35 16 45 51 25 4 64 58 60 10 13 70 69 28 30 22 49 7 19 42 53 40 59 65 12 33 32 5 38 31 29 3 6 63 27 34 18 50 9 46 68 36 67 56 37
    52 35 8 51 58 4 2 25 27 10 13 68 23 54 5 26 42 67 21 56 49 50 29 7 63 39 40 48 12 32 47 70 16 65 59 57 38 45 22 20 31 64 44 61 11 55 24 69 46 1 41 28 37 3 14 33 9 66 62 43 17 18 15 60 6 34 36 53 19 30
    46 48 4 6 17 9 38 10 28 66 45 7 61 68 32 69 42 43 8 20 59 19 33 18 39 35 41 53 27 47 30 24 1 55 58 36 63 60 40 51 56 22 5 12 31 13 15 3 62 67 65 14 23 11 50 70 57 54 26 25 2 29 34 16 44 37 49 64 21 52
    54 43 25 19 26 37 57 24 61 6 18 50 60 39 46 22 63 9 11 48 20 44 8 15 14 12 10 23 31 67 35 2 5 27 36 59 66 53 21 55 33 45 29 41 68 7 51 56 38 34 4 30 40 47 1 58 49 64 70 62 42 17 13 3 28 32 16 65 52 69
    17 70 40 48 30 41 58 45 65 51 57 24 9 68 21 38 64 32 33 50 35 34 29 62 14 49 13 3 39 61 60 56 26 12 10 53 55 22 69 66 6 1 59 67 63 36 37 28 25 44 31 18 42 47 52 46 8 5 19 20 2 54 23 7 43 4 15 27 11 16
    59 47 23 22 9 68 56 6 4 60 41 58 11 25 67 53 26 13 48 3 50 55 5 17 15 36 54 69 34 7 49 39 35 20 18 52 2 31 8 16 57 1 62 28 66 38 10 19 24 64 42 51 14 37 32 45 65 33 12 27 63 29 43 21 40 70 61 46 44 30
    44 41 36 60 24 8 65 19 47 7 35 66 69 3 56 58 70 23 13 50 39 61 68 33 37 45 4 5 49 38 51 28 18 63 27 59 32 31 62 12 67 46 43 17 30 22 10 11 25 15 55 40 26 52 14 2 20 16 21 34 48 1 9 57 53 29 42 54 64 6
    52 25 1 13 3 7 29 9 70 58 59 60 57 56 33 28 39 37 64 61 2 54 41 12 38 22 45 51 50 46 62 26 35 65 36 49 47 27 40 31 67 44 4 66 55 32 5 30 68 43 11 42 23 21 16 24 15 34 17 18 8 14 53 20 19 63 6 48 10 69
    4 37 7 42 27 6 53 21 45 11 49 39 46 19 30 17 22 23 62 61 34 38 59 2 52 9 10 24 1 44 29 67 55 66 35 63 28 65 16 8 64 50 20 48 68 40 60 25 5 13 70 33 3 18 14 57 47 15 54 31 56 36 26 69 41 12 32 43 58 51
    2 23 26 13 31 64 38 19 30 33 45 65 27 7 8 52 20 70 12 43 32 49 9 28 14 69 57 68 56 44 47 21 34 48 5 59 46 50 35 39 29 54 36 66 41 51 1 4 10 62 61 42 18 15 17 25 22 40 67 55 11 24 3 58 53 37 63 60 6 16
    31 21 70 22 36 63 57 8 66 56 27 32 23 17 67 52 16 20 46 64 29 42 50 51 37 11 61 4 18 65 5 3 62 19 25 53 7 41 40 34 13 39 6 2 24 49 54 33 26 44 1 59 12 30 60 28 35 47 58 43 69 68 55 9 45 38 10 14 48 15
    49 14 55 1 24 22 6 65 31 35 57 52 7 33 27 67 51 44 4 5 47 46 53 10 20 68 43 23 63 69 66 13 2 59 30 9 45 18 64 61 50 36 11 48 25 17 26 12 41 21 34 32 58 19 40 38 62 28 54 8 60 70 16 42 3 39 29 37 56 15
    7 18 21 64 61 10 43 40 32 13 19 38 35 39 59 20 54 34 33 23 41 9 27 31 51 45 2 29 14 36 6 55 66 28 69 46 24 25 58 70 8 1 15 44 22 48 12 65 49 30 68 17 62 52 57 5 60 53 67 50 11 63 4 37 56 42 26 16 47 3
    13 57 70 55 36 37 14 62 44 39 12 38 4 24 48 69 17 19 56 6 66 54 16 52 63 42 5 25 35 7 23 11 34 27 49 45 40 22 20 60 26 68 21 29 50 28 43 61 51 59 47 2 65 53 67 10 33 64 1 15 9 3 32 31 8 18 41 46 30 58
    24 50 44 36 58 31 12 52 37 33 28 3 10 62 67 11 55 39 38 30 17 66 8 26 54 45 47 68 23 35 49 4 9 7 59 41 63 57 21 61 56 1 42 29 69 6 34 20 43 46 40 13 25 32 2 64 5 48 19 60 65 53 14 16 51 18 15 70 27 22
    11 56 57 40 58 63 24 47 5 6 31 13 20 51 62 38 26 12 19 52 68 32 44 9 43 39 28 55 17 69 4 54 42 15 16 23 48 60 18 3 2 37 67 46 61 30 29 10 14 22 59 65 70 66 49 41 33 35 21 45 25 64 36 50 8 27 1 7 34 53
    40 36 3 42 8 35 17 37 58 12 56 22 23 59 15 28 4 25 33 54 53 61 70 14 27 51 24 50 48 45 60 46 20 34 55 67 9 66 62 16 38 65 44 10 39 69 47 13 30 64 32 49 18 5 19 31 63 2 6 7 41 11 52 68 43 29 21 57 26 1
    8 35 33 20 48 50 29 57 42 55 34 47 52 13 17 41 5 25 10 1 27 39 69 56 63 54 66 53 62 11 6 40 15 65 43 32 12 30 22 2 16 60 46 59 9 4 68 61 31 28 3 38 37 14 51 58 64 49 44 67 26 19 18 7 23 45 21 24 70 36
    35 31 14 56 67 4 12 55 27 13 69 50 70 63 49 54 43 21 26 41 44 39 57 25 34 17 11 28 7 29 1 22 51 9 19 30 24 65 2 46 5 45 37 32 33 20 40 36 47 6 18 59 10 66 15 23 62 68 16 60 53 8 3 52 42 58 64 48 38 61
    51 55 27 60 25 7 44 26 34 10 22 59 58 52 16 45 50 11 32 67 63 14 36 17 31 30 37 35 70 8 42 19 12 9 56 24 28 48 41 39 69 40 21 38 57 65 6 1 33 62 23 64 49 5 20 46 43 18 68 61 4 15 2 3 54 66 13 53 29 47
    11 57 37 64 5 49 51 9 69 62 10 15 36 17 67 60 66 20 18 50 25 2 23 41 26 68 56 21 4 47 54 39 31 35 61 48 12 46 33 65 42 70 16 58 8 27 22 19 63 24 53 13 52 30 6 40 38 44 45 29 32 28 43 7 59 3 1 34 55 14

