71

    4 64 43 31 19 11 10 15 44 66 52 49 58 70 69 35 27 24 17 63 14 60 54 12 1 68 36 30 18 48 34 32 23 61 37 71 39 45 55 3 28 8 62 46 25 47 56 40 38 22 29 51 50 33 41 42 59 53 6 21 7 26 65 20 2 67 13 9 5 57 16
    1 38 44 57 27 29 14 35 70 58 46 60 39 6 26 23 21 34 54 28 3 2 52 63 17 59 68 33 62 61 4 45 71 32 64 30 69 49 67 48 16 51 12 10 40 22 37 41 31 15 53 36 7 47 19 42 65 24 9 5 13 20 43 56 8 50 11 55 18 25 66
    36 29 56 11 52 59 51 39 58 42 32 63 48 17 41 50 60 57 3 67 66 33 53 6 34 5 45 69 8 71 43 24 64 46 16 55 27 20 15 9 4 12 31 25 13 14 38 35 7 54 49 37 62 65 40 70 28 23 2 10 47 68 19 26 30 44 22 1 21 61 18
    32 35 16 15 9 11 57 50 19 38 55 26 45 24 41 17 2 56 39 54 13 64 42 66 71 40 53 10 44 27 69 58 5 12 47 29 22 60 23 70 6 37 34 63 49 7 59 46 8 51 30 25 1 52 48 67 21 68 28 4 31 36 33 3 62 14 61 65 43 18 20
    33 17 65 48 28 26 22 40 51 27 68 53 49 1 66 3 54 12 59 71 2 24 4 11 23 46 38 5 60 32 9 41 29 69 47 35 37 10 52 67 50 55 18 14 44 21 62 43 45 25 61 8 58 13 64 19 57 31 15 30 56 7 16 63 20 6 36 70 39 42 34
    48 65 71 66 32 41 31 33 36 60 19 68 70 16 3 64 10 4 6 1 30 20 50 44 13 5 54 69 11 21 28 42 45 40 14 38 27 9 17 35 58 53 25 26 47 2 62 29 24 56 61 12 8 67 39 23 18 59 63 55 46 51 7 22 43 57 34 15 37 52 49
    13 40 67 32 46 51 43 55 58 44 28 33 41 29 18 5 12 38 8 50 66 47 1 57 70 60 61 11 10 31 21 25 14 3 39 49 42 6 64 30 54 23 26 34 62 20 15 56 71 4 2 24 59 19 36 68 65 37 16 9 63 45 27 48 7 17 52 69 53 35 22
    47 69 27 65 8 42 10 12 55 29 15 63 20 43 60 40 18 1 41 2 49 53 32 28 25 70 51 11 39 24 4 59 13 38 50 23 44 7 9 35 71 62 6 34 36 19 14 45 16 3 21 48 5 30 57 68 67 58 64 31 54 37 33 17 52 56 26 22 46 61 66
    61 1 40 67 33 34 51 65 12 7 16 6 66 14 8 21 23 48 17 25 53 35 9 32 43 41 60 69 63 15 46 39 52 27 30 49 29 37 4 57 5 18 54 10 2 13 71 47 19 70 38 64 58 36 42 55 11 45 3 20 68 22 59 50 31 28 62 26 44 24 56
    8 27 67 60 69 18 56 19 41 62 22 7 30 46 57 31 42 16 40 9 10 38 63 33 24 21 65 47 66 12 59 43 55 58 35 61 2 34 45 64 28 4 37 50 23 17 25 15 39 54 48 32 53 49 71 51 36 70 52 1 13 44 11 14 26 29 3 68 5 20 6
    43 56 12 53 35 71 15 13 5 34 37 17 67 27 6 65 62 26 32 30 40 42 41 16 66 52 51 57 33 45 29 21 38 55 69 47 28 54 11 20 24 63 64 7 1 14 8 23 44 10 4 59 25 60 22 31 68 2 9 70 46 3 19 48 58 36 49 18 50 61 39
    3 39 40 67 53 47 55 63 18 5 2 41 43 60 25 4 7 28 54 35 8 6 14 29 30 57 50 12 10 61 24 26 37 58 11 52 64 71 34 59 32 62 69 15 20 36 68 51 49 48 42 22 44 45 19 66 21 31 56 65 27 46 70 9 13 33 38 16 1 17 23
    10 48 37 60 68 56 7 3 40 17 15 5 36 55 8 61 42 50 33 32 20 21 6 34 11 22 65 69 38 58 46 52 35 19 47 30 1 29 27 26 14 45 57 24 12 49 70 9 62 16 44 54 66 63 2 71 4 13 18 31 67 28 41 23 64 51 39 25 43 53 59
    26 65 68 42 54 62 48 59 4 31 14 37 2 38 55 28 46 33 8 20 57 64 6 49 60 13 1 58 67 32 34 18 11 25 40 12 36 23 56 41 44 69 53 35 43 51 47 50 30 70 17 3 71 5 24 39 19 16 63 9 66 22 15 10 61 52 7 27 21 45 29
    52 3 57 36 38 17 20 44 29 4 65 33 69 59 67 41 1 47 61 28 64 37 71 51 8 30 6 15 9 13 10 42 60 45 16 63 23 21 14 40 7 48 34 66 2 25 53 56 62 18 12 46 43 68 35 55 22 31 19 27 58 39 32 49 5 24 70 54 26 50 11
    41 21 49 13 55 63 64 35 23 60 22 69 71 3 54 48 27 37 70 6 57 65 46 19 26 58 47 15 5 50 51 34 66 2 36 33 32 59 56 18 29 10 68 43 17 7 11 25 20 42 53 1 62 4 31 40 30 61 24 12 67 9 44 38 45 16 39 14 52 8 28
    67 18 58 46 1 60 55 17 47 10 15 11 57 42 29 16 30 2 7 70 41 43 3 39 36 33 5 25 14 64 65 61 37 66 53 8 35 69 31 38 48 56 59 12 32 21 27 51 19 34 49 4 63 71 62 9 24 28 23 40 54 45 52 50 6 22 44 68 20 26 13
    36 51 49 67 33 69 50 66 65 34 20 68 14 53 12 1 48 23 4 56 25 15 52 6 47 60 3 21 5 43 45 64 54 70 38 32 71 58 30 24 11 27 61 55 19 59 35 9 7 41 26 39 17 37 28 42 13 10 2 46 22 8 44 18 16 62 63 57 40 31 29
    6 48 42 34 5 38 69 53 10 37 67 58 50 39 70 57 71 51 14 32 65 52 47 66 64 12 22 68 20 1 44 3 11 36 28 63 9 43 13 18 19 29 15 59 40 8 46 41 25 33 23 61 54 62 4 24 49 35 21 16 27 26 7 2 55 31 56 17 60 45 30
    3 59 14 29 66 10 21 31 61 37 15 47 69 45 28 49 11 38 48 27 68 1 13 26 70 32 67 58 71 8 22 44 25 34 41 24 53 55 40 56 35 23 12 36 6 39 46 62 57 17 60 63 51 54 33 4 2 52 42 19 7 16 50 64 5 9 20 18 30 65 43
    45 22 54 25 49 14 71 60 5 13 46 33 3 39 35 70 34 68 61 48 41 67 66 37 40 4 29 62 36 52 69 27 1 58 65 20 30 19 64 47 50 21 2 24 6 51 57 12 7 55 59 43 44 18 42 31 32 10 15 23 56 26 28 16 9 17 38 11 53 63 8
    9 16 1 44 6 55 2 25 22 59 27 31 66 52 65 71 20 68 69 50 37 12 46 13 38 14 57 39 8 64 61 45 54 56 35 30 24 29 42 17 36 7 58 23 67 48 62 34 15 5 40 21 18 63 26 70 32 41 60 43 49 4 19 33 28 47 53 11 51 3 10
    54 63 16 52 30 9 8 7 64 38 46 67 19 40 68 59 43 11 47 53 71 56 58 29 35 2 49 12 36 55 25 50 39 33 23 28 6 26 22 44 60 37 32 24 57 21 45 5 14 42 20 62 41 69 66 4 13 51 10 34 27 17 1 48 15 61 65 3 31 70 18
    40 14 34 70 43 53 47 18 28 15 46 64 71 19 45 23 61 55 36 67 63 31 16 65 17 50 41 58 25 44 7 10 4 6 38 68 42 24 48 57 20 27 21 52 29 35 56 9 5 51 66 2 37 33 8 49 3 39 69 11 62 1 59 30 60 26 54 22 12 32 13
    18 64 28 10 13 61 53 36 2 4 42 16 33 65 54 44 6 8 62 29 70 34 20 47 69 38 32 24 17 56 45 14 40 31 27 37 9 51 71 11 43 7 21 52 50 41 5 1 66 46 15 55 63 22 59 39 26 68 19 57 23 12 49 35 48 67 58 25 60 3 30
    14 40 24 12 42 4 9 52 48 58 2 55 21 70 23 56 20 71 65 16 7 47 32 50 35 10 11 53 46 19 69 17 67 60 37 3 66 27 15 34 13 31 18 57 33 22 64 38 1 41 62 36 8 25 54 39 26 45 49 68 43 30 6 51 28 44 61 29 59 63 5
    51 38 65 40 11 2 53 59 48 67 5 3 69 28 71 46 18 35 63 15 41 66 17 25 60 26 62 70 33 19 24 9 21 43 8 44 12 27 54 52 37 47 32 61 6 10 23 31 55 56 36 58 22 1 13 50 20 68 30 7 29 42 4 39 14 49 57 45 64 34 16
    14 4 51 20 13 17 5 54 71 34 66 23 35 70 16 45 61 30 9 42 21 41 6 22 25 68 52 19 63 60 18 31 1 69 56 64 50 57 37 43 40 8 3 48 29 67 24 59 33 2 38 47 28 26 15 39 49 11 62 53 36 55 65 46 58 12 10 27 44 32 7
    25 13 11 64 21 35 54 5 53 26 23 61 2 47 46 15 17 67 36 63 20 24 41 12 27 4 43 16 70 29 40 7 9 22 28 44 19 55 57 56 18 60 37 1 69 34 32 10 58 68 31 49 30 33 39 59 38 62 14 52 50 65 66 45 51 3 8 71 6 48 42
    29 1 5 64 43 30 62 16 33 59 61 15 35 37 24 42 23 7 17 47 58 4 57 25 60 19 41 48 22 45 63 9 69 51 70 18 8 12 54 26 32 55 67 39 50 52 21 2 28 13 49 53 11 66 14 68 6 38 31 34 10 46 27 40 56 65 36 20 44 71 3
    39 43 3 31 67 44 19 32 7 29 2 41 9 69 21 20 71 24 42 11 63 56 48 58 30 28 45 40 70 57 27 15 38 51 5 55 62 61 1 10 47 68 14 33 22 26 13 23 52 17 4 50 65 34 60 6 12 54 46 37 36 18 8 25 49 53 66 59 16 35 64
    21 48 40 1 7 50 24 29 60 62 68 6 52 36 65 15 35 12 59 30 9 14 32 67 41 18 17 23 31 45 13 3 39 42 25 28 63 58 57 16 47 33 54 22 66 34 64 19 27 37 70 10 26 20 46 43 51 55 8 69 61 2 4 53 5 71 38 49 56 11 44
    45 58 13 39 27 12 44 21 26 11 16 53 71 42 68 43 55 57 30 54 40 18 5 36 31 52 6 62 64 38 47 14 56 51 69 20 4 66 59 29 35 37 17 1 49 50 15 28 10 25 61 70 8 46 24 65 9 33 23 19 32 60 22 48 67 34 3 7 41 2 63
    21 30 50 27 11 42 41 16 19 49 66 54 45 14 38 12 70 61 48 7 9 39 32 1 2 44 53 20 68 13 31 69 64 62 26 6 33 29 4 3 28 36 5 23 71 56 59 22 65 58 60 52 67 57 10 34 25 18 17 40 55 47 24 35 43 46 63 37 15 51 8
    67 70 26 8 39 58 66 51 32 57 12 4 14 46 43 31 13 25 68 55 64 37 38 34 36 69 10 16 9 24 27 44 23 7 71 5 47 3 30 62 45 52 60 21 65 41 61 2 17 63 48 35 15 54 40 49 1 18 42 20 11 28 53 59 29 56 6 33 50 22 19
    3 50 60 61 37 40 27 59 7 16 18 6 71 63 9 13 42 70 65 58 46 33 29 15 30 56 21 36 28 39 14 4 2 57 62 45 26 1 52 17 69 68 66 41 34 20 35 11 67 19 48 44 8 23 43 10 12 51 22 47 25 54 24 31 32 38 53 64 5 49 55
    28 69 67 55 66 19 14 22 13 9 25 11 26 10 3 7 64 35 21 29 60 45 2 18 41 61 27 56 5 49 32 58 53 52 70 39 30 6 44 23 12 37 42 15 1 33 62 54 65 57 34 36 38 31 68 24 17 8 40 63 16 46 50 71 20 43 48 47 59 4 51
    51 71 25 23 60 56 7 57 26 9 15 4 17 27 47 37 45 42 36 64 28 38 21 54 62 8 2 24 34 41 13 69 53 46 63 18 14 33 49 67 61 35 31 50 58 6 48 65 40 5 43 12 52 16 68 11 22 10 1 70 39 30 20 19 29 44 59 55 32 66 3
    21 63 1 23 3 4 12 45 61 6 44 27 57 65 5 36 41 58 56 31 7 32 14 47 68 24 69 48 66 52 43 22 18 42 26 35 54 17 19 60 40 20 64 10 39 53 11 50 59 49 33 62 70 8 37 51 28 46 16 34 30 55 29 13 38 9 15 71 2 67 25
    50 52 21 15 42 40 27 46 22 54 66 5 6 28 16 26 45 3 56 2 14 68 9 17 61 13 39 57 32 69 11 44 23 55 60 63 4 64 38 25 33 65 29 35 49 62 59 37 1 70 8 36 30 34 53 51 12 58 41 7 43 71 10 18 19 20 24 67 48 47 31
    21 58 56 28 54 11 19 45 55 47 22 50 46 48 31 44 24 36 4 61 51 65 12 33 5 14 62 40 68 2 41 35 42 9 39 15 43 70 71 6 38 32 25 59 3 7 29 23 1 69 17 60 16 52 64 20 34 27 66 18 37 10 13 67 26 53 49 30 8 63 57
    50 55 46 36 44 70 47 52 39 41 64 12 59 65 60 45 1 20 2 9 69 16 48 30 19 43 13 27 35 57 22 63 26 31 56 4 67 58 7 66 53 40 42 61 38 29 33 49 11 71 32 54 14 23 3 37 8 25 62 28 17 24 18 15 34 51 10 68 21 6 5
    20 21 22 25 2 12 7 58 46 69 4 18 43 6 33 68 45 71 53 34 27 48 63 41 42 52 64 14 66 29 44 60 26 10 36 51 19 39 15 57 59 32 5 9 70 56 30 49 1 35 50 47 61 24 54 23 13 62 28 31 3 17 55 38 8 67 37 16 40 11 65
    61 65 31 27 30 12 46 44 58 66 55 48 57 60 23 7 50 9 56 62 67 2 38 28 1 11 35 4 63 21 34 39 10 18 69 43 40 41 25 13 71 16 6 49 19 8 36 53 45 68 3 47 15 37 52 5 70 32 20 64 24 26 33 14 22 51 59 42 29 54 17
    8 31 70 18 1 39 23 33 20 62 50 16 43 59 64 35 45 42 15 54 53 44 24 61 22 41 37 55 14 27 34 49 32 9 65 46 51 12 36 26 7 67 40 47 60 21 48 29 69 10 71 2 3 57 4 38 52 28 25 56 66 13 17 5 11 6 19 58 30 63 68
    14 70 44 40 41 13 19 53 30 61 54 16 66 4 23 39 24 31 51 68 2 55 3 10 21 28 69 49 37 15 17 50 64 43 52 48 22 8 46 36 59 60 26 57 9 34 42 45 65 63 38 62 47 25 27 58 18 56 11 6 5 29 32 7 1 71 33 12 35 20 67
    32 52 57 69 37 35 40 53 45 65 44 12 21 20 29 61 56 25 4 67 46 63 9 17 8 31 15 49 41 70 27 22 33 43 30 26 3 51 16 13 58 54 47 7 36 55 2 48 71 59 1 42 23 64 11 68 60 6 62 38 19 50 18 10 34 14 5 66 24 39 28
    1 15 35 26 62 68 32 20 6 55 11 10 71 66 65 28 13 64 53 27 18 67 42 56 4 60 30 57 31 61 9 33 34 2 49 12 40 54 25 43 47 58 17 8 24 51 23 22 48 69 19 52 37 38 41 50 5 39 44 29 46 7 63 14 59 21 45 3 16 36 70
    36 41 62 67 45 60 58 5 35 34 42 28 3 46 18 32 66 49 30 15 2 9 54 40 23 69 11 8 31 48 13 14 51 61 24 70 16 7 21 63 10 37 1 27 29 71 59 22 56 17 64 19 6 53 55 47 44 57 52 39 43 68 50 12 26 38 4 33 20 25 65
    2 6 14 24 30 29 68 18 63 43 1 58 5 31 62 54 33 13 53 37 70 71 42 44 49 22 45 52 66 48 46 57 27 64 38 25 39 20 19 69 59 8 17 4 35 21 40 61 67 47 60 15 34 12 51 16 32 9 56 10 23 65 50 26 55 36 7 11 41 28 3
    70 49 65 13 2 11 1 56 29 30 9 54 61 8 17 45 31 22 41 5 19 25 14 68 43 7 37 6 27 33 42 57 12 26 63 21 4 35 3 51 32 28 15 48 38 10 36 40 52 47 59 24 55 50 67 71 34 62 20 66 23 53 60 18 39 44 69 64 46 16 58
    11 15 44 46 1 61 5 20 21 35 63 37 2 70 56 60 39 29 33 71 53 65 12 47 9 58 57 68 67 51 28 38 49 69 19 52 4 66 42 24 26 16 34 59 30 17 50 7 48 45 10 6 55 41 14 54 36 40 31 23 32 3 62 18 64 8 25 13 22 27 43
    59 38 15 42 49 64 4 8 29 34 55 5 3 43 39 23 47 52 66 51 7 44 65 1 22 41 36 48 17 61 25 20 24 62 33 31 30 35 58 2 11 54 50 14 70 46 21 16 18 60 63 26 69 6 28 27 37 19 12 53 40 57 9 13 68 56 10 32 45 71 67
    65 71 47 24 2 20 18 33 7 8 19 53 17 26 14 38 51 62 44 9 16 1 43 58 13 34 45 46 61 64 39 30 11 42 32 52 4 5 59 21 68 63 67 56 29 50 36 22 15 35 57 3 23 27 25 40 49 70 10 31 37 48 28 66 55 6 60 12 54 41 69
    15 9 22 35 52 31 21 5 6 61 38 55 42 71 50 4 32 46 20 51 36 56 62 10 2 12 59 45 34 3 33 48 39 54 23 8 60 11 57 47 68 26 29 53 70 24 58 13 40 67 27 30 44 64 37 43 49 18 1 7 66 28 25 65 19 17 14 16 63 69 41
    71 13 4 35 57 52 14 56 70 10 3 32 22 47 28 58 37 27 50 54 69 41 9 65 23 68 44 39 66 5 16 34 7 6 67 19 64 48 1 46 59 15 31 2 61 12 51 43 36 25 30 21 33 18 53 49 26 60 38 20 8 55 24 40 11 42 29 62 17 63 45
    60 49 21 51 28 59 42 4 54 66 69 36 30 55 71 61 62 68 6 10 22 33 14 1 65 35 57 38 18 37 17 53 26 9 45 48 47 20 12 31 52 19 3 27 40 58 29 34 8 39 56 5 7 24 50 15 63 67 43 64 23 25 46 70 11 41 16 32 2 13 44
    47 32 19 63 40 31 9 6 33 42 24 34 15 52 30 20 69 3 62 70 49 7 5 10 37 21 11 13 25 55 14 18 68 26 50 29 60 71 67 2 53 28 51 38 35 57 4 39 44 27 45 41 58 59 23 56 36 54 66 12 46 1 17 61 64 16 65 48 8 43 22
    12 6 52 53 16 35 8 51 18 46 68 45 33 64 10 60 43 38 39 25 21 42 2 28 3 71 4 20 54 65 14 37 47 48 36 29 17 63 31 15 22 13 49 7 30 11 19 57 5 67 50 69 1 56 24 32 66 70 34 40 59 9 61 62 26 23 27 58 41 44 55
    65 18 61 35 16 24 45 59 26 25 67 31 32 36 49 64 56 11 13 3 51 2 37 63 15 48 53 39 69 4 66 1 57 14 5 33 46 6 41 70 50 30 7 58 17 54 40 22 62 55 21 8 12 34 43 20 38 27 68 71 9 29 23 19 28 10 47 42 52 60 44
    15 50 2 64 38 22 29 10 68 56 39 6 30 54 40 25 43 71 28 47 12 70 55 60 33 21 20 32 66 16 48 49 31 65 3 36 57 18 61 35 26 62 7 63 51 14 13 59 42 52 46 58 1 45 41 19 27 8 53 34 17 9 11 24 4 69 5 37 44 23 67
    19 71 33 38 39 12 35 24 11 67 13 60 57 25 31 6 16 37 8 21 40 50 42 65 62 14 47 51 55 70 54 26 48 9 68 58 22 10 45 61 53 27 15 59 52 17 34 29 44 41 43 20 3 28 2 7 1 64 30 18 56 36 23 32 5 66 63 4 49 69 46
    43 29 58 25 3 44 24 4 1 35 54 18 59 13 61 46 2 10 27 31 71 21 26 56 14 7 60 15 49 69 17 63 62 39 40 32 48 53 20 47 37 70 33 34 36 50 6 11 42 65 45 9 30 55 8 23 19 12 22 16 67 68 66 41 51 64 38 57 5 52 28
    70 32 6 39 16 19 33 24 18 69 55 53 64 42 34 68 41 27 56 17 28 21 20 45 1 67 13 30 50 43 52 23 5 40 29 71 14 51 36 49 8 7 61 35 15 48 66 47 60 26 22 37 58 65 59 57 54 11 9 62 31 12 10 25 2 3 4 44 38 46 63
    6 42 28 24 4 49 62 54 70 39 66 45 43 61 46 60 32 23 51 65 40 64 63 41 30 29 57 55 50 69 20 48 71 33 22 25 37 52 14 2 34 36 67 26 8 56 7 5 58 59 38 35 19 53 16 17 1 9 3 27 15 68 10 44 47 13 12 21 31 18 11
    11 27 9 53 7 65 52 63 46 4 1 41 29 62 54 8 47 37 51 26 40 44 30 17 64 49 50 14 3 67 18 16 22 12 31 68 35 10 69 39 70 33 48 38 24 19 61 58 57 2 13 43 32 15 42 71 20 60 34 23 59 56 55 45 28 6 36 5 25 21 66
    54 34 61 10 70 71 65 69 28 12 33 18 49 50 22 59 53 15 5 9 40 25 19 41 27 21 4 11 47 57 2 30 20 58 6 43 39 23 48 60 42 51 63 26 56 29 45 37 46 32 3 1 36 52 16 44 67 38 62 14 13 7 17 66 68 35 55 31 24 64 8
    35 39 58 66 29 16 55 23 30 38 48 18 32 15 47 46 24 62 71 42 59 41 70 31 22 65 36 10 45 25 17 33 1 67 54 57 63 9 68 26 21 43 44 51 28 49 8 5 50 37 2 4 60 7 3 27 61 6 64 52 14 19 11 12 56 20 53 34 40 13 69
    18 8 52 39 67 6 22 46 19 34 61 14 66 40 23 4 41 65 53 59 29 57 32 33 16 7 48 58 49 10 25 50 26 56 51 3 71 15 36 60 11 43 45 5 42 9 68 35 31 55 21 2 30 17 28 13 38 63 37 24 70 64 44 69 1 54 27 12 20 62 47
    2 20 7 37 41 14 62 9 32 47 24 29 23 30 52 70 67 6 5 1 34 49 11 69 35 17 44 59 43 38 46 66 4 48 40 61 26 25 65 13 55 53 33 22 64 12 54 3 27 39 19 18 60 28 50 68 15 16 58 56 45 42 36 8 31 21 57 51 63 10 71
    1 20 12 44 43 54 45 67 7 56 62 29 9 36 64 51 26 57 55 2 8 63 69 38 42 48 30 46 68 35 34 21 59 19 61 5 11 33 24 13 18 37 28 27 15 14 3 65 10 39 40 70 52 4 6 23 32 16 50 41 47 58 71 60 66 31 25 49 53 17 22
    49 37 71 47 46 57 5 16 64 30 29 11 61 70 62 51 45 32 56 13 50 65 6 58 69 41 22 19 4 66 14 1 55 23 2 9 25 48 7 40 60 42 24 67 39 33 44 52 54 27 3 63 53 34 15 10 43 8 38 36 21 12 28 59 31 26 20 17 68 35 18
    52 8 28 25 70 9 22 13 42 21 15 50 10 62 17 5 47 39 59 27 63 18 36 51 19 40 35 3 11 68 56 33 48 49 2 31 64 4 6 34 29 46 61 57 67 54 71 20 30 69 14 12 60 23 26 45 58 41 65 32 44 37 7 55 1 53 66 43 16 38 24
    63 52 68 11 55 16 54 5 31 47 10 21 42 44 62 67 57 70 38 66 36 6 39 28 4 40 8 61 24 19 18 3 64 71 25 53 15 45 2 30 27 33 20 60 49 69 32 29 35 23 50 7 46 17 41 13 56 9 37 48 58 34 43 59 51 65 1 14 22 12 26
    44 66 21 28 7 43 45 55 27 37 49 19 40 29 14 38 61 25 57 5 3 59 60 13 70 36 41 58 24 32 30 69 52 16 20 6 71 34 33 23 17 10 15 35 53 48 8 65 67 18 51 39 2 9 12 54 62 22 4 46 47 56 50 11 63 42 1 64 31 68 26
    47 42 22 18 37 67 48 4 61 23 32 40 30 52 7 11 9 55 12 25 66 35 46 29 38 26 24 31 58 53 51 3 59 62 69 33 68 57 34 28 17 10 64 45 60 16 20 27 6 71 49 13 2 5 36 8 43 21 56 65 70 19 50 54 1 15 39 41 63 14 44
    41 6 70 50 56 28 59 22 54 9 40 18 3 38 63 20 15 37 43 7 17 47 31 4 71 52 62 68 49 14 42 10 34 21 33 57 39 55 11 23 29 8 2 67 64 53 16 45 27 1 30 58 24 13 25 61 5 19 60 26 44 12 51 65 66 46 48 36 35 32 69
    25 24 21 26 12 29 28 5 48 66 27 39 14 7 63 55 42 4 64 69 70 35 34 51 38 43 67 20 23 46 13 33 17 30 68 6 58 8 9 40 32 56 19 50 49 71 11 16 3 1 57 10 52 45 60 54 37 44 61 47 59 15 22 36 18 62 41 2 53 31 65
    16 53 27 14 59 60 58 38 36 54 61 12 63 39 2 47 43 66 25 64 1 45 31 65 24 32 71 35 52 37 7 6 57 50 19 48 70 30 23 34 46 10 49 40 55 22 9 68 28 29 44 20 26 21 41 18 15 3 11 13 51 17 8 62 42 67 69 56 5 4 33
    44 3 24 7 15 9 39 13 42 58 51 10 71 27 28 6 48 45 54 20 29 41 33 5 57 46 23 63 11 37 26 59 1 2 21 12 53 34 52 30 35 36 49 55 50 61 65 17 68 38 43 32 70 62 19 25 18 67 60 16 47 31 56 14 4 22 66 64 40 69 8
    13 17 50 38 57 23 66 12 53 31 25 28 47 58 49 26 51 2 27 36 7 52 16 35 48 68 43 30 3 69 18 63 37 56 44 20 39 71 45 60 9 62 4 33 55 59 10 1 8 65 15 46 24 6 5 41 67 11 61 29 19 14 34 54 21 40 64 32 42 70 22
    5 50 67 27 41 65 61 47 10 23 60 48 1 62 63 35 16 6 12 18 4 55 34 33 59 68 3 39 15 64 45 38 44 2 22 57 8 71 32 17 9 31 43 19 70 42 28 14 58 52 24 25 30 40 69 66 53 7 26 56 49 21 37 11 51 20 13 54 29 46 36
    61 70 59 69 52 1 29 9 21 17 41 60 3 39 63 40 58 31 19 68 10 38 22 36 50 64 51 54 8 45 28 2 30 7 24 53 13 44 35 33 49 62 14 20 5 67 43 34 66 18 15 6 23 65 4 42 48 47 11 16 25 32 37 46 26 71 27 12 55 57 56
    14 46 57 28 15 37 18 66 24 34 30 36 71 1 50 52 38 45 68 23 39 62 9 13 32 65 54 55 20 40 12 69 19 64 43 26 6 51 42 5 3 27 11 2 17 21 41 47 63 56 49 53 22 4 48 33 61 35 8 70 58 31 67 7 10 25 60 59 44 29 16
    50 28 48 42 13 44 56 34 41 1 52 64 32 58 55 69 70 17 5 60 18 43 27 45 57 49 71 11 67 7 14 24 26 53 66 38 30 10 46 29 51 61 35 20 19 3 25 36 68 59 63 47 31 65 40 33 12 4 39 23 62 37 8 15 22 2 6 16 54 21 9
    35 27 57 51 53 60 7 39 20 65 62 68 63 36 6 31 52 50 11 5 71 34 43 56 13 30 21 32 58 40 17 8 41 66 1 33 26 9 55 54 12 16 44 25 64 49 29 46 42 69 59 15 4 10 61 48 37 24 47 18 2 19 14 3 67 45 22 38 28 23 70
    42 29 54 65 59 36 3 28 62 53 43 39 17 50 66 10 70 7 6 20 55 25 32 57 31 12 69 4 68 8 24 41 45 22 35 58 15 19 48 26 18 60 40 21 2 67 23 27 11 61 51 49 63 1 13 71 38 64 9 16 37 56 33 34 47 5 44 52 46 30 14
    28 71 21 53 68 4 14 50 66 64 60 30 38 49 70 40 25 33 9 17 65 24 2 22 51 47 35 15 61 62 48 23 31 13 8 55 5 57 16 56 67 37 11 59 45 19 36 69 58 1 3 18 26 27 32 39 34 12 42 41 46 29 7 6 43 20 54 10 63 52 44
    7 3 10 48 46 62 49 61 36 21 27 32 69 30 8 11 66 42 65 51 9 64 45 41 67 17 25 56 24 34 59 44 16 29 37 15 33 18 1 20 31 68 55 6 19 4 28 40 58 22 52 50 70 71 13 38 23 54 47 14 12 26 5 2 35 39 43 57 60 53 63
    24 6 62 30 2 40 20 1 33 64 50 19 51 59 66 23 49 10 68 70 29 53 52 17 56 13 5 44 26 38 14 31 43 3 21 45 18 41 36 42 16 55 28 37 60 54 12 58 46 39 65 9 57 48 34 27 35 69 15 63 8 7 61 71 4 32 47 22 67 11 25
    31 47 59 40 28 6 46 68 29 45 7 13 39 21 5 17 37 49 41 66 65 16 32 23 18 38 52 62 10 51 44 33 14 3 30 43 15 2 55 56 63 27 36 60 53 70 57 58 4 71 24 9 64 1 67 25 54 20 34 61 42 50 19 8 22 12 35 48 69 11 26
    58 33 32 13 51 50 24 4 35 62 5 27 63 26 21 43 66 8 56 2 31 25 57 16 47 65 18 20 40 68 69 9 7 70 38 45 11 39 14 28 71 54 42 59 67 36 64 48 12 60 37 61 15 3 41 29 49 6 53 1 17 19 23 10 30 44 52 34 22 46 55
    46 35 12 43 57 25 34 11 2 17 39 18 47 31 28 22 49 55 5 42 14 45 61 33 16 62 68 48 36 60 8 30 53 38 44 70 56 50 52 41 9 67 69 6 21 64 10 7 66 3 32 4 27 40 29 54 19 59 37 26 23 1 63 13 20 71 15 65 51 58 24
    2 50 29 20 11 28 53 40 13 26 27 48 51 33 24 12 39 23 71 62 69 31 70 30 66 41 36 37 60 35 38 42 3 64 46 65 4 5 47 16 34 14 57 18 55 6 7 1 56 68 10 54 49 17 21 63 67 61 22 9 19 52 32 58 59 25 44 15 8 43 45
    68 71 18 26 10 13 42 60 47 58 4 70 8 31 32 46 39 30 57 33 55 9 24 41 34 66 51 37 48 38 19 36 29 3 11 67 17 6 43 16 40 20 61 59 52 62 1 50 69 12 25 54 27 56 14 65 21 44 28 45 7 53 23 63 15 22 5 64 2 49 35
    59 9 31 32 47 65 48 56 42 70 6 11 28 62 38 22 27 37 68 45 30 69 24 66 26 33 13 57 19 64 12 17 61 18 15 49 7 44 39 5 36 4 67 50 29 34 2 55 10 53 16 3 21 60 23 71 58 51 63 25 1 35 8 43 54 40 46 14 52 20 41
    55 60 33 51 10 29 46 53 26 59 65 23 54 50 31 67 34 4 56 28 63 21 39 49 68 30 71 35 5 15 32 7 25 44 13 40 61 38 37 19 20 16 52 24 1 2 18 41 17 14 42 62 70 22 8 57 36 3 6 9 47 48 45 64 12 43 27 66 69 58 11
    28 36 1 35 5 10 56 3 22 9 41 37 27 15 54 57 30 60 38 8 42 4 68 55 21 48 65 52 51 59 6 67 26 2 24 69 40 49 53 14 50 47 25 64 70 12 7 13 63 32 43 18 61 31 11 66 33 29 71 19 20 62 17 39 45 23 58 46 44 34 16
    6 26 68 42 57 44 1 8 7 25 36 32 10 38 27 14 43 22 45 4 58 40 71 34 49 59 67 54 69 62 47 20 24 70 56 50 37 48 46 2 53 52 55 16 51 3 41 15 17 30 64 13 21 39 5 12 65 35 66 61 28 31 18 60 63 23 29 9 33 19 11
    3 55 31 18 9 15 41 61 46 1 45 34 4 12 62 33 35 56 40 14 60 26 52 65 19 16 25 49 20 2 5 39 42 66 44 29 54 43 70 48 68 53 57 32 51 63 22 24 10 6 47 23 21 13 27 58 38 59 28 30 69 8 37 7 11 17 36 71 67 50 64

