72

    11 53 61 15 47 34 69 63 2 42 68 33 20 26 46 24 16 58 27 64 51 54 72 28 3 14 70 13 9 55 49 56 38 32 39 66 48 1 29 5 23 30 25 45 67 43 12 31 17 36 35 21 71 22 10 8 40 18 60 50 52 7 4 19 57 44 37 65 62 6 59 41
    49 59 36 25 38 56 62 67 34 42 70 26 17 54 53 9 46 31 20 45 71 64 51 29 23 1 14 55 18 44 72 63 16 5 68 32 60 13 15 21 22 3 4 6 52 8 35 50 65 37 28 66 27 69 2 41 11 19 10 57 61 7 40 43 58 47 39 33 30 12 48 24
    68 31 63 24 43 62 17 36 26 13 32 51 1 2 67 20 3 6 30 12 7 4 38 59 16 71 58 55 39 21 42 52 65 37 25 9 34 72 50 64 69 35 47 23 61 41 46 45 54 48 44 15 5 19 8 70 57 29 40 28 60 22 53 18 14 11 10 66 56 49 33 27
    51 29 37 24 66 48 15 65 9 68 14 69 12 32 27 60 54 7 39 5 34 70 62 26 10 22 13 42 11 71 57 46 41 30 43 47 61 55 59 25 56 1 50 72 23 31 45 2 20 58 33 4 53 40 63 64 3 35 52 36 6 19 67 16 21 18 8 17 49 28 38 44
    27 17 42 65 49 24 14 67 35 63 66 26 21 59 55 50 46 61 1 36 33 56 69 39 25 22 15 70 30 54 8 16 53 57 3 71 41 6 18 48 44 12 4 64 28 20 13 11 52 62 23 34 72 37 29 2 58 10 40 43 68 38 32 7 9 19 45 31 60 5 47 51
    38 46 4 42 40 31 24 44 67 69 70 68 35 63 28 52 41 15 65 20 1 14 34 22 50 56 71 37 26 17 49 21 64 12 13 25 2 5 39 29 27 9 62 57 19 18 60 66 6 53 32 3 10 48 11 59 47 55 33 7 36 23 61 51 16 58 43 54 30 8 72 45
    42 45 59 29 52 35 48 11 38 44 23 46 6 22 53 25 18 65 31 68 50 13 33 12 1 41 15 20 62 2 70 61 58 34 47 28 66 60 7 63 40 51 37 32 57 43 16 4 49 8 19 64 10 27 5 26 36 67 9 39 56 71 17 14 3 55 21 69 72 54 24 30
    68 3 51 35 21 43 49 7 10 18 29 71 48 5 22 28 31 2 37 64 9 27 4 54 39 65 61 16 20 30 41 1 40 52 70 59 23 50 55 44 66 42 11 33 34 6 15 63 38 24 36 26 25 67 14 53 60 13 46 12 57 69 32 45 8 72 58 62 17 19 47 56
    2 21 16 31 11 68 24 67 1 3 57 38 72 50 18 36 17 54 33 14 26 53 45 37 63 28 30 39 10 55 56 35 70 8 58 48 6 61 4 43 41 7 5 52 12 40 49 23 59 44 51 9 71 19 42 66 15 69 25 62 13 65 60 22 46 64 27 29 20 32 47 34
    36 69 8 67 26 13 27 9 60 55 25 32 4 43 48 6 7 14 15 17 70 2 1 59 51 63 24 3 58 53 68 41 71 64 30 21 23 5 37 40 19 16 47 20 18 35 62 72 61 11 54 66 38 29 12 57 34 28 42 50 22 49 10 46 44 33 45 52 31 56 65 39
    52 29 51 44 69 57 12 55 16 2 49 25 46 35 15 23 14 26 11 7 66 67 58 71 54 17 19 65 24 3 8 6 1 45 27 48 61 47 20 37 53 62 34 40 70 30 18 43 10 39 22 41 36 31 56 33 5 38 9 32 63 42 4 21 60 28 72 68 13 59 50 64
    46 48 44 70 17 69 13 60 58 36 1 29 33 50 21 65 28 57 14 63 52 30 3 8 16 41 6 32 23 72 49 47 66 34 67 31 15 62 40 5 25 18 35 22 54 43 9 64 51 24 42 39 71 4 59 2 37 7 19 27 26 53 10 55 45 56 61 68 12 38 11 20
    4 9 41 50 49 39 51 70 18 38 55 17 23 11 35 28 27 34 15 7 53 72 48 37 8 14 57 64 12 61 65 58 68 21 6 67 3 71 44 36 40 5 19 31 24 47 10 62 16 45 2 32 59 29 56 13 69 42 1 52 30 54 33 20 25 66 43 26 46 22 60 63
    20 54 4 63 1 9 27 53 43 47 32 17 42 64 58 52 2 70 41 38 11 31 60 55 68 69 65 5 25 8 45 10 33 61 6 22 14 12 37 23 72 3 36 48 59 62 13 44 34 16 19 7 57 35 30 66 21 40 50 26 15 46 39 49 67 71 51 28 56 18 24 29
    56 9 8 64 41 3 34 24 53 26 20 22 17 48 7 37 4 40 2 46 59 68 50 23 71 33 49 54 27 57 63 62 38 60 65 45 66 61 30 13 35 19 42 18 6 69 14 47 29 11 51 67 55 1 52 39 10 16 32 43 5 72 31 28 25 36 58 70 21 15 12 44
    63 38 18 35 56 5 59 28 43 46 51 6 58 52 49 26 23 64 71 8 42 39 11 4 54 61 45 7 34 2 72 67 40 20 32 24 70 66 53 3 68 48 33 44 30 16 17 27 41 36 19 55 47 15 25 50 62 29 60 12 21 69 57 31 65 9 37 10 14 22 13 1
    24 5 9 21 6 23 14 69 8 33 34 18 20 55 63 53 15 27 29 56 26 38 58 60 31 12 61 1 4 11 67 2 59 49 39 42 37 54 62 40 70 44 64 68 46 7 57 22 47 66 36 32 17 48 45 65 41 50 3 16 52 35 72 25 43 30 19 10 13 71 28 51
    48 47 34 10 12 65 6 67 37 39 23 38 56 27 46 28 18 66 29 16 63 54 62 44 33 21 51 3 35 19 4 69 22 45 42 50 60 52 13 72 26 64 71 2 57 55 7 17 25 59 43 8 1 11 70 49 58 15 53 24 40 41 30 32 20 61 9 14 68 36 31 5
    49 50 48 10 70 18 35 13 40 30 46 29 3 26 16 60 23 63 27 2 21 38 56 65 9 67 32 20 52 31 44 69 43 33 6 14 58 11 28 72 24 17 55 61 47 51 36 22 12 66 4 57 59 41 15 42 1 54 68 19 53 64 45 62 37 25 39 71 34 8 7 5
    37 6 3 14 69 4 65 33 23 71 64 51 63 19 16 7 67 41 40 53 50 39 57 15 62 44 72 11 56 10 61 59 68 55 58 18 13 36 49 43 21 54 34 45 9 25 17 2 48 47 46 12 5 1 32 31 24 66 26 29 38 20 70 52 27 28 60 22 8 42 30 35
    33 65 39 55 66 61 2 60 40 42 54 53 49 57 70 23 32 34 12 6 46 44 37 10 67 72 63 45 50 3 16 51 18 11 19 62 22 8 21 15 64 48 43 5 31 38 26 28 36 24 7 9 71 17 41 4 35 59 14 56 30 25 29 58 1 52 13 27 68 20 69 47
    19 48 46 71 24 16 41 45 39 49 10 58 55 36 37 29 72 43 7 30 38 35 21 50 64 61 51 18 40 22 34 4 12 66 20 9 44 15 17 28 62 54 70 31 52 11 26 47 8 5 6 33 53 2 60 68 32 42 69 27 59 25 13 57 3 1 65 14 63 23 67 56
    12 59 65 53 55 3 6 29 4 28 48 36 39 27 56 20 1 66 69 50 31 52 62 15 33 38 45 8 49 2 61 47 71 26 17 32 34 64 23 30 43 9 57 70 14 37 58 72 63 44 51 5 11 68 67 18 42 22 13 60 46 25 16 54 21 41 10 40 19 35 24 7
    12 18 16 21 28 38 46 26 56 68 32 44 27 55 15 50 34 37 57 7 52 33 1 58 63 24 47 41 53 51 39 35 42 60 14 22 9 5 67 19 61 6 43 64 2 49 17 70 71 29 69 54 59 62 4 8 13 11 72 30 36 3 45 10 66 40 25 65 20 23 31 48
    16 20 44 25 45 24 40 15 71 7 23 14 36 55 66 48 10 60 35 65 31 72 34 33 47 27 26 50 42 61 53 57 6 46 5 32 59 2 52 9 12 54 4 69 51 64 13 21 67 37 38 43 62 8 18 30 70 17 56 29 1 11 3 39 22 68 19 28 41 63 58 49
    44 11 51 68 57 21 27 8 65 43 25 63 53 40 20 32 1 47 26 24 35 28 4 60 10 34 71 72 15 52 18 41 54 33 29 38 12 70 46 69 16 66 39 3 7 58 31 49 45 62 19 13 22 36 61 67 2 9 56 6 23 17 37 55 14 59 64 50 30 42 5 48
    7 44 39 42 6 58 3 51 57 54 14 8 62 19 24 55 65 37 69 40 46 48 31 9 61 23 12 11 21 68 13 49 43 71 66 45 64 53 32 60 59 26 50 20 25 56 16 70 52 5 10 4 63 28 67 1 2 72 22 27 34 18 33 29 38 30 35 36 47 15 41 17
    36 6 60 61 56 11 64 37 13 44 3 68 27 52 59 16 28 34 33 24 30 58 42 10 25 48 23 51 21 7 29 14 38 46 22 35 15 49 19 26 70 5 39 12 4 9 32 41 18 55 57 50 43 2 53 65 20 63 69 40 62 67 8 17 54 31 1 71 47 45 72 66
    28 49 66 9 25 32 5 36 57 70 71 4 27 12 39 46 68 65 15 16 62 48 44 53 72 7 43 61 31 38 55 60 26 6 64 3 41 54 10 2 67 58 42 51 40 52 34 22 56 23 63 20 30 18 8 47 69 37 35 50 17 13 24 14 29 11 19 21 1 45 33 59
    30 55 37 5 48 38 36 4 45 35 7 49 6 39 33 56 46 65 69 50 2 27 12 44 41 21 67 70 52 32 13 58 28 51 72 64 1 61 25 26 71 10 15 59 17 43 57 42 40 3 19 29 47 18 11 53 60 63 62 68 14 22 66 24 31 54 16 34 8 23 9 20
    56 59 42 47 2 32 58 10 40 64 1 23 57 17 28 8 15 9 53 39 20 25 45 18 21 29 31 61 46 14 30 33 49 44 65 11 71 3 54 52 70 48 55 24 4 35 72 51 22 66 69 7 60 67 16 19 41 38 13 34 6 27 50 63 12 62 5 36 37 26 43 68
    30 69 49 9 61 63 22 65 16 26 60 44 8 45 29 42 6 15 12 48 2 50 37 24 31 67 52 3 33 21 53 55 19 25 4 28 14 64 71 56 39 70 62 72 54 13 41 18 27 35 57 5 7 38 1 66 36 47 46 40 32 43 10 51 59 34 68 11 17 58 20 23
    24 12 51 44 31 22 35 69 8 71 61 68 59 20 37 13 67 72 42 62 29 57 11 39 6 34 2 54 10 52 70 41 5 47 19 50 9 33 53 49 17 60 18 55 66 14 63 32 27 4 16 48 25 38 15 64 1 26 58 65 40 46 36 23 7 45 21 56 28 43 3 30
    34 56 61 35 28 37 45 33 47 12 2 31 5 50 15 29 9 6 54 64 67 49 20 22 10 63 46 4 39 40 42 66 18 48 13 14 17 52 70 69 24 55 25 44 19 1 8 57 21 65 51 43 41 23 11 59 36 60 30 38 53 27 3 58 7 26 32 71 16 68 62 72
    63 39 30 64 65 58 18 25 61 72 11 4 31 59 12 16 50 28 62 40 49 9 17 71 36 42 21 38 60 35 44 53 54 69 32 27 43 29 70 52 24 1 55 51 14 41 37 5 22 48 57 33 7 13 56 26 15 20 2 19 3 6 66 46 68 45 8 47 23 34 10 67
    30 69 39 9 2 29 60 45 16 15 65 41 46 26 13 3 70 22 62 52 28 23 20 56 49 59 72 17 51 18 31 57 1 27 10 68 58 54 4 40 24 67 44 43 63 37 33 64 38 7 61 11 36 8 21 71 6 55 47 34 12 50 42 32 14 19 53 35 66 48 25 5
    70 60 12 18 36 29 16 34 11 24 32 55 39 49 57 64 59 7 31 28 21 43 35 20 41 9 25 69 66 33 65 72 54 51 67 6 42 2 63 14 56 8 37 53 38 50 71 22 61 40 23 27 26 13 3 1 10 19 4 68 48 30 62 44 17 47 45 52 5 15 58 46
    2 26 70 23 44 47 22 53 66 31 52 24 10 17 18 37 15 62 5 56 33 3 65 45 43 40 55 42 8 11 68 16 36 35 19 38 29 63 51 30 41 46 67 54 60 69 6 28 32 57 61 14 1 4 71 49 58 48 72 21 59 20 27 64 13 12 25 39 50 9 34 7
    7 4 18 49 1 60 15 54 6 14 59 36 51 24 65 11 66 43 23 64 68 42 26 45 30 70 39 31 63 48 67 8 52 12 20 33 37 50 41 40 21 46 9 29 44 47 72 10 16 34 27 71 13 19 32 58 5 56 69 22 3 38 2 61 57 55 25 28 53 62 35 17
    19 72 7 63 64 50 16 12 13 1 17 42 47 70 57 66 25 46 30 35 59 62 44 18 69 26 52 65 45 33 9 24 58 3 39 61 27 28 29 11 36 41 15 14 23 53 40 60 43 5 55 67 32 8 6 20 2 68 71 56 21 38 4 54 22 48 31 49 34 51 10 37
    4 46 12 32 33 26 57 13 6 44 28 69 45 15 40 52 58 21 2 3 48 64 18 27 31 35 14 66 38 59 30 39 67 41 24 22 54 16 29 61 19 71 72 11 36 53 7 1 56 70 51 49 37 10 60 43 50 63 68 34 5 23 20 62 47 25 9 17 55 65 42 8
    4 68 23 25 65 66 13 72 15 44 33 20 43 46 14 22 53 69 62 60 57 61 10 2 7 64 38 49 58 71 11 9 63 51 59 26 3 21 8 45 16 36 24 31 19 55 47 34 56 37 30 39 48 17 29 32 1 70 27 54 18 42 12 5 67 28 40 6 52 41 50 35
    53 64 42 65 19 63 9 45 28 58 31 1 34 33 61 6 21 60 69 22 4 54 24 59 67 52 23 2 7 5 56 20 47 68 11 41 10 43 3 70 30 55 50 35 66 32 62 8 36 17 46 57 37 18 27 15 48 71 29 12 44 13 39 16 40 49 14 26 25 38 72 51
    3 42 44 38 47 66 36 69 48 25 50 4 28 26 65 17 62 52 7 60 1 20 23 24 14 15 63 5 40 56 22 35 8 9 19 54 68 59 37 16 46 67 31 21 72 13 6 27 11 12 33 18 41 49 51 58 32 43 10 61 53 2 71 57 39 64 70 45 30 34 55 29
    16 46 61 5 65 45 19 44 52 17 55 3 22 49 37 26 31 43 23 60 2 29 62 34 41 6 50 8 51 39 18 10 72 68 21 56 71 7 64 15 13 48 63 47 70 32 58 25 28 12 14 20 11 53 24 35 1 33 9 57 38 69 42 27 4 54 66 40 67 36 59 30
    2 22 60 12 26 20 15 65 21 69 52 13 51 4 68 6 54 34 40 17 11 31 37 33 67 50 64 38 8 47 29 59 55 71 72 36 27 58 46 53 23 19 24 48 28 39 63 70 25 66 30 5 7 3 35 49 57 43 42 16 45 32 61 44 14 62 1 9 10 18 56 41
    3 23 30 9 51 7 22 31 56 28 66 12 15 10 13 32 58 17 57 6 16 41 65 48 25 39 54 5 43 62 34 50 26 45 33 64 46 2 35 11 47 24 55 69 8 14 42 21 4 59 38 63 1 68 52 70 40 61 72 20 36 37 67 19 18 53 60 29 27 71 49 44
    21 1 32 6 33 42 50 28 71 4 29 24 20 66 62 49 36 15 41 26 9 11 63 19 31 39 8 57 72 34 51 54 67 10 40 30 12 5 61 2 47 44 68 35 55 37 23 27 59 58 14 7 52 70 46 25 16 17 38 65 48 60 43 18 69 56 64 22 53 45 3 13
    13 61 12 41 14 3 33 20 5 28 11 51 35 16 2 22 55 54 15 69 66 8 63 38 46 27 1 18 59 23 48 49 9 6 65 40 60 4 30 42 36 67 17 43 47 37 26 44 53 52 70 72 29 34 7 50 25 32 68 24 62 58 71 39 64 31 21 19 45 56 10 57
    45 42 18 21 20 22 56 27 52 70 72 61 55 30 48 51 14 5 29 37 39 31 13 11 8 59 65 10 35 50 9 24 69 3 63 67 60 64 17 23 12 47 54 43 32 53 40 25 16 57 46 68 49 66 44 41 15 33 34 58 71 28 7 4 26 2 19 36 6 62 38 1
    58 5 59 66 37 40 46 18 7 52 1 70 44 53 34 9 49 41 19 69 64 10 51 11 30 50 22 35 56 23 6 36 16 62 65 32 38 20 60 17 3 43 45 55 39 42 54 21 68 47 29 57 31 27 4 24 71 33 25 2 14 67 26 61 48 15 63 8 13 72 28 12
    60 64 56 67 18 69 14 32 49 43 46 52 61 27 41 42 17 62 15 22 38 30 9 59 3 70 1 53 39 2 26 10 48 66 35 37 23 13 36 29 63 68 7 5 12 50 33 58 54 21 45 44 71 47 51 72 6 31 8 16 11 57 20 34 4 40 25 28 65 55 24 19
    67 31 57 3 36 39 14 27 37 42 28 53 68 59 66 43 44 12 16 25 72 38 47 63 48 35 51 45 24 52 13 50 23 33 11 49 62 54 17 7 26 4 21 6 71 60 5 22 19 40 46 64 56 41 70 30 9 58 2 65 34 55 61 1 15 69 29 8 10 18 32 20
    58 8 49 63 19 29 37 51 36 40 3 24 70 61 22 45 14 66 65 67 68 38 34 46 43 64 21 10 44 47 15 55 62 28 11 33 56 17 18 20 31 42 25 35 1 32 39 41 71 69 59 27 48 60 50 13 54 2 6 9 57 26 16 72 23 52 53 7 5 4 12 30
    72 47 28 44 25 32 56 14 61 65 5 33 22 48 63 16 69 30 40 45 19 27 43 4 24 13 54 20 49 9 3 23 34 26 52 71 7 15 31 59 6 38 29 8 68 46 12 51 67 55 36 2 50 62 64 17 66 18 37 11 57 39 53 42 21 60 70 1 58 10 35 41
    16 11 57 65 72 30 55 33 50 56 71 12 9 22 61 34 49 4 70 25 28 26 51 3 1 47 24 42 23 27 59 52 41 2 36 64 39 31 10 6 63 20 62 44 29 43 53 46 68 7 17 8 19 21 37 40 14 13 18 48 5 60 32 58 38 35 67 66 69 15 45 54
    63 58 15 61 60 18 55 10 3 54 59 37 12 43 13 30 38 14 71 72 69 39 16 56 68 53 33 11 48 31 5 17 35 9 57 41 23 70 29 47 2 25 50 28 45 8 26 64 62 4 42 51 36 19 24 40 49 22 32 65 27 52 20 7 6 21 66 67 46 44 34 1
    18 51 1 2 69 25 16 17 60 55 47 7 66 28 36 21 39 32 62 41 44 43 42 38 53 9 3 50 10 54 20 12 64 72 49 65 5 70 24 15 56 45 8 11 63 31 30 37 59 29 22 14 46 61 19 67 35 48 57 40 33 58 27 52 34 13 68 6 4 71 23 26
    17 2 28 15 21 44 18 56 69 8 6 38 23 35 59 43 37 10 27 4 53 20 39 7 40 63 67 36 41 45 32 3 22 29 50 46 70 61 16 58 57 33 68 54 30 25 72 55 14 5 47 31 42 12 62 66 34 26 49 51 19 1 48 64 13 71 11 24 65 9 60 52
    10 56 15 17 25 47 55 50 28 51 68 48 49 38 14 27 41 36 35 62 4 3 13 7 2 60 31 64 71 19 39 67 53 30 34 65 21 46 63 42 37 61 43 20 70 59 54 72 58 69 44 32 33 1 23 29 16 45 8 6 26 5 40 57 52 24 66 12 11 18 9 22
    54 14 46 47 26 8 28 72 40 9 29 59 52 31 15 1 3 32 17 50 49 2 41 70 16 21 22 61 6 64 69 67 12 35 39 45 56 42 4 48 63 55 13 11 51 44 65 53 34 43 60 66 23 24 19 10 30 5 20 38 27 57 68 62 58 37 71 36 7 25 33 18
    44 56 15 5 21 59 49 9 42 25 27 24 60 35 7 8 19 33 47 40 18 63 41 45 55 30 36 68 28 17 34 37 11 13 50 64 2 66 23 57 62 61 48 16 69 58 31 53 26 1 10 52 51 72 43 6 4 39 3 12 22 54 46 14 20 67 70 71 38 65 29 32
    30 62 26 70 16 46 53 9 56 38 18 6 37 13 72 48 69 52 64 51 67 36 10 33 61 14 21 4 24 28 3 11 23 35 22 71 66 15 59 25 12 55 17 5 29 54 43 65 60 19 27 8 34 57 1 45 47 31 39 49 41 20 68 50 58 40 42 32 2 44 7 63
    71 23 54 20 7 24 21 36 65 18 47 26 11 61 68 50 59 58 51 33 17 39 32 38 67 12 45 15 29 5 13 2 1 34 60 14 22 72 66 49 44 43 40 55 16 30 48 69 42 3 8 70 52 6 28 27 41 10 57 56 53 64 46 62 25 35 31 19 4 63 37 9
    66 9 48 29 39 27 36 20 12 30 37 55 64 6 19 62 21 16 58 67 15 35 41 18 25 53 70 61 7 34 10 24 71 59 17 60 3 54 38 46 65 45 68 63 33 1 51 22 44 40 43 42 56 57 52 72 49 32 5 8 47 2 69 50 28 4 14 26 31 13 11 23
    28 60 6 31 58 25 33 26 9 51 47 13 23 4 27 66 41 21 1 61 10 69 15 65 19 59 40 12 5 48 8 72 30 11 44 50 57 42 54 63 68 45 67 24 18 71 70 43 3 17 20 22 52 16 39 7 49 55 46 64 34 62 29 14 2 53 38 36 35 32 37 56
    62 20 40 50 12 3 58 53 47 29 17 25 15 67 41 37 30 23 64 66 63 57 16 56 45 38 21 65 46 7 49 11 61 35 28 68 60 4 42 52 39 10 26 5 55 70 48 1 2 54 27 31 44 24 18 8 59 69 13 51 32 34 19 72 6 43 14 36 9 22 33 71
    52 6 58 61 34 71 47 62 4 24 57 65 31 60 44 55 16 72 19 46 37 45 69 63 64 66 51 29 20 7 1 8 14 11 67 3 10 9 42 12 39 21 32 70 17 23 26 18 5 68 22 40 25 53 36 13 50 30 35 27 59 33 2 54 43 48 28 49 38 56 15 41
    2 4 72 34 62 59 52 65 64 20 29 35 42 56 19 6 53 3 26 45 46 23 33 54 57 32 60 43 44 55 39 22 16 38 70 8 31 12 27 25 11 40 36 5 21 50 68 66 37 1 58 69 13 18 61 15 17 71 41 9 14 7 51 49 48 67 28 10 24 47 63 30
    50 6 65 26 8 67 53 20 69 42 33 23 1 3 47 61 18 22 62 58 21 5 16 34 32 44 56 28 17 41 60 4 43 37 46 54 24 49 29 10 51 35 57 13 40 66 25 19 38 30 27 11 48 15 36 68 45 59 71 55 39 63 9 70 14 7 72 64 31 52 2 12
    23 50 1 4 43 39 59 21 40 53 25 61 58 71 34 3 36 55 5 20 69 63 13 33 60 65 72 45 42 67 48 28 46 64 66 44 8 54 41 27 16 70 35 19 18 10 24 68 22 52 12 14 57 31 38 37 11 49 2 7 47 62 17 6 9 56 15 30 29 26 51 32
    69 62 33 47 37 55 57 64 17 6 41 63 23 5 49 4 54 30 31 25 56 52 27 28 68 66 50 67 9 71 61 20 42 19 8 10 13 40 44 22 24 15 43 21 45 38 34 14 70 36 26 53 35 72 29 12 32 7 60 48 59 3 16 18 39 1 46 11 51 65 2 58
    2 47 35 28 69 49 10 30 51 32 48 58 70 53 3 12 37 23 60 54 36 39 45 44 4 52 33 31 25 67 66 7 34 13 15 65 26 59 50 64 18 11 16 46 57 19 1 29 68 55 42 24 71 6 63 41 14 43 17 62 8 9 20 27 61 21 5 22 72 56 40 38
    8 63 27 1 44 65 40 29 14 37 66 56 18 50 15 47 13 20 6 10 33 22 42 36 39 71 49 9 70 3 12 32 2 26 11 67 17 64 34 72 54 57 69 59 48 45 60 55 21 61 28 25 4 5 51 16 53 43 24 35 41 68 19 7 31 46 52 23 30 58 62 38
    13 4 20 61 41 47 45 67 8 42 48 21 16 37 30 66 33 12 62 56 40 15 6 58 31 32 71 52 25 46 5 54 57 55 50 44 43 3 7 26 35 2 65 24 69 70 34 53 22 38 63 64 18 9 60 1 72 10 36 14 27 17 39 23 29 49 59 51 68 11 28 19
    22 61 68 36 15 7 18 33 32 10 16 57 2 35 21 45 48 72 6 20 65 39 3 37 55 63 28 64 42 29 24 47 38 59 8 26 53 19 14 43 23 49 58 25 4 13 69 56 9 52 67 71 40 12 51 30 50 11 54 5 41 70 62 46 17 34 1 27 44 31 66 60
    12 13 44 19 45 32 42 14 28 11 15 26 3 46 30 39 40 56 22 52 62 69 64 36 1 59 55 31 27 8 33 17 50 67 54 4 20 43 65 38 10 24 63 66 70 9 47 5 48 68 49 51 37 58 6 2 61 7 16 21 25 53 23 72 41 35 60 57 34 71 29 18
    32 36 45 15 26 72 39 29 33 1 23 56 21 7 70 58 49 66 25 5 12 17 63 22 69 20 57 30 55 44 18 48 65 67 16 2 9 60 31 19 13 59 35 8 3 51 11 46 41 10 62 54 38 28 34 47 50 37 68 64 52 43 61 4 71 42 6 40 53 24 14 27
    21 71 22 34 23 9 66 59 55 31 64 1 10 68 56 6 62 54 16 69 28 48 7 42 38 14 26 27 57 8 12 2 20 61 72 47 46 25 70 5 51 13 33 36 43 63 32 29 18 50 53 49 60 44 37 58 67 30 11 17 35 39 3 19 15 40 52 41 4 24 45 65
    62 37 52 45 61 36 10 49 38 53 39 68 64 33 43 18 30 58 72 9 59 46 35 29 3 51 65 57 48 28 63 1 21 50 31 7 32 11 70 19 69 16 56 8 26 66 14 60 25 67 17 44 4 24 54 47 71 27 22 42 6 2 5 55 34 40 13 15 41 12 23 20
    37 17 65 44 34 63 16 67 26 4 24 54 6 50 64 38 61 72 53 18 14 31 68 56 8 40 49 5 66 3 47 11 58 23 43 55 13 35 48 29 27 52 33 9 28 25 42 57 45 2 30 1 51 70 32 59 20 7 60 41 21 69 62 46 71 22 12 36 19 39 15 10
    35 72 25 13 26 23 66 32 36 16 18 52 17 54 43 29 42 50 67 39 53 71 33 27 15 60 34 62 46 38 58 24 47 63 22 61 6 2 44 51 45 49 11 68 9 37 65 5 48 55 1 3 64 21 41 20 57 19 40 31 8 28 10 14 69 59 70 56 7 4 12 30
    66 48 34 25 30 28 3 43 39 67 64 12 62 53 13 31 54 58 9 56 41 57 52 15 40 22 44 60 42 8 46 45 71 23 18 27 10 33 59 50 14 70 63 35 65 4 68 55 38 16 19 72 26 11 17 69 6 37 36 1 61 5 47 2 24 29 51 32 20 7 49 21
    30 10 53 70 45 68 63 26 72 42 18 20 64 34 27 50 9 19 58 65 22 17 62 35 33 69 25 36 44 2 66 23 13 29 56 21 39 71 55 52 4 54 46 40 37 61 51 41 14 43 8 48 57 28 7 3 31 11 59 32 38 5 12 16 15 67 60 47 6 1 49 24
    15 51 17 19 55 29 46 24 30 26 32 1 65 20 64 53 37 41 42 66 47 31 22 4 7 9 14 6 3 35 34 39 21 44 62 13 10 52 25 59 49 40 11 60 43 61 58 72 18 23 28 57 54 12 68 50 45 56 67 69 71 38 33 16 36 70 48 2 63 27 5 8
    36 56 32 60 6 20 29 39 40 17 65 49 58 24 5 63 11 53 52 7 2 59 48 30 26 4 16 68 15 42 51 64 23 47 69 55 70 8 13 12 62 41 19 43 67 61 10 31 72 22 45 1 28 57 44 33 27 71 37 14 50 54 34 25 3 18 35 38 46 21 9 66
    47 5 51 20 61 37 66 16 6 21 46 41 27 53 28 18 69 13 35 10 29 50 15 26 72 9 22 8 32 59 39 65 57 30 23 63 43 71 70 11 34 38 36 68 55 48 2 24 19 31 52 42 67 49 60 25 44 62 1 54 17 4 14 56 64 33 3 40 7 58 45 12
    40 71 3 59 58 11 21 4 32 25 69 13 67 53 1 19 56 14 64 62 65 55 9 68 45 72 16 38 18 10 23 57 36 39 5 34 46 12 60 22 2 50 48 6 17 26 15 42 28 30 33 61 51 31 52 44 49 8 41 66 43 29 20 7 47 70 24 27 63 54 37 35
    41 4 64 8 22 71 47 45 1 66 11 16 20 50 69 5 68 17 35 56 21 63 57 52 67 61 39 33 2 26 25 59 72 28 44 13 36 6 40 23 18 60 3 53 12 29 7 54 19 10 31 55 49 30 70 15 48 62 9 46 51 65 32 14 27 43 37 24 38 58 42 34
    39 34 20 56 3 45 59 43 41 58 48 67 21 44 30 4 63 5 47 13 31 2 15 19 25 1 22 38 14 8 70 66 69 37 40 11 68 29 42 62 65 57 72 55 46 33 32 24 16 17 6 51 23 53 36 50 60 35 10 64 9 28 26 61 12 7 27 52 18 49 54 71
    66 69 19 6 51 47 54 1 36 29 46 15 14 71 55 39 45 61 5 59 65 30 2 67 12 4 58 8 40 64 24 25 9 23 18 48 7 28 56 27 21 34 43 38 57 16 42 37 49 68 70 60 52 32 44 20 22 53 33 62 11 17 10 3 72 50 35 26 63 31 13 41
    46 15 33 4 48 31 35 24 3 42 12 37 7 72 20 36 34 6 60 17 61 25 9 28 52 54 51 49 65 27 47 39 43 58 45 56 26 62 11 41 59 53 64 5 22 57 13 23 40 14 70 55 32 63 10 44 67 16 8 30 1 18 68 2 66 38 50 29 69 19 21 71
    53 59 62 8 10 37 48 50 29 68 60 12 45 71 36 6 55 25 1 31 46 17 39 40 18 13 42 63 9 19 4 22 3 44 72 41 35 64 34 32 33 43 15 52 20 54 58 51 27 65 7 2 49 24 23 14 69 61 70 5 26 56 21 16 11 66 67 57 38 30 28 47
    63 40 52 69 71 27 2 54 47 29 38 68 70 60 46 14 35 15 3 22 56 9 23 10 5 72 32 62 66 12 37 26 13 42 36 17 67 55 61 28 11 57 18 21 16 20 7 6 64 30 41 31 33 49 4 34 59 50 44 48 1 19 43 53 24 58 65 25 39 45 51 8
    72 17 44 64 31 46 23 35 57 38 10 65 62 16 30 14 8 56 71 67 51 52 1 19 2 50 63 12 27 3 45 53 34 48 20 43 39 61 4 7 32 24 15 5 9 28 11 21 22 55 29 47 60 41 26 68 36 25 37 18 70 49 59 69 58 54 6 40 33 42 66 13
    21 33 59 32 4 22 47 6 39 8 41 24 69 42 56 23 34 10 38 53 61 65 29 14 52 67 57 44 63 37 62 51 15 55 64 3 5 58 9 25 28 72 50 13 36 31 7 27 48 43 45 20 54 17 71 26 49 2 70 16 1 11 66 68 60 12 30 35 18 19 40 46
    35 55 36 5 30 10 17 31 24 37 47 32 72 22 19 69 64 61 59 70 57 45 50 66 52 60 65 7 11 20 46 43 26 38 63 16 41 53 48 58 40 49 27 9 25 13 23 8 34 6 4 29 39 12 42 44 14 54 51 3 71 28 67 21 56 15 2 68 62 1 18 33
    56 21 6 49 37 67 10 47 15 39 68 50 14 55 18 40 33 61 26 11 43 35 34 59 53 3 7 45 65 27 19 25 72 46 29 12 64 30 42 2 62 44 70 23 51 69 36 57 58 48 54 63 32 71 9 16 20 31 4 17 13 22 52 41 8 38 66 28 1 60 24 5
    65 24 49 56 26 64 2 23 4 55 5 47 39 59 54 35 38 33 57 41 43 17 71 60 19 72 20 63 53 10 13 46 14 7 22 30 9 68 28 62 40 37 69 70 27 44 48 29 3 66 18 58 16 15 50 51 61 11 36 1 12 67 8 52 25 21 42 34 32 31 45 6
    47 56 7 72 71 8 28 34 64 6 59 37 29 60 40 18 15 54 24 1 51 13 22 36 4 31 41 35 48 55 19 17 49 9 16 26 12 52 10 62 57 32 67 50 21 3 44 45 58 23 27 70 65 69 39 68 43 33 25 63 30 42 38 5 46 11 61 53 66 20 14 2

