73

    31 26 54 13 16 29 43 6 15 49 72 19 25 11 66 28 21 63 68 47 64 35 56 30 34 27 37 45 40 33 42 14 2 32 36 9 52 69 73 51 17 55 48 20 8 23 24 65 1 50 67 38 4 61 3 57 10 53 44 60 18 71 46 70 59 58 22 62 41 5 7 12 39
    51 31 71 52 29 3 35 55 39 65 9 62 63 42 18 61 7 40 20 11 13 1 36 21 19 47 24 33 25 34 41 46 64 37 58 44 28 38 49 68 56 6 15 22 14 69 23 48 70 16 12 30 2 5 17 73 66 54 53 43 26 4 32 57 10 67 8 45 60 72 59 50 27
    70 56 18 13 61 60 21 25 19 14 8 45 33 54 24 36 44 69 67 15 31 22 35 40 57 2 17 4 1 12 58 41 62 53 10 27 34 46 20 29 39 43 65 28 51 64 5 63 50 38 73 30 42 3 26 72 66 49 11 48 9 32 59 71 6 23 52 68 55 37 47 7 16
    30 2 34 44 54 64 56 9 8 36 70 60 23 72 18 65 35 67 52 24 55 27 51 39 6 17 10 59 22 37 28 69 25 42 14 32 20 43 47 4 71 11 73 31 46 26 3 33 48 49 19 21 12 63 16 29 66 40 50 1 62 13 53 38 68 7 5 57 15 61 41 45 58
    9 22 47 58 48 15 17 20 33 45 6 50 29 11 53 35 7 51 28 42 8 52 26 18 59 1 23 10 68 72 65 34 63 71 62 12 44 70 2 21 46 67 40 56 27 55 73 69 60 31 57 14 43 66 4 36 24 39 61 32 49 16 25 19 3 37 30 5 64 38 41 54 13
    64 34 55 72 73 35 31 36 32 71 57 48 13 27 70 68 61 6 65 10 24 39 44 38 33 4 43 1 53 29 49 20 58 56 28 42 67 46 66 69 23 18 50 5 9 16 7 37 51 2 40 54 30 21 19 60 62 45 3 52 25 14 15 63 59 47 26 22 12 17 11 8 41
    20 72 50 60 55 1 70 27 22 32 44 66 62 26 53 65 42 54 30 10 17 11 19 14 40 33 36 25 2 29 67 38 16 28 71 68 47 7 61 46 63 39 8 52 45 31 34 69 15 49 64 48 6 4 23 59 43 3 21 41 57 5 58 24 9 13 56 12 73 35 37 18 51
    61 30 6 43 9 2 25 22 40 58 11 27 50 51 45 15 23 52 44 70 53 39 64 5 24 26 38 17 68 37 3 67 69 28 71 21 36 32 65 18 29 20 31 41 47 14 48 1 13 59 49 12 35 10 57 19 63 33 34 72 16 55 46 60 56 4 7 54 73 42 62 8 66
    67 70 57 42 17 13 14 63 29 35 60 50 23 19 49 20 34 56 15 8 24 45 72 61 52 32 25 46 44 7 54 4 6 73 37 27 51 59 39 68 47 48 18 62 30 43 58 2 31 41 66 36 53 10 11 21 33 65 22 40 12 38 71 9 28 69 1 16 3 55 5 26 64
    12 9 45 19 48 22 5 21 54 36 24 59 33 53 49 6 4 14 62 31 60 68 72 52 50 16 3 47 25 34 40 15 32 7 8 28 44 41 27 29 17 63 42 55 64 58 73 18 39 56 70 10 67 38 30 35 51 61 69 1 11 57 2 43 20 26 71 13 66 23 65 37 46
    54 14 46 33 12 50 29 9 62 7 47 26 17 31 66 1 49 73 35 55 56 37 64 8 44 42 57 67 43 70 16 34 15 27 32 41 23 3 60 45 5 65 4 10 21 48 28 30 68 25 58 18 22 13 72 19 36 6 20 61 39 52 59 11 38 69 71 63 51 40 53 2 24
    24 66 62 44 14 48 63 6 7 61 59 34 55 26 20 16 25 32 30 58 37 28 2 13 49 41 36 10 21 43 72 68 23 45 31 27 8 39 12 3 67 4 53 29 56 51 1 73 69 52 60 15 54 5 64 18 33 71 42 19 17 38 9 70 57 11 65 22 46 50 40 35 47
    55 5 16 18 42 9 61 56 72 26 6 22 52 25 67 63 53 39 19 68 30 45 20 62 37 7 59 31 47 27 10 33 66 70 29 73 41 43 35 49 28 51 57 8 12 32 44 1 65 23 38 40 2 4 54 15 21 69 50 46 64 58 36 71 24 48 14 34 17 60 3 13 11
    54 29 18 21 31 67 46 8 48 27 57 43 49 47 20 10 63 37 69 58 26 35 68 38 6 39 66 56 73 16 52 55 5 28 61 65 45 70 34 23 12 51 64 30 19 24 41 59 11 62 32 15 71 22 44 33 7 1 36 40 42 25 17 50 13 2 72 60 53 3 14 4 9
    63 44 68 72 14 20 47 6 57 19 48 60 29 28 9 50 5 70 18 41 56 42 65 39 32 26 35 33 59 21 58 62 37 36 43 34 8 64 69 40 3 61 52 53 22 30 55 71 45 38 66 73 2 13 15 12 4 10 7 25 27 54 11 1 67 46 23 31 16 17 49 24 51
    22 27 1 44 5 34 54 60 33 24 46 20 28 73 72 13 49 69 64 48 8 58 43 40 30 23 29 59 14 26 10 55 21 57 56 53 36 18 42 52 65 68 19 6 41 3 16 12 7 62 25 50 38 67 4 45 2 39 63 31 37 11 9 35 17 32 15 61 70 47 51 71 66
    30 42 39 20 27 62 40 4 68 46 45 47 41 34 22 69 58 56 65 21 14 25 15 59 72 29 35 63 26 2 18 13 12 38 49 19 73 6 64 24 23 70 33 3 11 48 43 28 52 9 51 17 10 31 55 54 71 50 32 60 57 8 37 36 5 61 16 44 67 7 1 53 66
    3 11 69 17 56 65 47 37 71 52 12 1 40 66 59 67 39 49 23 8 14 24 22 45 73 4 53 43 64 36 25 18 61 60 32 50 41 13 16 34 10 57 42 33 26 29 38 6 2 51 28 55 20 62 70 35 31 9 63 15 21 54 30 44 46 58 19 68 27 48 7 5 72
    39 64 21 2 68 20 42 15 4 3 14 57 7 32 65 50 59 54 56 73 40 53 45 10 36 48 70 34 47 49 9 67 30 62 72 37 25 63 71 6 28 41 69 1 26 31 23 29 60 52 13 19 61 43 5 46 33 24 11 66 8 17 27 16 58 35 55 18 22 38 12 51 44
    60 21 11 48 34 24 4 70 41 32 42 6 5 18 19 65 25 38 51 20 49 1 7 8 69 12 45 16 68 61 29 64 36 55 14 9 37 3 17 62 26 43 58 35 15 46 56 66 39 27 53 10 59 57 23 40 63 71 73 28 67 54 2 13 22 30 47 52 44 50 31 72 33
    54 67 71 58 38 30 46 73 47 17 72 36 35 15 62 61 37 33 53 1 19 32 44 20 57 7 50 26 3 16 55 49 41 22 66 64 6 60 29 70 68 2 63 10 31 59 28 40 14 24 65 45 21 25 23 9 5 4 8 12 42 56 69 11 52 39 43 27 13 48 51 18 34
    13 34 18 60 31 70 32 55 64 61 6 62 16 35 57 24 1 71 26 47 10 33 38 11 65 69 45 49 72 36 8 28 25 56 4 15 54 40 27 66 12 48 30 5 41 29 46 67 20 68 14 43 7 37 22 44 23 21 3 51 9 53 19 50 17 42 2 52 59 58 39 73 63
    27 72 39 44 30 24 36 61 53 46 6 21 59 71 54 3 58 2 12 65 51 56 73 14 13 16 62 55 37 9 69 42 5 47 50 48 43 35 15 23 22 66 64 29 32 10 60 57 45 26 38 11 4 49 52 25 28 63 33 19 17 40 67 7 1 34 31 20 18 70 68 8 41
    54 22 17 9 61 5 37 71 10 36 45 55 1 3 44 28 8 30 29 18 51 11 70 57 56 12 65 23 26 60 53 46 63 52 58 59 7 38 27 4 69 47 19 67 33 50 13 21 68 64 73 72 32 14 42 16 20 66 49 6 41 31 62 15 35 48 40 24 2 39 25 43 34
    10 22 36 3 5 56 26 29 11 42 25 66 23 59 73 39 18 8 28 64 69 34 54 1 62 30 33 67 68 9 55 60 24 57 14 61 21 65 32 49 7 13 12 44 63 52 6 37 17 51 20 4 53 38 2 58 19 47 40 72 48 16 70 71 43 31 15 46 50 35 27 45 41
    24 30 61 54 23 53 5 8 69 6 32 43 31 62 60 20 21 11 16 29 44 50 49 33 10 4 14 35 2 7 37 73 3 52 47 48 1 55 72 34 71 65 59 70 64 25 40 12 45 22 26 68 67 9 63 36 58 51 15 19 39 42 57 13 18 66 28 41 27 38 56 46 17
    9 69 57 73 33 47 27 24 12 5 10 15 21 39 32 60 56 42 34 14 52 44 67 41 38 18 49 6 45 16 65 25 64 63 29 40 55 22 35 31 62 59 4 8 58 17 54 13 50 36 46 23 28 30 48 19 71 7 20 51 2 72 37 61 26 53 11 1 3 66 43 68 70
    18 33 54 51 27 73 42 22 45 63 11 38 6 46 24 72 69 43 20 25 28 70 35 8 32 19 7 16 66 39 57 9 2 47 12 21 29 67 26 60 36 49 17 23 65 13 71 62 5 53 56 14 30 4 3 59 31 10 68 58 64 44 50 61 34 40 48 37 15 55 1 41 52
    23 25 52 30 24 26 40 18 17 57 29 41 20 37 43 15 67 73 5 2 56 1 47 53 59 51 36 35 62 22 61 58 28 60 44 39 54 27 38 14 66 21 9 32 55 70 4 31 50 10 34 42 33 68 69 6 46 71 3 8 49 19 48 16 72 13 7 12 63 45 11 64 65
    65 14 10 68 3 44 57 12 38 64 18 48 69 13 53 36 37 39 50 27 26 28 56 8 42 67 15 25 47 63 61 21 49 55 43 33 35 24 4 40 70 62 2 51 72 34 45 58 9 17 23 41 19 71 32 54 20 66 6 22 31 59 16 7 5 1 29 73 30 60 52 46 11
    68 44 8 7 27 46 63 23 10 1 12 25 14 52 54 28 53 34 41 30 20 73 70 29 32 36 45 24 3 55 39 37 42 60 58 43 71 62 67 64 50 38 57 21 61 13 26 15 69 31 11 47 33 22 48 65 5 17 35 72 2 4 18 9 16 6 66 19 59 40 51 56 49
    2 63 47 11 28 4 7 23 17 70 31 15 9 60 35 73 18 12 30 65 66 24 33 43 51 10 62 38 49 20 72 19 1 58 26 54 3 39 40 69 32 37 36 53 8 56 61 59 52 44 41 57 34 14 67 22 29 55 71 64 13 46 48 16 68 42 50 25 5 45 27 21 6
    2 6 14 63 72 35 32 22 65 66 18 21 7 39 33 56 64 1 38 44 54 24 52 23 26 13 48 25 73 42 40 59 9 20 67 53 12 16 68 46 4 30 69 19 8 71 5 15 36 70 50 37 58 51 47 29 49 34 60 17 27 43 41 28 11 45 31 62 10 61 3 55 57
    47 23 50 16 2 36 55 64 11 1 7 57 29 53 39 34 43 3 69 60 42 59 52 26 61 30 38 62 66 41 40 14 20 72 68 70 19 28 18 12 22 13 45 27 67 46 44 35 51 15 6 48 56 58 33 63 9 17 8 32 65 10 24 4 25 49 73 71 5 31 54 21 37
    24 37 65 47 27 22 2 1 49 26 41 52 39 73 35 12 4 23 56 54 19 72 7 3 13 15 55 45 8 69 5 44 9 18 59 32 51 50 14 62 31 64 57 36 48 42 30 28 34 66 46 17 70 68 21 53 11 71 20 29 6 33 25 61 63 67 16 40 43 60 58 38 10
    51 47 8 32 42 26 65 69 1 49 66 70 72 64 23 10 71 3 35 50 48 33 19 28 11 5 7 37 34 21 14 30 59 15 12 4 20 73 55 45 6 62 18 68 44 29 17 27 9 43 61 67 56 58 31 41 2 63 46 57 16 25 36 53 39 60 52 24 40 54 13 38 22
    29 31 22 64 47 41 66 34 20 54 45 60 57 61 51 32 5 11 8 19 56 36 50 26 58 28 37 17 42 49 23 6 15 27 48 30 71 3 73 38 43 69 21 63 72 2 46 59 55 7 52 68 4 35 24 1 65 39 70 40 67 14 62 13 44 12 10 33 18 16 53 25 9
    66 51 70 34 43 64 60 15 3 9 33 13 14 32 68 6 45 7 21 65 52 12 48 39 36 1 5 4 29 53 31 27 63 41 19 71 47 69 72 57 73 35 10 22 44 55 61 18 20 59 26 25 49 38 62 8 42 24 50 40 30 23 54 67 17 56 46 2 16 37 58 28 11
    48 36 56 40 51 4 41 33 3 17 22 49 44 31 27 68 2 13 71 72 67 24 6 50 30 46 1 10 26 37 64 52 14 61 19 69 73 47 53 70 8 12 57 20 16 34 5 38 35 55 45 39 65 29 28 60 58 42 9 43 62 18 63 15 54 7 11 25 59 23 21 66 32
    27 67 29 39 17 68 2 46 71 41 20 57 6 65 51 54 13 52 34 22 53 49 50 45 47 37 61 26 12 44 18 16 32 31 23 63 69 4 19 15 40 1 42 25 36 9 11 64 24 48 60 10 21 73 8 30 70 66 72 55 58 62 43 28 35 7 56 5 59 38 33 3 14
    13 40 30 11 57 34 65 71 35 39 9 68 66 27 70 36 51 67 69 1 60 50 19 61 44 64 29 21 53 25 56 14 31 5 7 48 58 32 38 46 28 4 33 8 15 23 22 63 6 17 49 10 18 52 26 43 45 2 37 12 62 59 16 54 24 72 55 20 47 42 73 3 41
    21 59 66 53 41 26 9 42 29 63 24 25 48 60 54 61 22 3 55 65 19 57 7 43 16 2 20 68 23 58 6 70 18 28 51 37 8 34 40 36 15 39 17 4 32 52 35 64 12 45 31 69 50 44 46 71 38 27 56 1 49 73 33 67 14 5 72 13 30 62 11 47 10
    48 49 69 28 40 36 13 21 18 70 73 17 64 47 1 19 66 60 42 11 27 65 23 25 39 3 71 68 44 67 5 29 62 41 12 58 52 9 63 51 8 7 61 16 55 22 56 46 24 4 30 26 33 10 59 14 37 20 72 2 43 15 31 54 53 34 6 38 45 57 50 32 35
    36 61 65 6 66 42 26 25 45 35 16 7 20 21 71 33 67 68 29 43 59 62 22 19 23 1 14 51 3 58 30 41 44 18 56 60 2 28 55 15 47 32 46 24 8 12 57 53 70 11 64 72 40 9 34 49 48 27 17 4 69 10 13 52 73 39 37 31 63 38 5 50 54
    45 6 22 20 28 1 27 46 36 40 54 24 29 49 70 10 63 7 47 62 13 52 12 51 57 60 8 72 16 21 14 41 65 3 55 53 67 50 19 35 43 38 11 30 59 69 48 33 15 23 68 4 17 34 39 58 5 18 37 71 56 66 64 61 73 42 31 44 26 25 2 32 9
    15 25 34 51 9 1 68 31 10 54 52 47 12 71 59 53 67 17 20 7 50 13 24 11 3 26 40 58 37 23 8 41 21 55 73 4 30 33 35 70 61 22 14 66 49 62 36 42 57 28 32 72 69 27 2 45 16 60 29 46 65 63 64 19 5 6 39 56 18 38 44 43 48
    36 69 34 3 18 55 13 30 63 49 67 40 45 27 68 42 2 53 39 11 58 47 73 59 12 33 32 72 5 10 7 37 50 57 23 1 71 24 35 17 62 65 28 44 56 51 9 61 6 70 46 43 31 16 4 19 20 21 60 52 26 29 8 48 22 41 64 25 14 15 38 66 54
    39 2 24 41 58 69 72 30 35 56 36 68 47 13 73 11 55 31 20 29 25 45 54 64 8 60 53 1 14 65 43 33 40 26 51 32 61 62 4 7 38 49 10 71 67 42 50 52 63 44 28 48 23 66 70 59 16 46 34 57 37 9 15 22 17 21 18 12 3 6 5 27 19
    35 55 43 14 73 39 44 31 32 54 25 70 40 63 64 8 46 38 36 16 27 47 37 62 19 12 59 42 67 45 61 17 71 18 60 1 68 22 51 9 5 26 20 13 24 58 41 10 57 28 30 34 2 4 15 23 33 65 21 52 53 66 11 6 48 7 56 72 50 3 69 49 29
    50 58 3 12 2 47 37 19 60 21 25 72 31 54 5 35 51 59 41 24 56 7 45 71 43 39 68 70 55 73 15 53 4 26 23 61 6 18 10 11 8 69 66 14 20 46 38 33 67 28 63 52 1 9 42 57 44 64 48 62 16 65 17 36 32 49 40 13 34 30 27 29 22
    61 32 62 40 11 39 8 43 22 50 7 67 17 57 2 26 71 45 55 21 66 23 41 14 29 54 28 16 60 73 4 63 3 31 13 25 20 42 33 51 5 18 15 10 24 69 38 59 70 44 19 9 6 1 46 56 64 12 35 47 72 58 30 53 65 49 36 27 37 52 68 34 48
    51 3 35 55 59 22 33 24 26 1 66 67 7 64 54 10 8 50 23 42 18 56 38 40 49 70 52 68 16 2 57 34 14 19 44 39 72 36 31 4 43 62 21 60 28 11 6 46 69 25 65 27 20 41 15 37 45 61 71 73 5 30 13 32 63 53 48 9 17 12 47 58 29
    62 14 40 60 2 67 61 25 19 20 59 7 68 54 33 36 6 12 42 65 27 43 3 56 53 13 63 10 34 1 24 44 48 52 37 58 28 51 21 41 15 8 38 66 5 72 73 4 23 32 26 46 16 29 64 49 45 39 69 70 55 35 11 18 22 17 71 9 31 57 47 30 50
    35 51 7 58 57 49 36 10 17 14 72 6 18 20 47 73 9 5 19 23 3 62 31 2 53 24 34 59 50 64 30 1 52 63 16 70 66 65 11 71 12 43 39 28 56 42 29 60 27 44 4 21 25 69 55 46 32 41 45 33 15 61 40 48 26 67 13 38 22 54 68 37 8
    57 16 49 15 4 5 70 71 46 63 28 47 14 8 48 30 10 3 65 17 58 25 34 20 37 6 1 19 40 21 12 33 26 51 18 32 66 55 72 54 36 11 23 7 60 44 52 24 45 39 43 22 35 42 13 53 50 41 73 59 2 9 29 61 62 64 56 67 38 27 31 69 68
    45 20 19 33 48 2 66 26 23 69 29 52 24 63 65 70 22 68 18 9 4 49 21 12 14 31 59 6 7 13 40 27 41 50 56 64 38 5 62 53 60 39 42 61 28 35 57 71 3 25 15 43 10 17 8 36 46 54 11 32 58 44 73 1 16 55 37 47 34 30 72 51 67
    43 41 11 72 45 36 10 54 57 21 8 55 34 12 26 18 46 7 14 4 13 53 58 48 69 1 67 49 37 66 63 23 64 44 22 32 68 62 15 33 50 40 24 28 47 25 5 19 2 73 30 65 52 60 9 27 17 42 20 56 35 71 31 3 29 6 70 38 51 59 16 39 61
    40 50 62 21 64 34 31 9 71 26 63 45 56 39 7 14 25 3 43 6 18 52 38 1 46 58 61 32 49 30 5 11 33 41 44 67 42 4 2 55 20 17 72 8 51 12 70 59 13 27 57 29 48 54 37 22 60 19 28 36 23 10 35 16 73 69 24 53 68 15 65 47 66
    51 17 39 40 61 5 48 16 3 52 31 22 68 57 47 62 25 67 24 60 9 11 43 69 32 50 44 12 8 37 55 72 63 15 71 7 42 73 49 36 66 14 30 33 70 65 21 38 2 20 29 35 18 54 4 41 27 6 64 26 10 28 13 23 46 58 1 59 45 53 34 56 19
    43 56 42 72 9 66 15 39 61 30 62 14 44 18 58 37 40 22 59 25 20 71 26 35 11 54 64 29 47 63 6 55 16 50 52 49 13 41 57 3 51 60 53 73 27 24 28 46 48 1 67 65 34 33 7 19 17 10 21 36 69 12 45 68 2 23 8 31 4 32 70 5 38
    42 9 62 34 33 26 14 10 7 27 4 17 52 53 60 6 24 35 12 20 21 73 38 8 44 3 61 56 66 36 47 43 13 16 69 5 1 51 11 39 22 64 55 46 30 63 57 45 72 32 65 40 25 23 28 15 58 70 41 71 37 19 54 29 31 49 68 59 2 48 18 50 67
    60 15 7 19 18 45 10 9 53 25 20 28 63 4 2 62 24 68 35 36 48 11 56 38 40 37 23 22 70 67 14 51 27 34 1 29 73 3 71 54 16 57 47 49 69 66 5 46 12 26 65 61 6 59 17 13 50 43 55 33 64 31 72 41 52 58 39 44 42 21 8 32 30
    57 46 43 28 72 60 18 9 42 70 47 65 68 64 26 62 17 1 25 12 48 7 20 50 13 24 35 37 2 19 29 52 21 45 55 56 54 51 22 8 49 38 32 41 4 15 11 3 71 5 14 6 31 39 44 67 61 40 23 34 73 58 33 30 63 59 16 10 27 69 36 66 53
    38 60 12 36 52 31 21 19 8 53 68 18 34 14 66 30 46 26 24 20 47 65 40 70 73 37 33 5 28 72 67 51 55 44 17 39 35 27 42 69 9 7 10 11 6 29 48 50 57 61 62 71 23 25 15 22 43 4 32 1 56 13 54 3 45 59 58 64 49 2 16 63 41
    66 21 1 55 49 71 38 26 58 44 20 62 31 9 33 47 64 3 69 48 24 12 29 19 52 11 67 22 8 2 6 59 45 13 32 17 40 73 25 15 5 4 27 43 72 70 36 42 53 51 54 46 50 23 35 7 65 16 18 68 56 37 63 41 39 61 60 57 28 34 30 10 14
    48 69 43 39 44 50 33 71 64 10 8 40 3 11 21 45 73 5 67 30 32 63 72 52 37 66 56 24 12 2 9 62 57 28 14 15 36 6 58 17 25 22 27 55 16 68 7 18 26 19 1 23 46 70 29 34 4 60 35 47 59 20 51 31 65 38 13 61 54 49 53 41 42
    42 1 50 3 32 21 54 53 62 34 55 59 23 26 10 38 31 39 14 43 73 64 56 52 19 63 68 35 7 22 41 67 45 47 40 51 72 24 66 11 15 48 4 61 30 13 65 29 6 2 12 70 16 28 5 44 27 60 8 36 9 49 25 18 71 17 37 20 57 46 58 69 33
    12 36 72 20 56 52 60 7 8 73 34 26 17 25 22 71 35 32 67 28 49 18 29 38 55 58 23 47 66 19 46 59 57 1 39 51 48 4 50 63 42 5 68 11 45 33 62 44 37 53 9 70 24 10 27 61 40 6 2 3 65 14 13 31 16 21 41 54 43 69 30 64 15
    59 24 64 22 57 1 72 63 32 58 71 2 67 10 44 62 45 29 47 39 23 9 68 31 30 13 26 54 11 55 70 6 3 42 12 19 51 20 49 18 14 52 50 60 56 28 27 46 7 65 41 4 16 33 69 15 5 25 37 8 48 40 53 66 36 73 34 38 35 61 21 17 43
    21 15 58 31 10 51 5 39 66 33 61 71 24 34 64 68 54 43 48 20 38 1 70 27 6 2 72 26 57 37 17 50 63 23 41 44 32 62 12 19 22 67 45 36 4 29 8 55 40 60 42 30 9 7 13 59 56 3 47 28 25 53 49 46 14 52 69 11 73 16 35 18 65
    60 6 8 29 36 28 51 13 9 70 18 73 27 71 16 20 7 12 34 72 35 58 54 14 62 11 67 41 33 3 4 49 17 42 55 25 32 64 19 69 44 5 39 24 53 65 43 46 57 48 1 66 37 22 2 15 45 59 56 68 40 47 50 23 61 38 26 21 52 30 10 31 63
    45 33 23 34 28 29 31 50 71 40 39 57 9 2 61 44 35 43 27 5 13 37 10 17 8 60 55 62 30 59 58 48 52 6 20 67 15 1 72 25 19 65 16 14 22 26 47 51 73 70 69 64 36 21 66 4 68 41 18 54 53 56 7 3 38 24 49 32 46 11 12 42 63
    34 64 36 47 45 3 24 66 70 37 4 19 1 27 5 28 49 13 16 53 6 56 20 29 63 68 23 42 38 73 52 7 33 10 21 41 12 55 44 9 35 8 65 50 25 14 59 26 15 51 22 57 40 30 61 31 2 62 72 60 69 46 71 11 67 17 39 43 32 54 58 18 48
    23 29 64 21 41 10 12 67 57 49 61 69 54 59 34 11 51 63 44 39 55 8 3 56 38 27 32 24 20 47 71 70 66 33 62 13 18 5 37 9 45 65 30 7 58 28 16 1 43 72 60 50 26 52 25 15 46 48 40 6 68 73 17 53 4 2 35 36 42 19 31 14 22
    73 55 23 33 44 50 10 9 7 35 47 51 1 36 3 20 58 18 45 49 15 65 12 64 69 24 21 41 5 53 30 37 27 48 14 59 16 19 11 2 67 39 17 32 29 38 66 60 6 61 28 25 56 52 42 72 63 62 31 68 40 54 13 43 4 70 46 22 34 26 71 57 8
    19 53 60 41 26 8 58 54 52 50 24 17 9 43 18 61 15 71 55 34 73 49 28 27 69 66 37 64 38 10 48 6 22 21 56 39 65 29 36 25 68 7 46 62 3 70 51 44 63 33 13 40 20 11 35 12 67 16 59 30 72 14 57 47 42 23 31 4 32 1 45 2 5
    73 47 37 9 55 71 54 60 45 72 33 49 38 20 18 5 22 66 42 14 16 57 3 46 48 69 44 13 59 65 6 21 19 62 29 53 61 11 32 70 12 10 31 23 39 1 8 51 40 27 64 30 50 67 2 58 35 56 25 15 43 36 34 24 7 26 68 52 4 28 41 63 17
    23 51 17 28 55 32 48 15 54 57 34 20 9 1 65 40 53 49 41 35 62 61 6 45 38 8 59 47 36 25 33 10 39 52 58 13 31 18 19 73 43 30 21 14 12 24 42 56 63 5 22 68 70 64 71 37 60 44 16 29 50 66 46 27 2 69 67 7 3 26 4 72 11
    7 62 45 26 22 71 37 41 56 24 39 58 69 12 59 60 67 25 52 15 49 27 65 48 72 31 42 30 66 3 11 68 70 29 73 8 9 57 61 23 55 53 2 18 38 17 36 19 14 5 1 44 13 63 34 33 20 47 64 6 21 40 35 43 32 46 54 50 28 16 51 4 10
    5 31 60 43 17 10 66 12 13 72 25 9 39 55 36 16 38 71 21 2 4 64 6 30 41 54 42 46 27 32 24 57 49 14 73 47 51 56 63 44 70 48 69 7 58 19 59 62 8 65 53 68 45 23 1 34 18 37 29 15 52 28 3 35 33 61 67 40 26 11 20 22 50
    72 64 14 62 52 7 48 19 36 17 57 23 13 35 43 38 2 21 24 3 45 41 16 20 73 18 59 40 56 11 33 39 26 32 27 50 66 54 70 6 68 44 60 61 28 30 8 71 63 10 22 69 49 34 42 12 25 37 53 58 9 29 46 47 67 15 31 65 1 51 4 5 55
    61 27 50 10 8 48 39 63 52 14 16 41 20 1 26 58 18 6 3 53 4 36 23 43 55 67 25 32 65 49 33 37 59 56 42 5 11 69 28 46 24 22 12 17 7 60 30 47 29 68 71 66 64 21 70 2 51 35 15 44 45 9 73 19 72 57 38 31 54 40 34 62 13
    23 54 17 34 60 42 1 22 9 18 21 44 46 52 27 37 70 38 41 16 8 2 19 43 68 62 48 40 26 25 65 3 12 66 7 33 36 63 13 10 4 69 11 31 73 58 20 56 35 14 57 49 59 61 15 51 24 30 6 71 45 50 39 72 55 67 53 32 47 64 29 5 28
    14 49 5 48 34 32 18 45 55 20 24 7 19 42 59 68 69 43 33 27 1 10 8 15 62 29 3 6 17 23 4 72 39 37 22 16 9 56 54 51 41 57 67 21 64 35 65 36 63 70 38 12 52 44 66 26 53 2 50 40 47 71 25 58 11 60 13 28 73 30 46 31 61
    70 43 35 61 31 42 23 25 68 34 33 58 60 59 5 6 48 46 37 3 40 27 28 18 17 13 55 67 51 57 63 45 12 20 4 24 21 22 39 69 1 64 52 36 71 19 65 30 14 56 73 7 15 8 26 72 49 2 32 10 16 29 62 47 44 66 50 53 38 54 9 11 41
    9 41 33 2 26 21 3 65 57 22 40 59 36 46 11 19 73 18 50 4 25 61 67 31 13 42 27 16 20 35 29 55 23 52 63 8 12 56 5 30 72 14 17 62 6 37 66 48 43 32 7 47 44 60 69 1 39 38 45 28 24 68 34 15 54 58 51 71 70 64 49 10 53
    73 10 58 44 23 46 61 55 63 21 65 24 51 59 68 38 14 27 6 4 70 34 41 54 64 40 30 33 67 19 36 28 2 11 17 15 50 32 45 42 60 20 26 66 62 48 69 22 47 1 13 5 56 52 9 25 18 35 29 7 39 37 43 12 53 3 71 16 31 49 57 72 8
    48 57 17 30 64 35 55 67 14 66 59 5 29 18 25 26 1 62 65 49 20 3 54 36 50 58 40 12 53 22 51 73 38 46 28 71 37 15 7 39 61 44 11 27 34 31 47 43 70 16 23 10 19 2 41 42 63 60 6 33 56 4 52 24 21 9 32 45 69 8 13 72 68
    20 50 38 7 62 68 34 59 27 64 67 6 43 60 9 52 13 25 65 12 37 36 14 11 3 45 18 35 33 29 23 47 48 16 54 15 39 5 24 40 70 26 1 56 32 55 21 28 69 73 49 30 71 4 42 63 31 61 66 2 8 58 17 44 57 19 51 53 72 46 41 22 10
    60 31 45 62 34 54 6 73 16 71 18 57 8 28 49 48 10 41 69 38 7 37 52 3 26 24 67 19 5 13 61 43 44 64 15 53 40 36 32 22 68 39 17 4 12 42 72 1 46 25 59 70 11 63 20 56 9 21 50 14 47 30 27 58 33 35 65 2 66 55 23 51 29
    20 59 56 66 31 49 6 8 23 13 55 58 44 28 57 17 4 64 14 48 29 30 9 53 32 42 39 15 16 65 63 11 67 60 62 72 47 71 46 38 51 50 35 45 27 25 36 34 24 21 12 52 26 41 54 33 7 69 43 19 22 70 5 37 18 10 40 3 1 68 2 61 73
    39 53 47 36 56 15 44 67 18 19 52 34 32 6 65 20 54 73 66 55 2 7 63 45 23 59 33 35 41 38 14 27 61 10 26 43 9 25 48 37 1 28 57 29 71 46 13 17 51 64 30 60 62 69 68 58 22 40 12 24 3 72 21 5 31 49 42 70 11 50 16 8 4
    67 37 3 58 39 21 34 32 65 16 62 47 33 10 63 56 44 71 22 55 1 36 48 13 24 51 66 41 40 52 46 31 64 73 11 9 50 59 12 26 4 7 19 69 53 20 17 2 72 43 25 29 5 49 38 28 18 61 54 15 60 57 35 23 42 6 68 8 70 30 45 27 14
    31 35 6 34 15 53 10 66 72 27 68 4 55 58 60 1 44 51 54 69 11 12 9 28 67 46 40 43 13 19 48 64 41 39 62 25 32 3 16 56 61 17 5 20 73 24 22 2 63 36 59 33 26 57 23 38 37 65 49 70 18 29 52 14 50 8 47 21 7 71 30 45 42
    6 39 66 36 8 46 12 7 56 25 30 53 69 2 38 34 70 31 73 58 72 22 45 50 68 13 59 20 4 28 55 32 65 29 40 27 17 35 54 33 26 41 47 5 37 52 1 67 49 10 23 15 63 61 18 48 43 51 11 16 9 64 60 24 62 44 21 57 42 19 71 3 14
    51 11 9 62 24 48 65 31 36 60 41 14 13 17 71 72 61 38 59 29 15 8 33 1 10 35 39 25 50 68 52 5 27 73 37 30 22 32 56 70 64 6 67 26 66 16 43 55 28 19 34 45 57 2 20 21 12 58 63 7 54 69 47 42 4 18 49 23 44 40 46 53 3
    47 54 40 23 24 12 22 73 57 9 31 51 39 69 53 64 56 52 17 10 38 1 26 58 59 35 66 36 11 55 65 8 2 13 42 34 41 6 32 48 44 29 67 46 43 71 30 4 3 16 60 70 14 68 25 21 72 61 19 62 18 20 5 28 15 7 50 33 27 37 49 63 45
    30 33 25 71 17 26 57 24 41 64 48 55 46 65 18 50 73 3 8 13 15 45 23 1 9 44 6 52 10 42 37 20 47 58 11 66 7 2 72 4 56 32 53 43 63 31 59 54 40 34 36 51 67 27 60 16 49 29 19 14 12 70 62 68 39 69 5 35 61 22 28 38 21
    17 72 44 12 62 10 21 6 4 41 49 2 25 32 68 70 43 61 52 15 35 71 11 59 69 36 30 5 39 51 33 14 55 50 7 57 13 64 8 1 42 65 9 47 53 29 58 37 19 31 66 67 46 20 28 38 45 63 24 22 16 40 73 34 26 3 27 48 56 54 60 18 23
    68 5 43 8 49 42 70 46 2 24 60 61 63 36 37 12 33 71 19 14 28 65 38 39 55 73 59 13 23 30 4 29 58 34 26 17 6 53 20 72 40 69 21 52 15 64 66 16 51 45 57 41 32 44 56 22 47 25 48 7 62 10 50 31 27 54 35 11 9 18 67 1 3

