74

    15 14 58 42 72 38 1 6 50 32 48 22 36 40 69 51 43 47 20 31 49 4 41 17 60 2 46 19 53 45 64 62 21 61 55 13 12 25 44 37 33 68 70 57 11 66 30 74 9 59 65 23 34 28 5 10 8 26 56 52 35 7 73 67 63 16 3 39 24 71 27 18 29 54
    40 43 64 34 3 35 65 26 52 9 50 63 38 24 70 6 29 8 19 31 28 62 13 45 56 48 22 15 37 49 73 61 74 69 17 44 12 7 57 51 32 53 33 10 20 11 36 39 41 72 66 21 18 59 55 16 67 42 60 4 5 54 47 25 14 1 23 68 2 71 58 27 30 46
    67 71 41 44 6 22 59 24 70 3 9 74 52 38 60 50 68 25 54 15 31 69 16 64 33 8 53 7 17 30 21 18 73 11 26 46 5 37 29 2 20 42 10 35 62 39 36 72 55 19 56 43 28 61 49 57 65 66 34 47 32 45 48 12 58 40 23 13 1 27 14 51 4 63
    12 73 21 69 50 53 30 7 39 47 37 72 19 13 33 32 46 26 23 15 64 65 31 35 18 2 54 67 42 49 17 41 58 63 52 1 71 70 55 25 20 5 60 56 44 45 29 3 61 40 74 51 16 59 28 8 34 57 6 68 66 38 27 22 4 24 9 48 10 36 43 14 62 11
    25 13 32 70 34 36 30 53 1 4 61 16 56 42 64 19 27 40 57 50 55 3 29 7 67 2 43 20 49 68 71 39 26 66 14 52 47 10 18 8 15 54 22 35 11 62 6 21 58 46 37 12 51 38 41 63 9 65 44 45 74 59 28 73 24 33 23 69 31 72 17 60 48 5
    39 15 35 57 65 32 46 31 52 22 34 61 28 30 25 72 24 19 67 66 10 38 23 37 49 74 6 51 29 14 44 5 68 42 64 7 12 27 55 21 40 33 4 16 9 2 53 58 20 11 45 70 60 1 48 71 50 17 41 36 62 73 43 54 8 69 18 63 59 47 56 3 13 26
    61 30 64 16 31 17 19 18 45 21 66 34 33 58 46 24 38 50 54 32 40 42 36 29 51 68 20 3 62 59 71 37 28 4 60 65 7 41 72 56 53 43 13 6 44 55 57 12 14 35 15 74 47 48 63 5 73 10 23 22 49 52 2 25 70 9 26 8 69 39 67 27 11 1
    17 28 6 68 54 7 3 20 41 47 59 33 1 31 50 57 29 70 52 36 62 65 43 32 66 30 74 9 73 39 53 35 25 67 56 10 63 27 38 26 4 48 64 44 51 37 49 71 15 14 16 22 72 18 42 2 40 45 11 69 24 46 58 61 34 21 8 60 13 55 19 5 23 12
    41 11 24 1 61 63 14 47 27 67 26 39 22 72 20 51 40 31 9 10 12 60 45 21 57 58 42 70 2 34 19 68 6 56 35 30 50 18 49 32 33 64 73 53 71 59 8 4 28 29 62 36 43 15 66 25 44 38 48 17 16 37 23 46 13 54 65 55 3 5 7 69 52 74
    39 23 3 30 40 57 2 41 14 9 54 43 18 19 36 26 38 62 8 33 70 73 6 13 66 48 17 25 58 55 63 35 61 21 5 16 24 4 52 34 12 29 32 11 1 56 10 28 65 37 67 22 53 74 42 31 20 68 51 47 46 60 45 50 7 72 44 64 59 71 69 27 49 15
    63 54 7 32 60 36 27 42 56 51 64 3 11 12 4 13 67 35 39 14 58 66 48 70 38 31 15 1 28 49 52 45 22 73 74 17 71 26 53 46 25 57 41 10 9 40 55 21 62 6 34 30 61 20 69 19 37 43 59 29 33 23 50 18 8 68 16 2 47 65 5 24 72 44
    71 39 67 14 44 28 46 18 19 34 54 10 57 16 36 24 11 74 42 30 17 55 65 32 37 45 48 70 38 3 41 8 61 21 20 58 68 22 29 59 62 64 25 40 63 23 51 31 13 15 53 66 49 9 43 7 27 60 47 1 26 33 52 56 5 6 50 73 12 35 4 69 72 2
    47 23 38 67 26 7 51 5 28 6 68 40 29 15 33 20 71 25 74 22 31 1 66 65 30 12 43 2 37 44 36 35 21 63 64 16 70 24 42 27 52 39 41 58 55 34 14 62 4 60 59 72 73 45 46 54 18 9 19 32 11 8 48 61 49 53 50 13 17 69 3 56 10 57
    74 13 23 36 27 53 21 19 6 44 42 71 65 29 52 2 43 66 72 54 57 70 61 31 35 49 62 55 12 3 45 24 26 25 9 37 28 47 22 48 4 64 63 1 8 15 30 33 69 38 51 7 14 17 56 60 73 11 58 50 59 16 32 10 46 18 39 41 40 5 68 67 34 20
    62 49 2 66 48 17 53 73 61 40 28 16 39 34 13 18 23 19 10 54 4 68 5 70 58 43 42 59 51 29 36 33 1 35 71 37 3 11 7 63 30 27 24 64 52 56 25 15 57 72 38 21 65 6 22 67 8 55 12 20 31 32 41 69 46 44 26 74 60 14 50 45 47 9
    68 69 54 73 42 37 1 62 19 15 13 70 9 2 11 14 47 10 8 32 22 72 57 18 6 74 7 43 46 67 23 49 56 34 36 28 5 29 48 35 64 33 55 65 53 25 20 38 17 26 51 60 16 30 58 40 66 24 27 45 59 50 39 71 63 61 12 52 4 41 44 3 21 31
    37 61 25 38 40 49 9 29 30 5 58 63 53 44 52 35 11 70 18 47 72 67 16 68 66 48 17 22 6 26 39 28 59 41 7 23 65 10 12 15 31 45 3 42 36 33 43 74 27 46 32 56 20 54 60 73 19 57 50 14 4 34 8 51 2 1 55 24 71 13 64 69 21 62
    26 54 7 17 14 28 25 29 64 51 19 22 74 57 60 12 61 47 21 73 24 38 67 27 37 68 52 66 46 58 55 33 50 23 16 32 18 3 8 9 20 59 69 45 72 35 49 53 2 56 4 5 48 15 1 31 39 42 44 43 30 10 13 41 71 11 40 70 6 65 63 62 34 36
    4 58 73 12 74 59 9 35 66 51 64 5 67 38 65 32 37 20 56 33 55 53 69 70 24 47 36 44 54 39 23 16 42 34 49 31 71 41 10 60 62 50 1 72 40 3 26 68 46 2 18 14 17 48 13 19 6 29 22 27 61 45 7 11 52 15 43 28 30 21 8 25 57 63
    22 34 64 31 74 20 69 23 26 41 29 59 36 72 37 17 21 47 49 25 45 70 13 11 48 35 56 51 53 55 62 24 15 28 1 14 18 39 2 7 19 66 43 5 60 65 50 57 33 44 3 9 4 38 46 58 6 27 67 52 10 71 42 61 30 73 54 68 32 40 63 8 16 12
    60 16 32 64 40 55 69 7 22 47 56 36 19 54 31 65 59 15 50 44 2 1 3 24 68 63 4 46 12 45 8 61 23 53 52 25 49 66 37 34 51 14 21 38 57 74 20 48 13 72 30 10 73 18 6 62 42 17 67 26 71 5 33 39 9 58 27 28 43 11 29 70 41 35
    65 58 62 12 64 32 9 15 38 50 49 57 66 37 2 68 35 67 34 74 33 41 6 25 63 10 40 36 22 46 18 44 14 16 61 20 72 48 53 55 23 71 4 5 1 13 8 54 56 30 19 11 43 45 31 73 59 47 29 42 70 52 28 39 27 21 7 69 60 51 3 26 24 17
    74 51 60 36 45 50 53 27 43 72 69 34 26 66 22 39 14 33 41 1 55 7 71 40 73 18 67 23 12 28 19 37 15 20 24 3 52 17 46 32 70 5 62 10 48 31 16 56 29 54 9 21 38 58 59 30 13 6 47 64 61 2 63 44 35 68 49 25 8 57 11 4 65 42
    15 67 1 38 44 73 74 53 6 54 31 32 17 3 41 28 50 65 14 59 51 16 26 52 12 63 7 64 13 72 45 47 4 20 60 58 70 2 8 62 29 18 61 39 36 66 68 25 21 40 27 35 24 43 19 10 11 46 30 57 37 69 34 22 5 48 42 71 56 55 49 33 9 23
    25 49 53 31 33 39 41 7 63 65 58 66 51 74 36 20 64 8 72 44 30 45 61 55 52 6 54 70 13 40 9 32 2 59 46 48 47 17 18 68 1 28 60 15 67 29 57 23 34 35 73 14 27 62 12 16 26 69 3 71 5 38 56 42 21 4 11 37 43 10 24 22 50 19
    8 62 3 67 2 45 52 25 65 37 29 64 15 32 63 53 44 5 66 1 24 4 33 30 43 42 72 31 11 12 59 19 46 13 48 14 16 18 73 28 57 50 9 74 60 34 23 68 7 51 40 47 22 69 35 17 56 6 38 70 71 26 20 27 54 41 21 10 58 61 49 55 36 39
    22 61 64 65 33 49 68 25 1 60 17 66 43 52 30 20 39 50 24 59 13 19 32 29 70 73 40 28 69 67 42 3 47 58 53 5 27 12 72 48 57 26 63 55 14 6 38 45 41 16 71 62 10 15 21 56 37 35 18 31 4 46 23 74 44 54 11 7 34 51 9 8 36 2
    2 4 46 3 42 14 27 41 72 13 8 54 39 69 12 11 30 7 71 64 65 15 40 17 5 47 48 68 62 22 38 21 44 59 24 32 67 51 61 74 33 6 73 31 10 55 43 45 50 29 60 70 19 1 25 18 23 53 56 63 28 52 20 36 26 58 16 9 57 66 35 34 37 49
    74 3 66 73 18 25 40 36 13 49 6 70 58 34 44 21 30 37 48 9 20 29 57 2 52 62 33 32 43 27 59 17 16 51 39 47 72 1 5 31 54 42 56 8 7 55 65 50 11 69 41 61 63 35 38 53 46 4 26 22 45 19 71 24 28 14 15 12 10 67 23 64 60 68
    64 28 60 54 6 45 65 3 50 32 17 55 23 7 5 71 14 26 63 41 16 37 21 20 38 24 12 57 51 39 42 70 56 1 66 2 31 49 9 61 47 52 44 13 67 62 4 35 73 10 74 11 53 30 43 40 59 18 34 33 19 22 8 25 27 68 58 36 72 46 69 15 48 29
    68 53 27 41 45 13 66 71 37 10 63 42 18 8 72 24 20 38 5 3 49 59 19 2 74 29 32 57 25 16 52 58 50 11 56 61 17 33 21 60 14 64 55 54 34 12 46 23 4 30 22 67 7 69 31 40 70 47 26 48 36 1 51 9 39 35 43 28 6 73 44 65 62 15
    28 63 25 32 13 16 47 61 1 10 19 30 33 23 68 24 8 65 53 57 44 49 40 9 55 22 70 66 12 45 34 64 59 3 26 73 38 15 39 43 50 67 5 6 58 21 52 31 11 41 48 51 7 56 36 54 35 20 27 60 42 4 69 62 72 29 17 37 46 74 14 71 18 2
    35 66 64 21 46 13 1 37 41 70 51 65 32 42 58 47 43 68 2 44 45 12 73 16 11 39 33 9 28 3 24 54 15 23 38 49 27 17 52 22 59 30 74 56 14 20 50 6 69 29 57 53 19 5 62 60 31 67 72 25 34 18 71 10 36 48 61 7 40 26 4 8 63 55
    71 21 57 17 64 66 65 52 61 12 18 39 36 58 40 35 29 22 16 38 67 32 43 53 68 30 45 54 9 20 2 24 47 23 28 59 49 11 56 55 46 60 37 73 44 69 50 42 5 26 15 74 51 48 6 14 27 13 10 70 4 31 19 41 34 25 63 8 33 7 62 1 72 3
    55 51 68 15 16 12 54 47 34 46 10 43 38 23 29 26 67 35 28 21 8 58 74 41 69 39 57 66 59 11 44 18 17 6 1 14 63 72 33 48 25 52 56 42 20 13 61 4 60 32 27 7 45 65 71 37 64 53 31 49 19 73 70 2 9 30 50 36 24 5 62 22 40 3
    3 71 49 21 4 74 55 59 69 37 38 47 24 57 32 8 33 34 67 51 19 62 48 35 56 15 29 20 66 65 26 52 17 28 58 2 64 31 6 22 60 13 14 12 11 73 61 30 50 54 70 42 63 5 72 25 7 1 40 36 18 43 27 41 16 68 39 46 44 23 53 9 10 45
    74 56 54 29 3 52 58 65 32 50 69 25 66 42 35 37 26 62 51 22 6 73 18 39 64 8 1 17 44 7 55 15 45 71 67 10 38 40 36 9 16 12 20 30 63 13 43 14 68 53 19 24 33 28 21 31 49 72 41 4 2 34 57 59 27 48 60 23 11 70 5 61 47 46
    36 35 8 46 1 51 28 49 68 40 65 72 60 31 48 38 29 17 62 61 57 67 30 52 73 33 22 4 47 59 37 14 7 12 11 74 9 5 25 13 54 26 16 20 43 66 70 15 32 19 18 45 50 64 55 2 69 10 56 42 41 71 21 23 24 3 27 44 39 53 34 6 63 58
    34 9 37 65 27 57 17 59 26 3 7 43 72 40 1 69 45 41 13 61 33 39 64 66 32 19 15 6 70 14 47 18 74 4 10 52 68 73 5 22 46 23 2 30 29 35 8 63 12 67 25 21 44 60 36 50 28 58 56 48 54 38 62 71 20 49 24 53 42 51 31 55 11 16
    37 65 56 12 48 58 34 68 39 31 32 18 35 64 45 23 66 62 47 24 60 22 52 53 2 28 41 7 19 3 13 21 9 30 15 44 50 10 25 74 20 14 11 27 26 29 59 61 36 49 33 63 72 73 71 54 38 57 40 17 70 4 6 1 69 5 42 8 43 46 51 67 16 55
    74 39 55 4 57 12 1 44 49 2 52 18 51 25 32 60 13 63 22 65 35 11 71 41 34 43 56 37 7 28 16 15 59 54 30 68 70 38 10 20 31 5 36 24 61 73 8 46 53 66 72 21 67 62 17 6 26 33 45 50 69 64 23 9 40 48 58 29 19 42 3 47 27 14
    3 62 68 27 25 4 56 40 50 53 38 44 33 29 15 47 59 31 2 16 70 32 35 5 19 61 45 39 69 24 6 73 10 54 8 13 11 67 55 42 43 26 63 12 64 57 49 1 72 21 20 17 60 22 74 18 65 52 48 30 71 51 66 36 34 28 37 9 14 7 46 58 23 41
    49 42 36 28 66 74 29 21 69 10 20 55 70 46 73 23 12 22 2 41 56 34 7 44 39 27 8 31 68 33 72 43 14 57 13 24 40 45 64 65 50 15 11 32 19 38 26 6 37 30 35 4 62 9 61 3 59 25 63 51 53 47 1 67 18 17 52 5 16 48 54 71 58 60
    16 23 24 26 56 60 15 40 25 22 9 64 14 70 73 46 67 1 31 74 28 2 8 33 45 57 12 47 30 50 32 10 21 17 55 42 69 52 5 20 39 49 13 11 36 38 41 66 29 72 54 19 68 65 63 53 48 58 6 44 34 59 62 37 51 7 43 3 18 27 71 4 35 61
    12 52 69 74 53 73 18 70 22 68 61 6 17 50 47 8 48 67 36 15 32 54 43 51 33 66 21 9 60 10 28 13 57 62 24 64 26 23 71 3 20 34 1 58 4 46 65 40 49 42 39 72 19 59 37 41 29 2 31 63 45 44 55 11 16 38 25 56 35 27 14 5 30 7
    53 61 73 38 27 36 69 58 17 50 12 40 20 22 19 55 60 46 44 47 29 43 41 26 37 1 16 64 57 70 30 13 3 8 7 45 54 15 52 18 59 31 48 4 74 39 51 23 49 21 68 9 65 14 10 33 35 2 66 24 63 11 34 5 56 6 71 25 28 32 62 72 67 42
    21 53 54 34 32 63 70 46 69 5 30 12 28 45 62 10 36 14 48 8 1 68 50 37 59 38 65 42 66 3 33 61 52 73 47 74 29 13 60 9 11 35 7 49 20 55 43 19 51 26 23 67 41 56 58 4 15 40 64 39 22 72 57 18 44 2 31 16 27 71 6 24 17 25
    64 14 34 5 62 51 2 13 55 39 61 69 41 56 7 23 35 3 26 44 73 28 12 21 49 19 36 22 67 25 70 18 48 17 63 20 9 58 31 16 53 29 33 57 68 30 43 47 37 54 4 52 59 65 32 11 8 24 71 66 38 72 60 10 1 6 40 50 46 45 74 15 42 27
    32 10 21 39 19 52 51 50 57 59 54 68 69 3 66 12 35 60 31 17 41 65 26 74 11 30 46 53 4 73 33 67 70 14 27 71 16 23 24 34 2 6 49 18 7 43 45 61 5 56 20 58 42 28 9 64 62 72 29 36 22 63 37 15 40 47 44 38 48 8 13 1 55 25
    43 50 20 10 30 64 16 47 21 24 13 9 58 34 41 15 2 11 14 59 6 73 63 32 45 39 44 4 42 46 52 26 37 57 53 7 5 62 23 18 55 19 69 49 35 60 25 38 54 1 17 70 51 40 31 65 56 36 68 67 22 48 27 74 12 29 3 33 61 28 72 8 71 66
    51 11 71 58 35 70 40 2 34 17 9 53 44 74 21 38 60 42 28 15 18 49 46 45 20 73 50 3 6 24 68 5 54 27 65 56 10 29 14 31 43 59 30 7 57 63 47 66 32 39 48 12 8 1 23 72 25 16 19 13 62 61 69 26 55 64 33 67 22 4 52 37 36 41
    48 4 33 57 64 73 56 15 40 24 32 17 39 52 59 61 70 14 71 72 36 45 35 41 29 18 37 55 51 13 16 60 23 53 5 44 12 28 30 43 6 68 11 27 26 1 67 21 2 69 3 54 20 42 22 46 19 58 65 63 38 50 49 62 74 66 9 34 31 10 47 25 7 8
    64 44 47 45 50 3 38 49 65 46 42 53 63 27 43 40 59 14 7 10 29 31 9 30 5 23 74 34 37 57 11 55 33 41 13 6 28 56 19 2 12 62 61 69 22 66 73 21 20 48 36 51 15 71 8 26 25 70 52 54 68 39 17 67 72 32 24 16 35 58 18 60 1 4
    18 36 34 68 5 10 69 33 45 49 25 9 32 47 40 48 14 22 57 74 28 64 62 16 12 20 31 39 50 73 37 11 55 1 44 19 6 29 41 54 43 58 66 42 8 21 38 60 35 70 56 30 61 71 65 63 24 67 7 2 46 59 27 4 17 23 53 72 26 51 15 3 52 13
    68 17 44 23 60 6 45 16 38 54 69 55 11 29 12 72 13 33 66 70 21 35 74 62 40 51 57 28 24 4 2 65 8 32 43 10 9 49 50 19 25 52 26 63 31 61 14 41 5 42 34 53 22 7 30 46 20 47 48 27 64 36 15 39 56 73 59 1 3 71 37 67 18 58
    72 64 55 52 63 9 45 1 38 56 20 51 62 48 39 4 57 40 21 71 6 31 16 27 26 24 70 69 50 60 23 32 12 58 25 37 67 14 30 74 42 61 5 15 28 11 34 17 66 47 8 41 18 59 43 19 33 53 54 10 68 44 7 35 65 3 13 22 73 29 2 46 36 49
    26 13 47 18 52 15 34 30 2 12 6 33 68 16 65 45 69 25 46 54 48 22 56 36 67 32 11 49 74 4 53 24 35 38 57 23 72 44 37 21 9 39 50 10 58 19 41 7 59 27 31 40 66 42 71 8 62 1 14 51 29 61 28 3 70 5 64 60 73 20 43 17 55 63
    11 15 44 45 60 2 68 47 18 64 42 46 71 51 65 56 48 72 13 17 70 63 23 53 35 58 25 41 19 55 28 26 3 6 4 31 54 74 14 20 62 34 33 57 8 50 21 30 43 38 7 37 24 59 16 66 61 69 36 12 49 52 10 73 27 22 32 1 67 5 39 40 29 9
    14 43 2 17 24 55 69 48 16 13 60 71 19 66 44 34 9 58 3 45 32 47 5 39 29 23 7 62 10 28 21 64 52 27 59 33 35 36 63 72 70 41 61 57 1 68 40 42 11 37 67 15 31 6 38 50 65 25 74 54 8 22 51 26 30 12 73 56 18 53 46 4 49 20
    19 68 22 3 30 12 34 27 58 63 39 2 33 24 47 32 5 72 64 11 71 60 57 70 48 50 69 74 29 31 38 52 59 18 8 14 41 46 10 73 49 25 13 66 42 40 15 23 9 56 45 16 61 36 28 37 43 26 6 4 7 1 54 17 51 44 62 53 20 67 65 35 55 21
    52 8 15 22 34 41 23 60 44 1 21 42 65 45 36 73 71 57 20 29 47 51 56 9 64 30 61 43 50 48 70 16 62 26 66 54 32 40 67 31 37 12 17 5 18 7 49 72 24 2 69 59 4 27 39 3 46 74 38 58 33 19 13 10 63 68 25 55 28 6 35 14 53 11
    35 25 61 17 65 58 28 49 47 40 7 27 11 69 29 41 22 12 68 14 37 72 44 21 4 71 20 24 74 73 70 1 39 10 51 50 45 33 5 38 26 62 15 30 53 63 3 48 43 31 16 19 9 54 59 67 8 56 32 60 52 18 42 66 23 57 55 2 6 36 34 46 13 64
    33 61 50 2 63 49 3 58 42 29 56 19 60 31 7 67 38 57 23 36 71 74 53 48 34 32 15 25 4 21 68 44 27 52 62 18 9 14 51 11 64 28 30 46 8 65 1 12 47 69 66 43 72 41 26 16 54 20 73 6 13 22 10 55 37 45 5 59 40 24 17 35 39 70
    50 51 73 11 54 29 7 60 55 15 58 46 34 71 45 42 14 23 43 25 17 52 33 59 66 4 12 68 53 6 69 40 31 47 62 67 19 28 57 48 70 56 32 27 13 64 61 16 49 24 1 72 3 8 9 26 44 74 5 41 39 36 65 20 22 35 30 37 2 18 21 63 38 10
    56 63 64 22 1 51 59 7 15 11 69 54 20 31 32 6 4 16 5 47 27 71 50 42 68 52 45 74 72 49 41 65 18 9 39 3 34 67 33 26 46 73 2 53 30 66 44 24 19 29 13 40 58 12 35 38 10 25 17 48 43 14 8 36 62 28 37 23 55 60 61 70 57 21
    61 22 20 72 31 13 65 59 73 19 43 14 4 25 18 69 28 45 51 50 5 47 9 39 7 60 62 66 52 57 37 17 12 40 1 53 26 38 49 15 42 8 44 10 55 27 64 68 11 46 34 3 2 71 23 24 54 21 35 56 67 30 70 6 41 29 74 16 32 36 58 48 33 63
    44 30 23 56 6 41 20 26 69 10 29 58 74 9 57 35 17 67 36 64 42 55 43 34 45 51 13 8 3 11 39 71 73 68 18 72 49 52 2 32 21 46 54 4 31 65 66 22 53 70 5 33 27 37 1 25 61 47 12 24 50 59 60 15 19 40 62 7 28 48 16 63 38 14
    3 58 25 59 64 34 51 52 31 16 39 44 45 22 73 33 28 53 55 9 19 69 49 7 54 20 12 71 47 40 23 1 14 38 10 60 15 48 21 74 17 65 37 29 36 11 41 67 6 32 43 61 63 68 50 30 13 70 72 26 57 46 4 8 42 2 18 62 5 56 66 35 24 27
    33 57 23 31 68 69 27 63 4 21 26 12 10 25 7 46 60 74 48 29 16 50 22 49 30 11 52 28 73 14 67 3 51 70 65 53 56 20 37 40 19 61 44 54 24 47 45 1 8 39 58 55 9 32 35 6 2 64 66 34 42 71 43 18 17 15 41 38 5 72 13 62 59 36
    9 45 65 66 16 44 28 62 53 33 57 49 25 64 68 42 69 70 74 58 59 3 4 32 73 29 15 35 11 23 54 26 17 38 19 43 30 24 20 55 1 22 47 8 27 6 61 31 51 50 56 12 7 67 37 34 60 40 52 63 36 48 14 21 5 71 18 10 41 46 2 39 72 13
    69 13 49 6 65 14 5 24 39 66 41 74 28 60 7 10 19 54 9 58 31 21 1 38 16 61 4 26 45 64 22 59 18 36 29 20 32 48 43 35 51 27 17 30 25 71 34 62 47 63 55 2 57 40 44 8 52 37 12 56 42 73 68 11 33 15 53 23 3 70 46 67 72 50
    5 44 49 67 52 6 73 12 4 74 36 42 66 29 19 55 63 28 56 24 14 11 59 54 16 48 50 47 34 68 1 18 26 40 41 9 35 20 3 27 53 13 70 60 37 72 61 46 15 7 64 33 32 23 22 21 39 38 58 65 57 10 45 17 8 69 71 25 31 51 62 2 30 43
    40 65 7 71 28 12 72 37 17 52 29 39 66 60 68 48 25 26 6 2 54 14 59 22 67 32 9 56 23 11 50 42 38 8 46 1 35 63 15 31 70 13 49 69 55 4 57 24 74 33 61 58 43 53 34 18 45 62 73 47 16 36 44 20 64 51 21 27 5 41 3 10 19 30
    66 9 42 7 38 48 43 16 10 41 72 67 23 14 12 18 39 61 28 20 49 22 52 5 50 65 53 15 51 11 2 58 33 35 26 8 45 29 24 70 68 21 47 27 36 31 74 62 34 44 46 1 71 69 73 30 6 55 4 63 60 25 13 37 3 17 54 40 32 19 57 64 59 56
    55 24 73 1 33 58 16 31 53 20 18 36 54 4 41 22 11 74 13 3 27 48 21 26 45 64 43 38 67 28 12 51 23 30 42 14 72 65 62 46 6 5 25 29 9 19 71 69 52 68 7 49 39 56 50 63 61 35 60 70 10 32 57 59 8 17 66 15 34 44 2 37 47 40
    41 10 30 67 15 12 65 2 72 49 4 58 28 52 32 5 19 68 17 3 45 46 18 55 63 57 44 16 35 59 66 54 21 6 47 39 31 33 56 27 24 26 23 11 48 69 73 61 25 8 1 50 62 38 36 53 51 20 13 9 22 74 60 64 37 34 71 29 43 70 42 14 40 7
    9 6 37 55 60 15 23 40 14 72 8 30 48 16 5 17 32 49 44 27 45 68 57 64 41 20 65 28 73 43 10 70 66 31 33 13 3 54 46 56 67 74 39 24 63 7 59 2 35 69 29 42 51 53 18 12 25 61 58 52 1 62 4 71 47 22 34 11 19 26 36 21 38 50
    2 25 39 57 52 62 65 41 33 37 67 64 14 60 73 17 15 31 74 8 19 49 68 34 30 54 4 9 29 61 10 66 5 38 23 32 12 53 16 51 35 48 47 11 72 40 7 69 36 18 50 44 70 20 22 26 59 13 24 42 55 56 43 3 28 58 21 45 71 27 6 1 46 63
    27 56 67 37 25 7 24 4 60 45 19 43 52 65 63 53 12 40 42 13 9 68 33 22 18 14 66 21 8 10 49 39 23 6 51 26 70 35 3 16 59 41 72 29 15 2 58 50 28 32 46 48 31 47 54 69 1 64 20 61 11 30 57 5 74 38 34 73 44 36 55 17 71 62
    38 30 46 70 24 41 57 67 16 40 21 12 35 5 32 63 44 2 18 28 61 23 8 51 48 31 66 64 19 22 7 3 36 34 52 45 59 73 55 50 69 68 6 53 9 65 17 39 27 54 71 58 74 10 60 14 20 62 13 47 1 72 33 49 25 4 26 42 56 11 37 15 29 43
    3 13 39 29 70 58 55 12 14 68 25 18 15 56 36 27 10 60 61 43 30 54 9 17 74 47 57 6 4 50 37 34 53 32 69 33 20 7 11 35 21 46 45 48 65 38 31 52 42 26 73 51 2 63 22 67 66 19 24 5 62 72 41 16 64 49 8 23 44 28 40 59 1 71
    4 38 15 8 18 66 72 64 13 68 35 1 14 6 25 45 65 56 54 42 31 11 73 2 71 62 58 9 26 40 43 23 17 59 47 33 21 61 44 39 16 74 48 19 51 7 70 67 55 34 24 50 10 29 22 52 57 37 60 36 41 28 27 46 20 69 5 3 12 30 53 63 49 32
    1 16 55 3 65 13 62 21 34 30 54 22 8 47 48 2 67 66 35 6 45 23 26 38 64 57 28 60 9 70 49 42 43 46 19 24 10 7 52 5 39 59 50 17 12 69 25 41 71 14 74 56 44 40 20 73 36 11 32 18 33 53 27 58 15 31 51 29 63 37 61 68 72 4
    50 24 29 47 36 61 13 67 14 44 64 60 9 73 53 68 27 16 66 30 11 59 41 49 52 2 10 8 63 21 19 28 37 18 42 69 54 17 25 22 72 32 46 43 31 12 39 71 48 55 58 1 65 56 38 57 33 4 5 51 45 26 34 20 3 40 70 74 6 62 35 23 15 7
    42 66 33 50 56 53 28 48 9 45 52 3 38 74 61 1 31 20 64 32 62 35 18 23 70 71 59 7 15 47 65 30 12 6 29 14 37 58 22 16 41 49 26 43 4 19 13 34 46 10 72 25 17 55 54 2 11 40 63 68 60 8 73 21 36 69 39 5 24 44 67 27 57 51
    1 59 4 49 50 14 57 38 24 64 28 23 30 19 7 10 42 2 54 73 25 12 44 43 8 74 9 71 39 53 22 62 20 55 17 29 21 52 32 40 68 13 34 69 27 3 45 46 33 56 66 15 5 36 11 47 61 51 67 31 65 6 18 41 48 37 63 70 58 35 72 16 26 60
    50 14 31 21 53 38 32 2 39 20 25 72 48 26 15 62 63 61 11 28 17 42 6 44 68 18 46 57 51 69 33 7 30 58 9 3 74 36 19 64 29 10 65 73 71 37 35 22 16 55 66 4 49 54 41 5 8 43 23 45 40 70 13 34 60 1 67 12 24 56 52 59 27 47
    28 46 52 74 56 53 35 65 70 13 32 19 36 66 5 3 60 67 1 22 39 47 25 18 15 11 9 17 59 7 34 63 6 2 4 10 24 42 44 68 16 54 30 26 43 45 38 23 48 33 69 55 41 14 71 51 31 40 57 73 12 61 50 58 29 8 49 20 27 37 72 64 62 21
    74 47 35 45 30 33 65 22 57 6 24 64 17 18 66 14 34 11 20 32 29 9 48 3 15 73 23 5 27 49 63 12 10 28 7 2 59 71 58 41 25 1 39 38 42 36 62 54 13 19 8 61 70 31 37 69 46 72 40 21 50 67 44 26 4 52 16 68 55 53 51 60 56 43
    54 18 29 50 12 14 30 33 16 21 3 17 48 36 58 72 9 27 56 43 1 52 10 15 46 34 67 70 51 39 71 49 32 22 42 23 65 5 28 68 19 66 61 7 13 41 69 38 31 40 62 74 24 64 59 73 26 35 45 20 4 63 55 25 47 2 6 53 60 11 57 8 37 44
    28 26 19 33 52 57 43 11 37 72 74 31 68 23 9 20 13 21 36 64 30 41 34 65 25 46 58 45 42 62 14 35 18 4 10 38 67 27 50 40 39 53 70 71 59 48 5 60 7 24 15 17 49 32 61 1 56 55 51 44 69 47 63 73 8 54 16 22 6 66 29 3 2 12
    29 22 11 67 16 42 19 2 23 6 59 38 45 52 63 20 73 43 51 30 1 60 24 15 53 35 50 10 13 47 58 44 32 25 18 56 72 65 40 55 26 71 21 34 69 17 41 46 49 4 39 5 64 54 36 61 66 70 27 57 48 12 8 74 68 33 37 3 28 14 7 9 62 31
    71 21 48 1 47 23 68 13 14 58 50 61 74 5 32 18 15 8 28 62 30 4 37 12 49 70 20 55 33 57 64 24 65 25 51 27 11 46 36 6 54 45 19 29 39 42 52 43 31 56 38 22 16 60 7 53 67 44 40 69 72 63 10 34 73 17 3 9 59 26 2 66 41 35
    28 26 72 17 1 10 35 8 25 51 46 2 33 71 56 4 48 19 63 27 13 50 12 16 53 29 41 7 54 67 44 20 31 66 60 49 18 57 11 47 64 69 37 30 61 23 59 14 55 62 15 43 3 42 21 65 40 58 73 32 5 36 9 68 38 74 39 6 70 45 34 52 22 24
    37 72 29 45 59 50 57 23 1 2 62 70 46 40 8 41 64 27 10 24 49 6 56 15 36 33 67 42 65 20 22 31 19 38 26 74 53 73 5 7 69 16 18 60 63 39 44 12 35 3 58 61 66 47 17 43 68 13 30 21 52 48 11 55 14 9 4 54 28 25 51 71 34 32
    26 50 5 27 49 41 35 65 43 24 1 37 68 3 13 72 56 34 39 62 19 15 17 7 67 74 6 21 20 63 4 51 57 70 28 10 64 9 46 11 14 30 52 73 22 36 38 66 23 60 45 8 31 54 29 55 53 44 2 16 33 25 18 69 59 47 42 48 40 71 32 61 58 12
    59 54 70 63 9 18 23 35 2 3 65 53 71 42 61 15 43 44 52 46 39 19 32 8 1 22 58 64 47 60 16 28 40 50 73 10 38 36 37 34 66 24 62 74 56 49 7 11 33 48 13 45 25 55 31 14 4 72 20 21 29 69 6 67 5 41 51 26 27 68 12 57 30 17
    25 62 10 11 19 30 56 13 23 36 27 31 37 33 24 51 64 71 69 6 48 14 34 15 73 29 55 46 2 50 12 63 52 4 1 43 70 8 57 5 58 65 3 44 68 35 42 40 7 16 47 39 66 9 32 41 26 18 38 53 72 49 54 74 60 61 20 22 45 28 59 21 17 67
    9 50 57 30 63 28 14 3 45 43 72 68 51 59 62 7 71 6 60 34 52 16 36 41 24 20 15 37 53 2 13 58 26 29 47 65 17 27 40 44 46 56 73 21 54 31 55 35 12 4 61 5 32 70 42 49 48 64 10 25 19 66 38 18 22 11 69 33 23 1 39 74 67 8
    74 15 63 34 41 29 58 35 5 54 2 45 3 56 33 9 39 65 14 7 52 20 55 47 73 36 70 42 49 51 32 61 31 57 40 67 24 46 27 23 66 60 37 12 8 62 13 4 25 18 22 6 50 30 17 21 38 19 44 53 10 1 68 71 26 43 11 72 48 28 59 64 69 16

