75

    35 8 7 33 59 29 18 36 38 64 2 20 45 51 24 69 21 22 68 53 49 19 73 60 67 54 65 9 56 72 28 34 50 66 37 26 39 42 4 10 32 17 27 16 43 75 25 57 55 48 15 70 5 58 11 71 44 3 41 63 74 23 13 47 1 14 12 61 30 52 31 62 6 46 40
    45 13 66 10 11 29 19 7 46 4 73 58 22 52 23 26 27 6 32 31 57 12 34 14 44 41 53 64 30 1 25 17 74 75 50 2 5 48 71 35 54 39 51 38 33 70 62 24 60 9 42 56 43 72 69 61 40 47 59 63 37 3 67 20 49 21 8 28 65 16 55 18 15 36 68
    55 47 49 11 1 68 23 25 26 54 72 37 59 46 38 71 75 39 69 22 32 15 53 52 8 20 48 2 10 40 18 51 5 6 56 41 74 43 14 7 12 21 45 57 61 60 63 64 42 33 17 16 28 58 73 35 30 19 9 29 50 70 67 31 62 66 24 36 34 44 3 4 13 27 65
    73 19 66 48 9 27 69 65 44 74 35 46 26 75 32 60 12 14 6 31 2 22 23 61 18 33 16 30 24 1 39 54 55 8 42 72 20 68 59 29 15 7 45 5 40 43 4 25 67 53 28 49 52 70 64 71 36 51 62 63 56 57 38 21 11 58 41 34 3 10 17 13 37 47 50
    28 29 8 57 41 47 23 4 74 73 36 44 61 63 42 70 53 45 1 31 67 46 34 11 62 7 20 3 64 12 75 24 68 21 52 49 32 14 51 5 58 22 50 71 72 6 33 43 26 13 16 9 2 60 40 35 66 19 39 30 27 37 17 10 59 56 38 48 69 25 54 15 18 55 65
    59 5 28 51 64 47 72 20 17 4 54 13 46 45 21 48 1 56 14 69 60 19 10 53 63 71 29 50 42 8 33 32 15 49 57 22 62 52 41 26 6 68 75 44 73 18 58 37 35 24 74 43 36 3 2 67 7 16 70 25 34 11 65 27 9 23 61 55 66 38 31 12 30 40 39
    29 2 38 68 27 52 22 75 44 10 65 74 67 55 11 20 54 72 9 40 15 71 32 33 51 25 61 70 37 59 49 42 17 3 7 46 23 13 21 66 1 39 53 48 73 34 31 4 62 8 64 19 57 47 26 58 36 63 60 5 45 28 6 35 69 56 16 14 18 24 12 30 41 43 50
    8 47 32 43 69 64 40 42 54 52 59 63 44 46 18 34 74 21 4 48 38 58 65 20 37 68 5 51 6 62 24 75 31 23 28 2 29 55 26 10 53 16 30 60 39 1 19 14 57 33 73 49 56 36 71 25 70 17 9 7 11 15 13 50 66 72 12 22 67 45 35 27 3 61 41
    28 74 51 56 73 29 40 72 54 64 65 41 58 47 24 33 68 32 11 22 71 1 30 10 7 37 13 4 39 48 46 34 16 69 18 17 70 9 49 5 59 14 36 38 35 75 6 62 52 43 57 42 27 61 25 67 60 63 53 20 26 19 15 66 31 50 45 44 12 23 2 55 3 21 8
    33 15 70 72 60 29 43 4 65 62 39 24 46 32 56 25 31 51 35 41 30 17 69 42 48 7 53 5 75 18 36 71 63 37 54 67 73 50 10 8 38 45 20 68 23 12 6 57 26 49 19 3 28 34 74 11 13 21 2 9 1 47 55 22 14 66 61 64 40 52 58 44 16 27 59
    20 28 68 16 66 22 35 61 67 3 75 12 54 44 53 31 71 40 38 49 64 50 7 27 23 56 30 41 32 45 26 13 36 37 47 10 58 25 55 1 63 42 62 6 4 15 8 21 2 52 73 65 43 34 33 69 24 51 74 5 39 9 14 59 19 29 70 46 17 18 48 60 57 11 72
    54 71 36 31 60 38 15 29 28 70 24 75 74 13 58 2 56 5 19 72 4 18 55 69 68 51 8 20 50 1 57 40 66 52 65 49 41 9 16 10 32 3 73 11 12 23 33 34 39 25 37 62 22 43 17 64 7 61 14 45 67 47 35 46 27 44 63 42 59 6 26 21 30 53 48
    63 48 28 29 46 67 56 24 25 61 33 44 36 37 71 5 53 68 16 31 30 23 26 12 19 69 8 47 42 54 2 39 74 59 22 45 18 41 66 43 6 65 52 50 13 60 9 3 73 64 32 7 11 27 20 4 15 58 55 72 49 38 51 75 40 17 34 14 62 1 70 10 57 35 21
    33 25 6 1 66 5 35 46 10 49 50 31 64 23 36 45 7 62 51 63 8 15 28 73 41 42 58 2 9 13 53 24 26 67 4 12 75 22 17 38 30 11 27 44 29 3 40 34 18 61 47 57 52 54 72 71 32 68 56 39 37 19 74 70 14 69 16 21 65 20 59 48 43 55 60
    8 23 37 75 35 55 48 58 10 24 65 2 51 54 29 62 57 19 42 9 40 17 4 39 41 71 5 52 61 16 73 13 15 56 32 67 27 1 64 38 3 43 59 50 12 11 18 14 45 66 30 31 74 53 28 25 36 33 6 44 49 63 72 21 46 70 26 34 47 7 69 20 60 22 68
    13 47 46 60 51 26 18 29 11 63 53 12 66 4 75 43 20 19 17 31 45 36 37 55 16 48 30 62 2 61 59 67 64 10 38 34 25 28 68 6 73 52 50 33 3 15 35 70 8 54 58 49 5 44 72 9 56 57 40 42 21 7 65 27 71 14 41 39 32 74 69 1 22 23 24
    43 26 15 25 47 19 73 66 7 23 72 24 10 45 12 49 48 18 51 8 69 34 39 42 5 58 61 27 3 54 55 33 60 37 31 41 70 68 30 63 50 13 35 57 9 52 28 14 20 1 65 74 71 59 67 21 44 40 16 22 4 17 29 75 32 46 2 6 62 53 56 64 36 38 11
    55 34 66 4 38 25 15 35 26 67 42 23 7 12 37 59 32 58 46 52 13 72 10 74 22 73 18 60 33 21 64 71 39 54 1 62 14 61 40 49 56 57 68 70 8 63 45 31 65 41 28 17 36 27 24 2 50 9 53 43 69 19 5 48 11 75 44 20 30 6 3 47 29 16 51
    56 1 72 24 18 49 35 39 29 16 11 5 58 22 47 51 46 73 66 2 40 55 23 71 20 3 65 30 43 38 28 14 50 69 33 53 70 13 64 7 60 34 19 8 52 6 45 42 59 75 62 36 21 26 32 57 10 63 9 74 67 44 48 54 41 37 27 61 17 15 68 12 25 31 4
    38 10 35 21 75 5 66 18 1 49 41 24 65 47 14 2 52 63 69 32 56 27 36 50 54 40 57 37 58 42 72 67 15 46 28 43 12 51 20 6 29 9 74 31 11 22 59 62 17 53 16 48 25 4 30 13 61 60 55 7 19 64 45 3 70 23 26 39 44 71 33 73 34 68 8
    20 60 27 35 70 39 73 26 29 64 54 6 68 23 55 3 21 15 18 2 41 67 44 71 56 31 75 45 14 9 42 58 72 40 66 8 69 52 49 16 65 7 47 11 30 5 24 17 1 46 13 53 63 36 48 62 19 38 74 61 4 59 43 34 28 25 33 32 22 10 37 51 50 12 57
    1 41 51 9 39 29 14 73 24 4 53 66 2 35 28 33 48 11 67 55 38 71 69 13 45 42 43 49 26 21 32 47 50 68 65 64 17 10 59 40 20 63 19 75 36 31 72 70 23 74 25 34 60 46 7 22 12 54 30 8 56 58 27 62 18 61 52 6 37 15 16 44 57 3 5
    34 68 39 23 17 21 26 47 52 46 75 1 41 10 49 2 71 42 74 43 33 32 35 9 19 20 57 8 3 72 40 44 11 66 55 28 45 24 38 54 37 61 16 30 27 63 64 56 14 15 53 58 18 65 29 62 7 73 31 69 60 36 48 22 59 13 6 51 4 25 70 67 12 5 50
    21 25 66 3 62 22 44 67 68 19 27 34 64 31 8 42 24 9 70 65 73 56 12 35 33 17 14 37 2 74 32 60 55 16 50 4 53 46 63 10 29 51 13 72 23 39 57 48 41 6 45 38 71 7 58 54 59 40 49 11 26 36 5 1 52 75 15 30 20 47 18 28 69 61 43
    4 38 2 19 46 49 33 70 30 62 43 23 11 39 18 12 48 57 60 66 37 68 71 10 20 53 31 3 52 61 56 15 55 54 40 34 16 5 6 26 22 47 36 17 58 50 69 74 1 35 75 64 25 13 9 72 45 41 44 21 27 28 51 8 65 14 24 7 29 42 73 32 63 59 67
    4 43 30 5 59 25 68 19 58 41 22 24 50 42 1 20 74 39 13 16 45 14 60 33 8 38 18 48 10 40 21 28 46 11 12 34 67 17 44 36 51 55 3 57 26 49 65 61 27 23 64 53 69 29 75 72 15 63 66 2 7 73 37 31 35 32 71 6 70 9 47 62 56 52 54
    68 23 20 39 37 66 6 35 73 25 34 12 14 27 44 26 67 63 18 7 43 57 32 48 45 33 46 54 38 60 71 31 50 30 24 10 11 1 15 42 9 72 69 59 19 65 74 49 8 2 61 58 13 41 75 64 5 53 51 28 21 22 56 17 62 16 4 3 36 29 70 55 52 47 40
    50 19 31 33 15 64 72 45 20 44 54 59 52 43 58 4 16 28 34 61 6 2 11 65 70 74 42 14 38 55 68 51 48 29 3 24 12 49 8 18 37 57 56 30 23 25 66 41 26 62 21 46 7 17 5 1 10 69 39 47 9 71 73 35 40 13 22 27 75 63 60 36 32 53 67
    32 21 5 46 27 59 61 43 63 69 17 14 39 42 6 38 22 65 48 41 20 23 11 47 34 2 29 52 72 56 45 9 8 26 16 68 60 1 4 57 44 40 24 3 49 19 10 28 54 74 31 70 64 55 66 33 7 71 35 51 12 67 18 73 37 62 75 50 25 53 13 58 36 15 30
    11 6 42 45 72 59 40 19 56 50 53 70 73 26 63 20 4 61 5 12 24 74 62 7 3 25 60 68 57 35 44 66 10 71 49 18 37 1 29 17 9 46 67 39 58 2 47 33 23 36 64 48 43 31 69 34 27 30 15 32 52 21 14 41 28 65 22 8 54 13 38 51 55 75 16
    16 24 36 39 8 23 31 37 17 73 60 51 33 42 74 56 40 54 66 62 53 29 32 12 75 63 9 21 61 7 52 65 11 38 49 70 30 27 69 26 55 46 25 59 68 72 14 48 50 5 3 13 67 45 41 64 47 71 35 4 22 20 28 15 1 43 2 10 18 44 6 19 58 57 34
    74 59 12 56 8 57 28 47 61 64 27 62 40 25 49 5 4 35 23 13 7 73 24 22 16 21 10 19 1 42 66 48 54 50 63 31 52 3 36 69 43 45 15 32 34 29 9 70 53 18 41 2 11 58 75 65 68 20 14 33 71 67 38 51 60 17 26 6 30 46 72 55 44 39 37
    32 46 41 15 75 53 13 33 56 21 55 20 65 59 1 48 70 19 40 47 18 23 67 74 34 61 38 26 64 5 11 24 16 22 36 44 69 7 54 58 2 63 30 25 60 39 35 9 52 14 27 10 31 57 42 4 50 71 8 45 17 29 37 28 73 68 51 6 72 12 66 49 3 62 43
    4 68 12 53 9 31 20 21 38 69 27 5 24 11 62 50 37 64 47 39 18 33 63 3 42 14 22 58 28 49 51 44 54 45 67 8 36 59 6 16 7 13 73 40 26 1 30 19 41 10 70 75 55 15 35 65 60 61 56 52 29 74 2 43 17 57 48 32 34 23 72 71 66 25 46
    2 46 23 9 18 75 43 27 21 5 32 39 62 4 64 36 72 33 42 6 20 17 60 40 25 68 59 7 74 3 34 16 65 15 50 52 26 11 71 29 41 10 14 38 69 12 57 44 56 30 45 61 47 48 53 55 67 22 66 28 8 51 70 63 58 54 37 49 13 19 24 1 31 35 73
    47 68 54 20 62 22 10 32 51 70 36 52 4 64 34 38 12 53 29 67 7 75 16 43 49 1 69 11 73 17 46 18 19 50 66 31 5 48 60 27 57 2 9 37 71 25 39 61 72 6 8 26 35 21 40 58 45 23 44 3 13 42 41 56 30 55 63 15 65 33 59 74 28 14 24
    47 19 17 74 54 18 51 4 24 46 73 35 21 66 36 59 69 55 45 10 5 49 39 2 11 23 53 3 29 6 75 15 56 70 16 43 9 25 60 33 65 12 22 41 48 57 8 42 31 27 13 71 72 38 68 14 40 30 32 37 1 62 44 20 61 34 7 64 52 58 63 50 67 26 28
    27 55 50 6 75 72 62 57 46 32 69 4 28 25 3 42 17 39 14 37 49 41 58 44 64 21 56 53 5 15 43 18 22 54 10 67 70 74 61 16 51 12 40 29 7 9 24 71 2 23 1 48 19 66 63 11 60 47 73 35 31 8 45 20 36 33 26 34 13 30 68 52 59 65 38
    14 3 21 42 68 35 37 30 41 69 40 1 43 66 15 75 17 63 16 53 36 56 28 54 8 60 29 9 74 26 20 48 61 58 4 55 47 62 72 6 5 32 64 10 13 51 19 27 73 2 33 67 7 23 31 50 44 39 24 18 45 71 22 46 49 52 70 34 65 25 59 12 57 38 11
    11 50 15 47 29 7 53 38 21 9 33 67 22 6 13 19 49 65 70 42 59 64 57 30 12 61 10 52 54 3 44 69 71 17 37 2 8 48 5 23 27 60 39 26 75 68 66 72 31 16 43 74 46 20 18 63 55 28 24 58 36 51 4 56 62 14 34 32 40 41 45 25 1 35 73
    24 32 48 36 20 15 53 30 27 29 16 41 38 34 69 8 18 13 39 37 3 51 56 10 68 26 67 1 22 63 45 35 9 61 21 74 54 59 6 12 14 31 23 58 66 2 46 55 52 62 43 65 57 70 33 28 60 49 17 25 73 47 50 42 44 64 5 19 40 7 75 11 71 72 4
    46 75 70 72 53 60 44 74 67 11 48 18 37 17 10 3 66 65 15 51 4 59 5 64 20 25 36 9 39 43 21 56 8 42 22 13 19 32 26 30 73 38 16 55 28 69 54 12 2 57 14 27 34 61 40 1 23 6 29 50 63 7 31 62 35 45 49 58 52 71 47 33 68 41 24
    36 40 72 37 8 5 53 51 74 65 38 50 30 61 14 19 63 31 70 35 1 27 54 23 29 43 11 57 45 55 49 34 33 32 6 67 60 44 73 46 59 22 15 68 58 48 47 25 3 4 69 71 24 62 21 64 75 42 26 52 17 16 2 13 7 18 9 41 12 66 28 56 10 39 20
    23 4 1 53 17 39 64 46 51 24 43 41 30 16 68 18 67 22 13 19 70 62 50 44 36 49 7 6 75 35 58 14 25 66 21 73 10 72 56 9 65 71 31 5 40 8 45 60 42 74 38 3 55 15 20 12 37 57 34 26 2 32 47 52 29 33 28 27 69 61 48 54 11 59 63
    34 52 19 39 9 5 11 73 63 2 61 62 12 59 16 7 70 64 17 60 46 48 33 58 24 6 43 20 66 50 8 10 47 23 49 27 36 13 28 69 75 14 45 53 30 41 55 44 37 31 22 71 35 67 56 18 1 40 29 26 25 38 68 74 3 4 32 21 15 72 65 54 57 42 51
    15 31 52 6 63 72 36 58 41 8 62 53 3 42 33 46 51 71 25 65 32 43 67 5 54 49 28 1 12 57 61 40 48 56 73 60 75 45 17 64 74 27 30 19 34 13 70 55 50 20 18 59 37 21 44 24 2 23 10 16 39 47 66 29 22 9 35 7 68 69 4 26 14 11 38
    70 5 45 62 3 1 35 54 71 22 13 26 50 8 52 23 36 46 74 15 49 42 55 37 73 51 20 48 33 16 30 7 67 57 69 68 72 17 19 21 38 61 25 53 65 4 31 11 44 47 41 43 63 59 58 34 6 28 64 14 66 9 75 2 24 40 18 56 29 32 39 12 27 60 10
    47 44 20 2 16 64 59 49 50 31 67 75 41 68 65 3 56 58 73 36 62 6 12 66 26 11 57 43 51 37 33 60 22 63 27 34 72 52 29 19 24 48 32 18 61 8 25 10 14 69 45 54 38 28 55 4 15 9 35 74 42 46 7 39 1 71 23 40 30 13 5 21 17 53 70
    21 8 75 10 12 28 68 11 38 9 55 19 31 20 40 70 26 42 54 25 30 27 58 2 50 63 7 47 13 67 4 15 73 59 3 49 33 17 72 41 35 52 23 1 45 66 69 60 65 46 71 39 34 48 61 37 56 6 44 74 14 16 32 53 22 29 24 51 62 57 5 36 18 64 43
    61 6 33 74 72 41 57 3 32 19 62 4 37 60 25 30 63 17 69 22 52 28 31 68 40 36 65 50 21 43 46 49 48 20 26 9 23 11 59 27 35 75 51 54 58 45 55 24 5 15 18 8 53 70 12 42 29 13 16 67 39 73 2 44 34 38 71 1 64 47 10 66 7 14 56
    18 12 38 3 67 10 34 17 41 61 63 43 40 57 74 29 75 47 44 2 28 9 22 65 1 36 50 48 16 24 26 42 8 20 62 55 46 14 71 59 13 37 51 19 68 27 15 53 6 30 32 25 11 31 69 49 4 35 64 23 54 39 33 70 21 5 52 58 56 73 66 72 7 60 45
    70 8 25 31 41 63 1 54 6 47 67 68 53 66 57 22 24 27 30 48 36 65 39 61 64 50 29 13 16 44 9 56 15 73 7 58 49 55 11 33 75 34 40 4 14 69 20 42 18 23 3 10 52 38 45 5 28 2 46 37 35 74 26 43 12 51 59 71 19 72 62 60 32 17 21
    22 70 61 41 31 37 52 17 16 35 57 38 49 68 65 7 75 46 59 60 36 64 32 71 58 11 62 29 21 51 15 48 63 19 56 30 72 14 39 20 45 44 24 43 8 2 67 26 4 9 5 28 66 33 53 34 10 54 18 40 23 27 55 47 12 25 13 3 73 50 69 42 74 1 6
    58 42 52 19 64 68 6 27 71 43 75 44 61 70 2 37 66 13 11 21 7 5 39 12 69 36 72 40 32 67 35 33 28 41 63 54 26 47 4 65 45 57 30 16 46 74 51 62 60 9 3 15 1 24 23 73 29 17 20 10 48 56 59 53 31 38 14 18 49 34 55 50 8 25 22
    10 4 34 25 58 45 27 20 41 6 40 68 15 23 42 39 61 17 22 3 69 71 55 21 57 72 1 9 32 28 19 8 64 29 33 66 13 38 75 5 43 51 12 37 56 60 7 36 31 14 46 48 65 24 52 47 30 50 62 73 74 18 67 11 2 54 70 63 16 44 59 35 53 49 26
    65 49 33 21 70 39 56 22 44 38 10 18 60 67 23 14 36 25 30 61 35 27 29 54 34 9 4 74 40 73 31 8 41 57 5 69 37 2 66 17 6 13 58 51 20 28 71 47 75 43 50 26 11 62 16 1 42 3 45 55 52 24 19 59 46 7 15 12 32 63 53 48 64 72 68
    14 9 26 43 42 65 50 28 4 54 72 27 17 37 71 48 15 58 33 74 49 24 46 63 2 20 36 57 73 68 1 53 47 51 67 7 5 38 21 18 12 60 56 35 52 10 25 40 29 8 64 13 32 69 39 31 44 22 45 11 62 16 34 75 59 55 61 66 6 70 30 23 3 41 19
    73 30 51 27 43 25 16 9 42 69 1 39 56 10 14 37 36 2 21 8 11 54 34 15 75 5 38 70 17 53 3 20 13 41 52 62 59 19 29 7 64 68 66 12 35 49 72 71 47 33 40 28 65 18 26 24 46 45 48 67 22 60 23 31 58 6 63 61 44 55 57 50 4 32 74
    54 75 63 65 66 40 34 17 28 7 58 45 37 20 39 61 11 49 6 23 69 30 53 33 22 46 3 24 12 56 9 72 55 43 52 32 67 41 26 15 27 8 60 36 38 44 62 35 51 2 13 50 42 57 18 5 48 14 68 29 21 10 1 19 4 71 16 25 64 74 70 47 59 73 31
    40 24 8 7 2 16 21 5 36 60 63 73 11 38 56 62 70 59 34 32 65 33 17 58 28 37 27 35 51 29 49 31 75 22 39 46 43 64 50 10 9 69 61 19 48 71 1 44 18 4 20 26 67 68 15 45 25 14 72 42 74 23 41 54 47 12 3 52 66 57 30 55 53 13 6
    50 46 6 27 16 19 66 3 9 24 5 59 42 49 69 20 63 35 1 71 7 56 37 61 34 43 38 74 14 25 64 60 62 48 72 44 40 68 28 36 55 23 54 67 39 58 47 13 21 8 65 4 22 31 29 18 11 26 10 32 15 53 51 52 33 17 41 70 57 12 75 45 73 30 2
    71 66 5 29 67 9 75 34 52 53 57 32 10 24 18 70 36 15 31 33 46 13 28 73 19 45 43 38 3 12 54 65 49 40 8 27 30 55 21 2 4 7 62 72 59 6 35 61 26 51 25 56 74 60 1 16 42 64 48 22 11 23 39 47 69 58 68 63 41 20 17 50 14 37 44
    56 29 20 23 10 73 30 75 62 8 50 42 33 14 72 6 18 35 64 66 65 16 39 68 4 52 59 53 45 61 49 22 67 44 37 48 41 13 57 47 55 69 25 74 40 24 11 31 19 9 34 21 32 3 71 54 70 46 26 28 63 12 38 58 15 43 1 7 60 5 51 27 17 2 36
    4 3 47 64 36 31 57 18 51 55 75 1 73 29 10 59 19 58 5 2 14 40 25 27 26 70 11 41 50 56 52 65 6 7 17 49 20 42 63 16 74 39 23 13 37 60 30 9 15 54 53 45 34 72 61 69 24 71 35 22 46 66 44 48 32 43 21 68 8 33 62 67 12 28 38
    1 24 31 20 8 39 42 33 56 61 22 57 73 26 40 46 5 3 41 28 21 4 48 30 25 74 53 60 10 67 32 50 37 64 14 49 69 18 35 6 11 12 47 27 23 68 51 71 65 15 2 45 72 16 43 34 75 55 58 54 19 17 70 44 7 13 29 52 9 62 59 63 38 36 66
    60 47 33 42 55 1 71 41 56 10 27 59 52 24 16 11 5 17 65 62 66 29 4 39 58 68 13 50 20 45 74 30 19 49 28 48 22 2 70 75 8 7 6 35 26 53 54 25 69 37 3 40 21 14 63 36 64 57 51 38 31 44 15 32 34 61 12 18 67 9 73 72 43 46 23
    9 12 15 72 14 4 21 25 59 54 52 34 66 36 58 40 48 17 23 60 46 56 33 31 7 20 16 19 32 42 18 35 61 1 41 68 37 69 22 39 29 43 28 55 74 63 3 11 71 47 50 44 62 65 57 2 8 67 51 10 45 24 13 30 5 70 64 73 6 27 26 53 75 38 49
    69 59 14 29 58 56 17 54 38 9 52 16 39 36 6 35 75 57 63 41 47 37 25 10 55 7 15 51 34 5 26 66 24 62 42 40 23 11 32 43 18 1 19 49 44 73 4 3 33 64 72 30 27 20 65 71 50 22 2 68 28 60 13 70 21 61 74 8 67 53 12 48 45 46 31
    69 51 62 41 14 18 43 22 47 26 71 37 52 25 68 40 73 66 17 7 30 31 15 44 54 75 63 20 55 59 29 46 12 48 24 64 3 42 8 10 39 34 58 6 28 56 1 32 50 33 60 16 72 2 67 23 13 35 27 53 45 36 19 9 65 38 57 4 11 61 74 70 21 49 5
    64 48 55 3 26 66 40 23 24 72 63 53 17 59 7 57 58 27 28 22 33 15 18 16 36 49 73 75 52 8 67 29 47 50 43 54 9 45 2 69 70 20 44 62 41 51 68 46 1 38 13 56 19 71 65 5 12 25 4 34 37 6 61 32 35 11 21 74 10 60 30 42 31 39 14
    1 3 8 30 41 6 29 60 25 52 75 70 26 50 43 42 33 38 45 12 34 67 39 68 35 66 47 13 16 40 14 17 4 36 31 62 61 73 63 72 18 7 74 21 28 48 19 23 11 64 57 20 46 49 56 71 54 37 59 15 58 55 53 5 24 27 9 51 65 22 69 2 32 44 10
    22 14 51 30 60 47 18 36 64 28 61 21 34 54 6 19 8 67 7 17 29 66 73 13 9 35 39 25 4 59 10 72 75 11 53 70 26 15 42 44 2 27 40 37 69 55 56 50 33 71 31 46 20 3 5 74 58 32 38 23 45 62 49 12 52 43 24 63 68 65 16 41 1 57 48
    28 35 64 18 73 55 45 5 31 7 75 29 42 20 47 49 52 38 74 54 65 3 66 10 56 1 30 72 62 40 33 63 21 15 37 9 39 69 22 36 50 19 8 27 41 4 12 70 71 6 14 67 48 57 25 43 16 59 2 24 68 11 17 60 13 53 46 61 23 58 32 51 44 26 34
    27 11 49 21 55 8 63 29 40 31 56 13 48 46 25 5 22 9 26 7 45 74 62 10 16 71 73 34 1 50 39 61 14 20 15 68 36 42 41 17 33 69 18 4 75 64 54 66 12 59 47 51 6 28 57 65 24 72 2 44 67 19 43 37 32 58 38 35 52 30 60 70 53 3 23
    26 63 40 61 65 3 4 43 7 58 69 71 23 53 25 67 39 9 50 22 31 5 73 14 32 2 1 74 60 13 10 59 38 34 55 30 48 37 8 54 29 12 18 57 72 28 52 44 70 41 51 24 17 56 64 46 49 62 45 6 42 20 47 15 11 36 66 68 33 16 19 27 75 21 35
    50 8 20 10 3 45 18 36 24 57 67 48 31 2 43 22 1 16 40 30 38 44 6 25 61 14 59 68 62 33 52 13 41 26 23 64 65 9 32 12 63 42 70 66 72 15 21 5 34 71 53 37 51 7 17 47 4 27 75 35 19 49 69 28 55 29 39 56 11 74 60 73 58 46 54
    59 61 29 66 39 12 74 41 56 32 53 73 49 20 45 42 68 11 35 25 63 43 26 44 4 18 10 37 15 65 55 24 36 31 51 64 52 9 69 67 57 27 13 7 54 38 34 46 47 72 62 60 71 23 33 5 40 28 30 50 8 6 58 1 22 17 3 21 2 19 14 48 75 70 16
    60 67 51 16 55 65 73 25 53 9 24 22 18 31 58 34 7 5 42 72 62 46 50 61 3 2 59 64 12 48 68 33 23 6 63 70 17 32 57 41 28 10 36 21 47 14 44 66 45 37 35 4 74 27 43 15 54 52 49 1 8 38 75 19 30 71 40 26 39 11 13 29 56 69 20
    31 69 58 28 36 4 20 24 40 63 10 12 73 17 34 45 75 3 59 23 15 42 72 39 18 7 27 57 30 22 67 26 55 5 38 64 35 6 19 51 33 53 60 65 9 13 43 47 41 21 1 68 25 52 44 32 62 46 16 74 2 50 29 71 48 14 8 11 56 70 37 66 54 49 61
    65 71 69 44 67 34 68 70 14 27 30 15 31 10 35 29 75 64 5 45 41 9 8 57 72 3 32 50 1 58 61 24 43 33 48 40 38 62 25 26 20 55 37 59 49 47 51 74 13 23 2 36 16 18 7 53 17 56 21 66 73 19 12 54 22 63 60 28 11 39 6 42 4 52 46
    36 41 34 66 59 8 11 50 73 13 28 74 48 61 55 49 63 22 18 35 69 25 30 57 52 1 53 54 71 9 6 64 75 17 38 3 2 27 43 65 67 39 58 62 29 40 33 72 4 12 32 10 60 31 16 21 44 24 51 5 7 14 20 70 23 26 46 42 37 45 47 68 15 56 19
    5 17 67 61 2 65 27 59 70 29 37 46 47 39 32 43 51 4 57 75 72 30 34 69 64 44 63 15 41 22 3 35 45 50 53 23 71 13 58 19 9 14 28 52 60 68 56 26 7 66 49 48 74 62 10 38 55 11 12 8 1 21 31 6 16 42 40 54 20 24 33 18 25 73 36
    2 58 68 8 46 3 16 43 51 42 23 67 25 1 30 21 48 20 75 37 53 54 17 57 13 63 39 61 56 33 38 24 73 7 6 26 74 9 4 47 35 19 14 55 10 66 72 69 27 34 40 41 28 15 52 60 70 11 49 44 36 29 32 71 18 22 45 5 65 59 31 64 50 12 62
    59 40 70 35 53 75 16 44 42 6 11 43 15 52 1 34 14 33 65 46 50 62 10 58 69 7 67 61 55 73 47 19 54 17 63 22 71 23 2 66 25 20 41 60 38 57 3 32 48 29 8 39 9 31 49 72 26 45 68 27 74 24 12 5 64 56 51 18 21 36 4 37 13 28 30
    51 24 64 46 37 56 71 72 54 39 42 69 48 20 3 13 26 58 38 23 62 25 31 9 2 29 22 52 49 17 19 63 70 6 68 44 4 45 60 16 27 41 47 10 12 59 28 35 32 14 1 40 21 43 15 67 50 18 30 7 34 36 61 57 55 65 66 5 73 74 8 75 33 53 11
    1 24 16 59 20 32 71 2 5 73 12 6 36 61 10 69 33 17 66 23 42 34 56 45 40 13 15 30 68 48 72 19 39 43 70 4 9 41 64 21 35 62 49 52 51 58 63 27 29 18 55 8 50 60 31 14 28 26 38 3 57 7 53 47 46 54 75 67 25 74 11 44 65 22 37
    75 73 59 46 14 61 74 55 58 42 60 32 40 22 6 15 23 30 12 39 20 69 31 64 29 34 66 67 8 56 3 50 16 48 70 11 52 18 36 1 26 51 47 41 68 19 24 7 72 45 38 13 62 17 54 2 27 9 37 33 25 65 57 5 28 71 35 43 4 63 21 44 49 53 10
    70 8 56 62 50 12 1 71 3 75 42 24 32 4 63 15 25 18 2 20 43 58 22 36 53 54 7 41 34 68 35 57 49 69 17 45 61 9 48 16 47 33 11 74 31 44 55 37 46 23 59 65 38 10 6 67 60 21 28 14 19 39 5 51 13 30 52 73 27 26 72 29 64 66 40
    70 13 25 47 18 11 15 57 35 3 59 21 64 23 50 49 4 61 45 16 75 17 31 53 19 66 28 24 22 32 30 9 48 40 52 71 67 26 38 60 2 43 72 58 37 12 46 27 14 5 56 54 10 69 51 63 39 29 6 7 1 36 74 41 55 20 34 42 73 33 44 8 68 65 62
    64 62 5 13 55 24 45 46 69 70 65 53 22 42 12 60 63 6 52 15 27 47 68 29 31 30 49 35 61 8 3 73 71 67 75 58 11 34 10 43 54 44 38 9 51 57 56 14 39 48 40 20 21 66 4 74 1 32 2 33 18 72 17 28 23 26 25 19 37 36 50 59 7 41 16
    69 49 3 2 39 31 44 16 71 58 20 68 18 46 64 33 9 66 55 30 32 23 13 74 42 60 11 26 22 70 73 25 17 51 63 37 29 36 72 54 28 4 41 62 12 19 53 65 8 21 38 47 50 1 35 59 7 10 24 6 27 5 57 43 67 40 34 56 14 15 75 48 61 52 45
    75 56 72 29 20 59 64 19 70 49 47 24 44 5 57 60 28 22 39 16 66 23 11 30 40 27 63 74 31 26 54 52 36 21 37 55 4 61 62 10 12 67 15 18 53 43 42 2 65 33 17 9 73 13 41 45 48 7 8 50 38 1 14 71 68 51 69 3 46 35 34 25 58 6 32
    63 24 10 70 23 71 52 31 7 74 48 41 61 30 28 8 35 14 60 22 40 58 11 59 38 55 62 27 29 33 44 17 43 18 4 53 9 47 21 6 66 15 45 51 19 34 49 26 36 25 37 50 69 75 2 64 72 12 68 39 73 42 3 65 5 20 32 56 13 67 57 54 1 46 16
    17 60 61 25 7 39 13 40 68 42 47 9 51 65 37 5 35 24 27 70 69 29 32 14 22 56 33 30 67 36 18 19 66 43 16 23 21 1 12 38 48 64 74 73 50 71 54 45 15 34 10 62 41 49 53 3 75 31 72 4 2 20 55 8 11 52 28 63 44 57 6 58 59 26 46
    60 4 43 1 69 36 61 31 11 63 20 73 67 52 55 66 41 46 45 33 42 54 30 2 27 71 22 24 38 53 29 58 57 32 34 18 10 49 26 48 28 47 65 7 12 9 17 62 3 14 64 44 39 40 51 70 5 15 6 75 19 21 13 68 23 50 56 8 59 16 74 35 72 37 25
    75 36 15 61 1 4 6 59 73 32 60 26 22 53 33 20 13 11 67 52 68 27 3 39 17 23 55 51 50 45 9 25 24 62 57 18 34 72 44 31 70 71 8 66 5 47 19 37 16 40 38 12 21 30 74 10 64 43 48 63 7 65 41 49 46 14 35 28 56 29 58 2 42 54 69
    62 74 2 19 36 67 22 21 13 35 15 18 66 71 57 58 61 68 10 6 49 46 73 29 14 11 8 45 43 72 7 70 54 38 3 17 28 52 41 34 16 47 26 25 31 50 40 5 27 64 59 23 20 53 63 33 60 44 32 51 30 12 48 65 42 9 75 1 39 69 4 37 55 24 56
    1 70 74 53 65 15 42 62 68 40 11 32 13 19 43 17 35 7 56 47 57 4 33 54 75 21 26 12 30 52 72 60 63 14 73 48 69 28 58 18 27 5 23 67 45 64 61 50 49 44 36 31 25 10 39 3 71 16 20 59 41 24 66 37 6 2 34 22 9 38 51 8 46 55 29
    52 16 11 66 62 19 31 3 60 2 23 71 75 22 5 63 4 72 9 7 14 34 61 44 54 6 55 64 73 46 21 67 43 39 29 42 74 13 32 50 70 36 41 24 33 28 18 27 57 58 47 69 26 56 12 65 59 37 51 48 49 20 1 38 53 68 10 25 15 17 8 45 30 35 40
    71 58 50 54 73 53 29 2 49 21 22 33 64 30 43 45 60 20 51 32 14 7 59 68 44 42 47 41 39 56 34 66 75 26 18 70 23 31 36 13 46 12 25 8 11 57 28 72 3 10 37 63 9 16 17 35 67 69 1 61 38 62 4 5 74 19 15 55 40 48 52 24 27 6 65

