76

    53 2 46 23 50 51 7 25 3 76 8 32 75 67 34 61 71 42 31 60 39 37 64 22 14 54 29 55 74 16 6 52 38 48 66 49 57 44 59 10 13 27 28 73 9 12 72 20 58 35 68 26 30 62 33 36 18 24 70 11 19 5 40 15 69 4 21 17 56 63 45 43 41 47 65 1
    76 13 59 14 37 31 26 62 36 65 51 34 45 18 67 53 17 64 41 29 15 40 63 20 57 72 43 4 39 19 58 8 35 3 2 68 49 61 7 33 73 56 52 38 1 42 48 70 46 30 50 11 22 10 9 32 54 47 60 23 27 75 69 12 55 28 74 44 6 16 66 25 21 5 71 24
    1 34 52 36 37 6 3 67 32 19 41 61 28 76 57 63 12 45 39 66 26 53 55 47 44 5 69 54 74 42 43 68 11 8 20 38 17 48 62 46 51 4 33 73 23 27 16 10 24 14 7 22 15 30 18 72 2 35 49 13 64 59 56 50 25 65 60 70 71 75 29 31 40 21 58 9
    27 19 46 51 25 9 61 18 48 76 63 71 52 62 5 57 22 60 21 64 15 23 1 59 8 56 34 37 3 26 36 67 17 68 41 54 39 75 49 33 74 40 30 14 6 73 65 72 66 69 2 50 10 31 70 28 4 43 29 12 47 13 24 53 42 38 35 45 7 55 44 16 20 11 58 32
    44 31 16 41 33 69 40 58 50 13 70 59 61 20 49 71 9 29 17 24 46 8 47 74 75 12 62 73 2 54 51 6 38 27 25 18 30 4 45 10 23 1 72 28 43 66 37 35 21 48 42 53 14 64 5 68 3 56 60 63 11 15 7 65 76 67 19 22 34 39 57 52 32 55 36 26
    75 16 32 56 51 22 54 20 1 13 28 11 70 50 14 47 44 6 4 64 25 18 5 49 34 8 46 2 36 40 53 17 27 69 74 30 23 55 31 35 76 62 39 73 66 41 68 3 29 10 37 72 59 67 45 60 71 24 63 52 9 33 12 43 61 65 26 58 48 42 38 57 19 7 15 21
    42 76 64 27 56 67 26 46 24 47 3 66 14 2 75 69 62 5 18 33 44 65 73 50 10 19 48 52 17 13 25 59 28 9 4 61 22 58 15 43 6 36 35 68 23 11 8 7 57 12 21 1 39 70 71 34 55 72 74 37 16 54 40 41 49 38 20 31 63 45 29 30 60 51 32 53
    54 32 61 65 40 11 38 76 5 52 72 74 30 35 55 6 27 42 15 68 71 57 23 43 14 67 33 62 64 9 59 29 22 25 56 17 26 63 3 19 73 66 16 1 37 58 75 39 7 48 8 18 51 46 13 4 44 21 12 28 47 49 20 53 34 50 24 10 31 36 45 41 70 2 60 69
    22 12 54 16 11 66 24 73 76 7 61 48 18 49 10 65 44 8 21 74 26 46 64 31 3 30 5 35 71 58 39 67 59 72 38 43 69 50 62 55 19 28 4 63 60 40 47 52 45 75 70 53 37 27 15 36 68 32 1 20 17 14 23 33 34 9 42 56 51 25 29 41 6 2 13 57
    66 13 15 75 73 1 8 56 59 36 48 71 40 34 23 64 63 52 31 16 50 44 72 19 4 45 74 3 25 61 57 69 55 49 28 21 17 33 51 27 22 47 9 20 35 76 54 37 58 10 67 32 6 41 24 18 65 30 38 5 29 53 60 14 46 2 7 43 70 11 12 68 42 26 62 39
    17 56 15 32 13 29 62 9 43 59 71 76 61 28 64 25 30 52 41 12 4 5 3 38 8 10 70 35 26 18 24 2 49 47 45 16 21 46 19 36 57 33 68 39 34 66 58 63 74 6 75 51 50 60 20 7 67 44 23 22 69 42 48 72 1 53 14 65 73 54 40 31 55 37 11 27
    57 72 44 13 45 33 22 18 46 43 75 4 26 65 51 38 32 67 1 7 36 52 12 15 40 41 55 29 20 58 47 34 14 35 76 9 10 68 60 69 73 50 56 8 66 2 61 5 6 62 27 59 54 70 31 74 39 42 25 30 11 48 49 37 53 63 23 24 28 17 21 16 19 3 71 64
    70 13 45 28 17 23 73 66 40 33 24 31 18 64 7 57 51 50 1 44 25 74 37 43 5 14 48 2 36 71 68 26 76 8 52 3 72 32 65 62 10 56 4 54 27 60 53 11 41 75 42 46 39 9 47 21 38 55 35 49 6 61 63 34 69 67 30 59 58 15 29 22 20 12 19 16
    22 63 34 76 47 19 74 62 58 37 30 11 18 41 25 67 4 1 15 6 60 7 24 72 23 54 9 14 29 13 27 10 35 38 51 48 55 46 44 43 56 12 61 69 17 71 2 75 26 52 20 8 28 42 53 64 39 32 66 73 68 70 65 31 57 36 3 16 49 40 33 5 45 59 50 21
    10 60 9 62 71 75 3 63 1 45 61 67 4 25 44 47 14 18 39 69 28 30 73 19 15 37 2 48 21 54 42 66 20 53 57 59 11 50 68 12 23 41 5 76 13 34 74 56 27 55 35 16 36 70 64 7 8 51 52 58 46 72 49 40 17 31 29 24 65 32 26 22 6 38 33 43
    75 18 62 15 50 7 16 9 49 13 4 61 8 20 59 40 3 35 66 74 45 36 53 22 54 73 57 38 72 41 42 52 31 48 29 46 11 76 2 27 60 56 55 39 10 33 30 37 26 25 64 44 65 32 5 47 23 69 34 70 24 67 12 19 68 17 6 51 1 14 28 58 71 63 43 21
    36 62 1 61 22 63 42 59 38 18 2 44 75 40 39 11 16 52 8 48 14 31 19 60 73 10 37 76 66 32 49 9 33 68 3 30 25 21 65 55 35 20 56 15 26 74 67 17 12 6 29 64 5 50 54 51 24 72 23 70 34 57 43 27 71 58 47 41 46 53 13 4 7 69 45 28
    62 72 7 67 74 30 31 20 49 59 66 5 41 19 44 71 64 73 23 46 26 76 75 63 69 22 51 42 57 39 32 8 45 43 60 68 47 13 56 33 65 40 70 24 4 17 61 2 55 36 18 3 12 52 16 28 53 25 15 29 14 9 38 48 37 54 34 50 10 1 11 58 35 27 6 21
    27 49 34 48 37 47 40 17 73 76 69 2 54 3 58 74 35 75 28 51 24 68 61 42 38 29 53 43 20 18 31 6 45 72 62 52 67 44 12 5 7 14 56 16 26 65 23 39 70 9 22 66 11 59 60 8 33 1 30 50 64 55 36 32 57 10 13 25 21 19 71 46 41 15 63 4
    59 30 10 51 71 24 54 37 68 9 69 5 60 18 13 4 33 52 67 61 28 19 2 1 38 48 11 75 41 39 44 23 45 70 47 26 31 76 64 22 55 14 50 40 25 72 27 62 53 15 8 49 17 29 42 74 58 7 21 6 57 66 43 12 16 65 34 3 36 46 32 20 63 35 73 56
    69 54 36 25 26 41 1 57 29 72 33 45 59 55 35 44 53 2 4 11 13 31 39 7 63 42 46 12 51 71 73 27 75 8 43 68 16 3 24 48 64 34 74 67 19 14 22 47 62 10 18 21 9 5 65 61 52 56 23 17 58 76 30 32 40 70 49 6 37 66 20 50 60 38 15 28
    65 44 66 28 27 17 54 52 37 73 31 11 49 51 24 5 7 67 70 58 22 74 2 9 34 6 38 75 40 1 8 13 64 61 12 42 23 76 71 4 57 29 15 39 3 48 26 60 59 20 47 35 43 25 56 53 32 46 18 16 62 45 30 72 10 14 50 36 55 69 33 21 41 68 63 19
    56 27 17 13 28 16 59 65 32 42 46 47 38 2 37 23 76 26 36 62 44 9 18 10 1 12 14 60 19 40 20 8 73 31 30 51 53 75 64 35 54 57 22 61 21 66 58 7 3 70 4 55 49 52 34 74 41 33 50 69 43 67 71 48 68 6 29 45 11 15 24 25 39 72 5 63
    5 59 56 76 12 10 6 54 37 26 67 75 7 38 42 49 3 44 45 39 36 16 13 72 22 73 69 46 34 68 61 21 63 15 20 24 11 35 40 29 58 9 48 70 65 25 47 17 71 55 33 2 43 74 31 28 32 41 19 8 1 53 52 66 64 57 23 50 18 62 51 60 14 30 4 27
    73 40 67 60 47 15 18 54 39 21 37 35 49 50 36 44 12 27 69 62 30 64 34 7 28 66 41 32 9 61 75 56 59 51 42 17 46 4 33 11 19 14 25 6 8 38 71 13 2 57 74 53 10 16 5 68 76 43 58 1 45 29 72 23 26 48 52 20 63 22 24 70 31 3 55 65
    63 64 22 76 26 61 60 37 67 48 62 65 19 15 46 10 54 9 1 45 42 3 8 31 56 58 29 17 40 30 32 43 41 75 68 47 53 7 35 4 16 73 57 25 59 18 28 51 69 13 27 38 44 52 49 71 6 36 34 20 12 33 39 5 11 24 2 70 66 55 23 21 14 74 72 50
    76 12 31 23 38 53 4 54 41 63 70 62 29 1 50 9 43 5 21 18 72 56 28 33 8 45 73 17 66 14 51 19 32 27 42 44 40 25 30 68 58 3 69 10 22 57 39 60 47 64 74 55 11 75 16 20 36 46 6 26 61 35 2 13 49 59 65 7 24 67 15 34 37 71 48 52
    14 17 16 48 38 1 19 57 47 42 60 37 43 64 41 15 61 74 44 56 62 24 67 2 3 30 70 52 32 68 12 28 54 39 35 26 51 46 13 76 58 59 25 23 65 66 4 49 6 53 7 75 63 33 50 5 20 21 36 34 55 31 27 29 73 10 8 9 22 18 71 69 40 45 11 72
    45 57 62 70 23 36 43 59 8 25 4 49 6 65 55 46 39 3 37 30 17 56 60 20 27 41 50 42 73 58 13 29 19 74 15 48 33 44 12 22 1 28 67 21 40 51 18 26 10 38 2 5 53 72 7 11 75 9 63 34 35 32 16 71 14 47 31 69 24 66 68 61 76 54 52 64
    14 46 76 43 7 31 66 23 60 52 58 40 61 73 51 63 39 64 34 17 67 10 69 3 68 19 75 50 35 57 1 4 9 30 29 21 18 55 74 59 28 6 24 36 22 25 15 38 42 37 65 8 20 48 72 53 44 12 41 70 16 27 71 54 47 32 26 56 33 13 45 49 5 62 11 2
    59 5 28 37 47 21 11 25 72 20 12 40 76 62 16 22 1 31 56 46 71 70 24 57 60 6 19 69 68 42 74 48 7 8 41 63 17 55 27 14 61 65 43 2 4 13 64 52 75 39 38 10 53 9 73 23 30 18 3 35 34 45 32 54 50 33 51 58 49 15 44 67 26 29 66 36
    56 27 50 53 25 57 12 2 31 75 37 67 71 66 54 59 73 61 7 17 62 70 65 4 55 5 21 16 43 64 8 28 72 3 15 14 63 36 49 23 22 13 42 45 34 60 19 76 11 10 68 6 46 39 32 29 52 48 33 20 35 41 58 74 38 40 18 47 9 44 26 24 51 30 69 1
    67 64 5 35 3 44 60 4 51 69 72 10 49 73 19 23 12 29 70 66 52 76 61 14 37 54 28 74 42 41 16 38 59 7 11 71 57 46 31 26 34 58 36 53 45 39 27 33 40 20 75 8 68 24 55 47 9 21 2 43 56 25 13 32 30 62 15 17 22 63 48 50 65 6 18 1
    40 55 59 69 8 7 43 63 24 36 29 1 54 22 45 39 12 46 75 26 25 70 28 52 30 20 62 44 51 3 32 35 56 76 66 5 6 73 41 18 11 2 71 65 53 16 23 67 48 47 21 74 19 61 33 17 49 13 72 4 64 58 27 9 10 57 42 31 60 15 50 14 38 68 37 34
    26 56 8 67 29 2 24 36 47 44 22 40 10 23 20 1 30 14 18 75 72 45 61 65 55 74 13 35 33 12 48 73 37 42 32 4 68 53 9 52 38 19 6 41 49 66 25 34 63 39 31 57 76 46 28 71 7 50 3 70 27 59 21 64 51 16 69 60 43 17 54 15 11 58 5 62
    35 32 8 7 76 59 25 34 10 55 71 38 69 24 49 54 60 17 12 56 14 1 75 43 33 74 2 13 52 30 62 21 39 22 20 50 40 19 36 53 61 27 28 63 11 29 46 37 51 3 31 48 57 47 67 68 72 70 64 23 18 26 45 16 6 41 9 4 15 65 66 73 42 58 5 44
    71 16 11 20 17 23 38 49 69 74 66 21 68 27 75 7 13 10 53 34 37 67 18 8 39 63 55 29 61 30 15 51 33 46 24 9 64 6 31 72 50 60 62 4 32 26 73 44 19 52 59 1 57 48 12 3 41 35 54 65 22 58 14 47 56 70 43 28 36 40 5 76 45 2 42 25
    64 63 27 45 54 22 62 11 15 35 67 9 69 17 61 23 26 57 12 71 6 33 13 44 5 72 74 42 16 2 25 37 30 32 7 29 76 3 56 19 46 36 66 24 60 51 28 18 70 58 53 75 55 21 38 59 50 47 52 20 10 40 4 48 68 14 8 1 31 39 43 49 65 73 34 41
    44 24 22 43 26 65 10 76 18 21 61 50 7 66 29 17 28 48 71 49 51 68 42 3 62 70 16 46 63 75 1 12 74 53 5 72 25 69 35 52 11 67 6 19 55 37 57 36 23 39 32 27 34 73 9 41 38 45 60 54 58 15 4 31 30 40 47 20 13 33 2 59 8 14 64 56
    38 35 20 26 72 41 27 23 42 19 53 67 43 16 66 5 64 59 68 40 21 25 54 14 4 75 71 39 13 76 44 12 65 60 36 15 7 70 28 37 22 8 51 31 62 69 2 58 56 63 30 11 34 1 46 47 29 9 32 33 74 73 6 24 3 18 10 57 17 50 55 49 45 52 61 48
    24 3 44 73 49 47 63 54 7 45 76 65 20 75 55 25 36 56 69 19 11 57 60 8 21 58 46 42 27 71 10 67 66 43 22 38 18 28 39 33 32 5 52 35 2 64 26 16 74 72 17 4 53 23 41 12 40 1 14 50 9 62 61 37 6 31 51 34 59 70 15 68 30 29 48 13
    51 52 10 4 30 55 28 2 70 3 46 27 29 62 50 5 24 59 16 1 40 38 43 7 74 18 41 8 33 31 75 72 14 67 6 39 73 19 42 63 71 11 20 68 66 35 12 9 44 15 13 45 32 69 37 60 76 17 34 22 56 64 47 61 36 48 57 21 65 53 58 54 26 49 25 23
    62 16 43 60 5 1 4 71 18 35 29 31 25 75 20 74 26 22 27 55 3 30 47 24 15 10 33 41 23 34 40 76 7 32 17 6 58 63 54 49 64 53 70 11 66 69 65 13 52 2 73 14 39 42 50 9 28 48 51 72 46 12 37 19 8 67 21 57 45 68 56 38 36 44 61 59
    68 9 30 76 35 33 57 5 34 55 71 50 3 47 23 25 60 28 26 69 22 67 24 39 12 45 65 16 73 15 29 40 19 2 49 11 63 52 10 20 17 8 75 14 18 31 48 70 44 4 59 66 42 41 37 43 46 56 6 74 61 27 32 7 13 1 62 21 51 38 72 64 36 58 54 53
    61 19 52 3 41 42 10 9 1 58 49 34 26 27 15 66 60 74 48 45 11 76 6 35 21 69 16 40 53 18 59 57 68 71 39 17 14 2 22 64 31 75 46 43 37 4 50 29 55 63 70 8 28 23 25 47 62 33 5 12 65 73 36 38 32 67 72 56 7 30 20 24 44 51 13 54
    1 4 54 30 44 59 73 38 24 16 46 53 31 55 57 23 21 61 15 58 72 25 35 40 29 10 56 14 20 48 36 60 76 17 5 47 64 11 45 12 67 63 52 74 13 32 51 28 42 33 19 69 9 41 66 2 39 75 49 37 34 50 43 71 70 22 7 8 26 6 68 62 27 65 18 3
    23 37 53 28 60 47 12 49 69 62 29 63 76 48 74 57 10 2 71 14 31 40 33 34 59 50 18 19 38 55 11 15 30 72 4 75 64 13 9 65 24 6 36 44 22 66 17 45 68 21 35 43 1 39 32 67 16 58 70 27 26 41 51 46 25 56 5 54 52 20 42 3 73 7 8 61
    22 66 21 41 19 69 43 2 1 61 18 28 12 64 13 23 62 29 59 65 24 49 17 75 5 40 73 51 35 68 16 11 53 34 60 25 47 46 26 8 45 7 71 55 52 72 36 4 50 3 39 74 20 42 6 54 30 15 9 44 76 63 14 31 70 37 38 27 56 57 33 48 58 67 10 32
    69 49 22 45 26 76 43 60 2 39 55 48 63 64 65 4 59 29 40 42 17 67 11 35 15 27 38 14 25 61 66 18 36 70 73 28 74 54 62 34 72 16 47 52 8 56 44 57 50 3 58 9 71 51 5 37 20 53 46 31 30 75 24 32 6 13 68 10 41 33 7 21 23 12 1 19
    71 60 6 2 37 54 40 14 57 25 24 4 18 67 13 35 36 1 41 16 30 27 73 42 10 22 50 7 76 63 75 46 47 59 72 34 3 5 61 53 55 68 51 43 44 33 8 23 56 64 48 65 11 21 28 15 62 49 9 66 19 52 12 20 58 70 39 38 74 31 17 69 45 32 29 26
    64 49 73 66 54 19 55 75 30 10 5 12 4 11 45 23 25 57 51 17 27 44 26 14 32 34 15 76 40 62 56 48 65 38 63 46 42 58 41 59 50 52 35 2 1 18 61 74 69 8 6 31 28 21 39 37 71 7 70 22 36 29 60 67 53 72 13 47 20 68 33 3 16 43 24 9
    46 74 25 67 4 49 53 60 56 10 59 32 42 33 23 17 70 61 7 19 11 43 22 27 12 28 9 13 73 6 36 34 51 39 57 71 45 2 69 5 54 20 68 64 30 58 21 75 55 15 47 44 29 16 62 35 65 41 63 38 37 3 76 26 40 50 14 48 24 31 1 52 72 18 8 66
    41 59 50 52 76 37 38 68 57 71 65 14 70 48 58 9 18 39 33 60 75 27 25 19 17 7 29 5 40 28 21 2 69 74 20 13 51 54 12 24 45 62 6 10 55 15 34 43 30 72 3 23 31 66 56 61 67 73 8 26 63 16 64 32 11 47 44 4 53 42 35 46 22 36 1 49
    12 11 66 6 36 44 8 33 71 63 31 34 58 72 2 45 73 64 27 47 68 76 30 28 24 9 17 75 18 48 70 67 26 61 16 5 39 15 49 55 13 56 62 53 32 35 29 14 57 51 22 19 74 3 60 50 38 37 20 1 54 10 25 43 21 41 40 46 52 69 42 4 65 59 7 23
    24 16 74 8 42 52 12 22 54 72 14 1 7 31 3 30 51 15 35 25 56 26 46 21 5 62 41 6 44 70 10 9 64 19 68 27 73 58 33 75 63 71 65 37 55 61 76 60 32 36 43 66 20 34 28 18 38 69 57 67 40 4 39 59 53 17 11 47 50 13 29 48 49 2 45 23
    21 30 19 61 27 25 17 29 3 46 57 49 44 14 53 8 65 67 23 41 36 43 39 28 1 35 42 58 70 45 40 38 63 9 33 11 50 64 68 18 47 69 76 60 72 54 15 66 6 22 12 4 24 26 74 10 16 20 52 56 71 7 59 48 75 5 73 32 55 13 2 62 34 37 31 51
    25 1 10 3 41 35 32 44 23 27 12 54 34 19 37 13 76 8 58 61 11 31 67 50 59 69 45 9 30 6 55 57 33 56 73 72 38 28 40 17 70 74 18 43 65 52 21 64 48 53 62 22 46 29 7 39 20 68 60 71 36 47 26 66 75 5 42 16 15 63 4 51 2 24 49 14
    19 23 60 27 46 54 3 56 66 20 7 62 4 52 25 41 24 36 11 64 58 57 32 29 1 6 8 71 31 30 76 74 43 70 55 17 69 47 53 10 37 51 49 63 22 26 15 12 45 40 65 50 61 67 72 48 75 44 2 39 16 18 34 14 68 21 28 5 59 73 42 35 13 38 9 33
    14 28 1 39 53 68 31 16 61 2 59 12 36 76 54 72 33 11 49 29 58 52 74 3 43 25 7 69 46 57 34 45 60 21 10 75 50 9 30 51 32 8 13 5 56 37 48 17 47 71 65 70 4 20 22 6 19 62 35 27 41 18 66 67 23 55 40 63 26 44 73 64 38 15 24 42
    37 62 25 31 9 32 76 50 63 64 1 60 6 19 15 22 17 26 4 75 55 16 47 2 38 45 71 59 23 74 33 13 30 48 68 67 8 28 56 18 49 34 42 3 43 5 51 40 14 58 21 20 73 57 61 29 39 11 70 35 41 69 53 24 12 52 65 36 7 54 46 72 27 44 66 10
    5 29 15 27 11 20 54 64 23 66 25 67 30 17 19 71 7 14 22 3 62 6 53 57 51 75 37 32 55 18 39 58 1 33 68 35 72 2 50 49 21 40 73 60 44 74 52 69 76 10 24 63 38 8 4 16 26 41 13 59 34 28 43 31 70 12 65 47 9 45 36 61 48 42 56 46
    21 20 63 55 10 6 12 16 68 18 42 7 45 2 5 17 15 62 19 35 54 64 40 34 25 28 74 50 9 69 36 72 53 59 4 27 51 76 60 73 3 65 49 33 37 13 38 8 61 31 41 39 43 75 58 57 67 1 24 11 71 47 22 70 46 32 14 48 52 66 26 23 30 44 29 56
    39 34 60 46 10 56 22 58 72 74 4 70 25 52 63 15 36 28 73 33 64 11 51 12 57 71 40 37 35 43 8 68 62 38 50 31 41 45 55 26 27 67 66 48 14 69 18 59 19 61 42 76 16 54 17 44 7 24 3 53 30 23 6 2 29 32 20 49 9 13 21 47 75 5 65 1
    69 17 19 16 57 65 53 62 12 15 75 7 47 1 72 74 10 31 49 44 21 42 8 58 25 38 37 67 3 23 28 60 18 59 55 46 56 39 41 14 70 35 36 71 73 63 33 34 24 5 50 40 64 9 27 32 68 54 26 13 52 6 48 30 4 2 76 66 51 29 45 20 61 22 43 11
    55 5 76 22 56 12 19 1 51 36 68 34 41 40 46 50 25 58 59 66 43 37 35 72 74 73 71 15 39 3 64 30 69 33 24 45 65 75 70 47 67 17 14 21 42 54 29 53 2 52 61 60 28 20 27 8 23 48 7 49 4 32 11 13 9 16 62 38 26 63 57 18 31 6 44 10
    54 61 32 25 8 74 52 9 64 1 51 3 75 36 56 15 43 46 76 72 17 11 21 4 48 34 60 55 5 40 63 59 47 10 23 29 42 7 39 16 20 50 45 66 18 26 14 68 19 57 33 71 30 70 31 49 24 6 67 38 27 58 69 65 37 62 22 28 2 53 73 12 35 41 44 13
    32 57 3 14 71 50 25 42 2 53 76 10 67 33 29 1 16 5 31 51 68 52 7 17 73 30 34 56 11 18 13 47 15 4 62 12 20 9 41 49 75 36 23 28 37 60 19 22 70 8 38 61 72 69 44 64 6 21 40 48 74 54 27 55 65 66 59 58 39 43 45 63 24 26 46 35
    34 27 7 20 75 19 57 28 5 25 29 55 70 31 76 63 17 45 71 40 58 15 23 44 33 62 22 46 3 66 32 48 10 6 39 50 52 30 47 65 38 37 12 67 11 16 26 9 64 74 43 35 24 4 2 73 60 59 13 51 42 18 41 68 36 1 49 8 54 61 53 56 21 14 69 72
    30 27 63 40 7 26 31 5 46 49 21 60 4 66 70 8 6 73 10 12 14 22 50 65 75 1 72 39 29 44 3 55 56 17 54 69 57 59 23 43 62 42 45 38 13 61 18 2 16 71 34 64 32 76 67 9 25 36 20 28 74 53 15 19 41 37 52 35 24 47 11 48 51 58 68 33
    24 52 22 50 18 71 40 75 10 41 63 25 9 6 47 30 72 12 3 62 33 53 49 54 31 43 65 17 35 19 67 27 37 51 23 5 46 68 36 21 60 74 64 38 56 48 55 73 11 15 34 45 61 2 66 26 16 57 14 59 44 42 69 76 58 32 70 1 8 20 4 29 28 39 7 13
    45 48 72 40 1 12 13 22 42 25 18 2 19 52 3 59 60 10 9 27 14 49 71 17 53 75 68 30 37 44 23 74 54 26 76 32 4 41 58 20 28 38 51 50 66 67 61 34 33 15 16 57 46 21 65 47 31 24 35 62 70 73 29 36 39 6 63 43 69 55 11 7 5 56 8 64
    69 16 33 39 67 34 2 42 54 64 28 12 4 23 7 6 59 14 26 18 37 24 52 38 53 29 73 27 75 19 21 40 46 25 31 60 5 63 55 20 70 74 45 11 15 13 32 44 41 68 58 17 56 35 50 36 51 10 65 30 76 3 9 71 61 43 1 72 47 48 8 49 57 22 62 66
    30 54 19 8 26 14 32 3 15 44 72 13 64 67 29 73 62 38 43 61 21 60 70 5 10 35 41 16 36 39 37 53 55 4 9 45 49 71 66 74 50 52 20 47 24 22 12 57 58 65 42 31 6 17 2 51 59 18 33 75 40 48 7 68 63 23 11 34 56 46 76 27 69 25 1 28
    62 34 3 27 49 58 63 51 64 16 36 33 52 2 14 38 7 69 48 10 6 20 50 4 15 29 9 13 44 53 40 19 21 18 74 42 71 23 1 66 59 67 61 39 47 73 55 37 11 54 72 46 8 31 35 32 25 68 17 41 26 12 28 43 22 45 24 56 30 5 75 60 57 76 70 65
    43 71 10 61 59 37 57 60 1 29 20 39 62 41 65 21 28 51 36 31 63 3 44 47 17 25 53 76 12 56 55 18 27 54 22 46 33 49 40 11 42 35 75 23 73 38 45 16 58 34 15 70 7 66 14 5 6 69 2 64 50 67 13 52 26 68 19 24 30 74 4 32 9 8 72 48
    7 61 69 19 43 58 71 73 35 47 4 18 68 75 14 55 65 53 21 74 42 49 45 27 22 34 54 48 8 39 62 20 44 56 38 26 24 31 37 59 1 60 32 3 29 2 40 9 30 17 50 6 72 25 23 76 41 28 57 67 36 12 64 13 70 66 11 51 16 5 33 52 63 46 10 15
    8 38 39 63 30 16 11 54 73 42 69 10 14 57 71 32 67 60 45 72 36 48 53 15 28 5 6 47 20 76 9 37 25 66 68 23 56 65 27 62 18 17 59 51 58 43 1 55 41 13 34 2 46 7 75 61 35 44 64 3 74 19 26 31 29 40 12 50 70 4 52 33 49 24 21 22
    47 7 24 23 25 63 26 49 62 37 56 12 61 8 17 41 11 32 68 5 58 19 43 10 14 39 16 73 46 4 21 65 57 75 52 51 13 2 6 18 31 42 70 38 20 30 72 64 45 44 29 40 66 48 3 55 71 69 9 67 22 35 60 15 34 1 54 36 27 74 76 33 50 53 59 28
    56 28 24 19 37 29 51 16 18 52 23 31 8 12 10 72 66 69 39 59 32 13 27 2 26 4 64 47 76 38 67 73 43 22 5 42 9 34 3 44 50 30 33 74 54 62 49 11 40 75 71 70 35 61 63 46 20 48 17 45 7 68 55 21 53 36 41 25 15 6 14 60 57 58 1 65
    39 54 10 38 58 74 26 28 36 17 53 51 8 3 64 72 52 60 49 62 55 57 63 50 33 11 31 13 18 56 37 16 25 70 4 41 40 67 44 12 14 19 61 73 76 75 69 5 15 9 34 22 2 35 65 24 48 46 71 1 27 66 45 59 20 68 29 43 7 32 6 21 42 30 47 23
    6 47 36 32 24 1 33 7 43 19 27 35 39 34 63 9 14 72 64 48 21 40 66 56 73 49 5 65 70 2 46 25 42 4 69 54 8 29 13 59 55 67 10 16 11 28 68 41 45 17 38 44 62 52 50 75 23 12 30 20 58 15 60 74 22 3 26 37 31 57 71 76 18 61 53 51
    33 65 70 58 41 3 67 66 60 37 2 34 55 71 72 17 22 46 16 44 36 24 9 59 51 43 39 23 63 27 15 54 49 75 64 12 57 29 20 45 53 30 50 19 48 40 62 68 7 4 26 10 76 5 42 25 18 1 13 8 14 21 35 73 47 38 56 74 31 28 32 6 69 52 11 61
    8 18 56 62 54 21 24 11 66 25 70 50 12 55 39 52 43 67 49 71 23 13 20 64 34 76 10 73 7 41 2 19 1 69 17 38 60 48 5 26 74 46 4 16 31 42 75 65 57 29 36 45 9 61 47 33 22 44 53 40 63 58 6 15 30 27 3 14 28 59 72 37 51 35 68 32
    19 2 47 16 57 43 23 60 4 26 67 10 63 36 1 28 18 8 31 53 70 62 74 35 59 13 7 54 68 45 58 69 5 52 64 25 76 27 71 20 29 6 38 46 24 34 55 50 15 30 44 9 3 56 33 21 73 65 22 17 12 72 61 32 14 37 51 11 66 41 75 40 39 49 48 42
    34 29 1 23 17 18 51 20 14 3 48 8 35 27 13 52 39 42 47 33 25 67 28 4 38 60 57 68 26 74 7 5 2 55 69 16 37 24 58 54 19 46 71 11 44 75 53 63 50 6 9 30 70 32 76 64 45 59 61 40 15 72 43 49 65 31 10 41 36 12 21 73 56 62 22 66
    56 74 37 58 13 48 34 14 52 55 21 18 66 33 71 65 45 12 30 31 44 2 69 57 32 47 62 70 64 20 15 7 29 38 19 61 54 25 43 22 73 60 17 24 42 72 4 76 41 50 28 6 75 10 36 49 27 46 67 39 3 51 59 16 1 26 11 23 63 40 8 5 53 68 9 35
    37 32 24 69 33 16 19 57 42 23 48 2 34 30 11 22 76 1 18 66 63 20 38 70 61 5 50 15 52 71 29 6 54 45 41 47 65 53 72 10 35 44 49 12 73 21 46 62 60 39 68 36 7 55 75 58 9 8 13 74 26 64 40 17 59 3 14 56 27 25 4 28 31 67 43 51
    7 67 70 52 23 51 33 34 38 13 17 46 54 4 14 32 16 47 36 31 60 53 71 76 50 63 72 24 39 57 5 66 42 28 68 35 69 19 20 3 48 12 40 74 25 15 59 1 41 2 27 26 56 58 18 30 61 64 49 65 37 29 62 9 45 22 6 10 11 55 8 21 73 75 44 43
    63 69 64 75 12 56 43 49 46 18 67 29 27 16 10 5 14 60 38 28 3 66 34 76 47 73 4 21 37 6 74 40 59 22 11 24 19 57 45 17 26 51 15 48 54 1 2 30 8 41 32 61 25 62 9 42 65 58 44 55 72 53 20 7 52 70 39 23 71 50 35 36 13 68 31 33
    3 47 2 63 52 66 16 55 40 23 1 14 48 69 10 17 15 65 38 22 26 44 41 51 34 5 49 36 35 54 11 56 76 18 6 62 20 7 21 27 61 75 4 53 12 33 37 46 74 9 8 28 24 25 19 31 42 71 32 50 70 58 64 39 67 73 45 29 13 72 60 30 43 59 68 57
    67 20 60 42 30 38 49 59 61 75 12 9 22 53 2 65 33 41 58 28 17 13 73 44 10 15 6 27 57 45 25 11 36 71 55 3 76 50 72 19 32 31 21 7 56 16 63 37 43 26 14 40 29 5 69 48 4 46 8 66 51 68 70 62 52 24 18 35 34 47 23 64 39 74 1 54
    31 30 10 49 6 29 75 43 14 35 2 7 3 27 23 67 38 61 12 56 76 37 40 65 69 9 74 58 70 71 54 15 72 32 26 59 63 42 68 1 21 41 52 18 48 57 64 50 16 53 46 47 73 60 44 5 22 25 17 39 45 33 11 4 62 55 36 13 51 66 20 24 28 34 19 8
    23 49 55 66 3 5 40 13 64 48 26 16 53 68 22 72 30 39 70 62 20 45 18 27 8 7 71 2 69 21 10 51 54 1 65 29 25 60 76 6 41 35 73 36 67 14 33 19 57 24 4 9 75 63 42 59 37 58 28 61 50 12 56 44 32 47 34 43 46 17 74 31 11 52 15 38
    74 5 68 8 66 65 38 36 4 34 30 72 14 13 73 45 56 1 40 55 11 33 58 71 67 18 20 46 6 3 49 28 75 35 50 32 29 42 16 9 24 63 25 61 12 17 31 44 15 22 7 39 69 53 21 27 60 10 64 26 48 59 47 51 54 2 37 23 19 57 52 70 43 41 62 76
    36 66 65 47 15 72 4 67 46 57 76 3 55 45 27 2 71 41 22 40 7 21 23 20 69 49 18 11 75 62 48 28 35 42 63 29 58 10 70 54 68 43 12 8 56 52 9 17 26 19 5 25 1 31 14 60 73 33 32 50 34 44 6 51 74 16 39 59 38 30 64 53 61 13 24 37
    58 56 27 9 43 11 10 12 72 55 14 39 29 66 69 19 62 47 3 21 49 64 45 13 75 48 63 20 28 2 8 25 60 57 59 34 33 73 17 5 18 52 67 71 42 24 15 50 44 31 41 74 22 51 65 68 23 1 61 4 6 37 70 32 35 7 26 30 54 53 16 76 40 36 46 38
    54 3 22 1 56 9 16 70 40 4 69 38 53 14 23 65 13 66 11 30 49 12 75 5 29 60 44 15 73 24 32 17 57 26 76 64 42 43 55 62 35 34 2 47 51 71 33 7 41 50 39 46 48 45 27 21 28 36 18 72 37 6 67 8 59 61 52 20 19 68 74 31 25 63 10 58
    40 14 3 4 70 76 56 61 31 45 69 1 48 12 62 16 74 37 29 30 6 21 72 24 49 35 20 8 17 65 2 64 9 25 19 7 55 33 13 63 43 23 71 38 52 57 11 15 54 34 18 26 66 42 27 67 39 10 53 59 51 22 28 44 60 32 50 47 68 75 46 36 5 73 41 58
    7 69 34 46 42 75 74 6 68 32 14 71 58 28 24 43 4 49 22 26 13 31 48 70 47 15 9 3 41 72 2 64 27 73 19 54 63 76 25 36 18 12 30 37 56 61 62 52 17 33 57 55 66 44 67 8 10 51 21 50 39 23 35 29 16 45 53 38 40 11 1 20 60 59 65 5
    45 70 63 8 59 32 37 42 14 43 3 56 60 73 29 48 5 21 2 13 71 31 75 23 9 4 39 61 24 40 69 36 26 57 33 46 47 51 27 6 44 22 34 66 30 19 15 18 67 58 7 76 17 65 62 52 38 16 35 72 28 74 55 11 41 12 1 10 53 54 25 68 49 64 50 20

