77

    16 63 22 59 66 50 47 13 62 14 4 35 37 52 60 58 45 31 68 9 18 29 17 23 51 74 7 27 73 40 26 21 11 41 6 10 67 65 48 1 39 42 44 30 55 46 54 3 25 71 69 70 56 20 8 24 43 34 12 15 77 72 36 49 32 19 61 57 5 76 33 64 53 28 2 38 75
    38 3 42 50 24 66 13 52 10 70 21 29 6 53 35 48 49 8 15 46 68 71 56 36 44 7 57 73 54 28 26 72 16 77 4 9 20 47 33 27 19 64 65 43 69 5 31 30 40 18 34 51 45 55 22 23 2 39 1 14 63 41 25 61 74 60 76 62 58 17 59 67 12 75 32 11 37
    34 70 36 41 46 11 9 12 77 66 10 1 45 13 50 74 40 75 25 54 65 14 20 57 42 21 56 76 19 68 29 48 27 3 55 52 59 51 63 67 32 58 71 23 39 15 69 43 30 60 38 31 6 17 72 61 44 26 49 18 22 35 53 64 28 2 4 33 47 73 7 16 24 62 8 5 37
    5 34 42 45 9 16 31 2 50 51 39 13 72 44 76 29 26 62 24 53 77 59 21 49 47 35 61 1 66 23 69 32 74 58 52 27 19 30 28 75 55 17 71 68 73 11 64 36 46 6 25 33 4 65 40 70 22 67 41 63 8 12 57 14 10 7 18 38 15 20 3 60 43 37 48 56 54
    57 15 2 26 60 61 30 43 1 66 9 42 50 29 46 74 10 16 27 69 55 76 32 33 5 56 64 39 34 22 21 40 4 62 23 6 28 65 44 18 67 73 45 53 8 38 58 72 20 19 31 68 71 52 70 11 49 37 77 17 36 51 35 14 48 54 47 7 75 24 63 41 25 59 13 3 12
    31 24 25 57 67 43 41 69 76 16 75 7 37 26 63 14 49 13 39 22 15 18 36 9 71 30 61 5 38 64 62 2 68 52 4 35 44 46 17 12 56 51 47 21 40 74 60 34 55 20 32 77 23 58 45 70 53 10 27 73 50 29 28 42 1 65 19 66 8 33 54 3 72 59 6 11 48
    38 14 20 59 35 11 63 21 56 77 31 3 30 68 42 46 7 13 22 37 62 74 15 47 66 34 71 5 9 41 40 26 6 28 39 53 57 33 51 64 10 17 55 60 1 19 8 48 45 27 4 29 16 24 2 72 18 25 44 58 65 73 52 32 12 54 61 76 67 23 49 70 69 50 75 36 43
    59 42 64 8 14 28 36 25 2 53 77 46 40 23 29 49 48 15 65 13 69 33 60 21 54 66 10 9 73 16 41 47 43 30 71 12 55 27 7 62 56 22 26 11 37 74 52 58 75 68 63 70 24 20 39 50 31 34 44 61 57 72 18 76 1 5 51 17 3 45 4 32 67 38 35 19 6
    54 25 41 58 55 46 30 63 43 9 36 77 47 12 14 3 32 6 5 61 27 76 23 11 21 24 42 65 28 48 20 60 71 33 45 44 38 15 22 10 64 40 39 34 17 37 69 8 67 35 56 62 26 75 57 74 18 49 13 50 19 51 2 53 7 72 31 52 66 59 1 73 68 70 4 29 16
    69 9 38 25 48 30 21 39 50 57 17 62 58 61 31 4 13 14 33 41 52 74 49 6 35 71 24 8 63 46 66 45 64 19 70 51 18 54 5 27 22 12 34 11 23 44 16 26 42 73 53 20 68 10 72 36 1 59 40 47 77 2 67 60 29 43 55 7 15 32 3 76 56 65 28 75 37
    56 53 59 20 46 43 42 73 74 37 24 63 44 8 26 28 22 10 38 72 66 4 70 55 6 62 69 58 1 30 41 36 51 12 33 50 34 35 15 14 3 5 9 77 21 25 76 65 23 31 67 2 13 49 75 45 40 71 27 47 39 18 11 64 52 29 57 54 68 17 32 7 61 48 16 19 60
    19 62 28 10 47 51 61 46 55 52 68 41 16 13 49 69 11 63 44 36 58 18 34 29 42 26 54 21 9 5 15 1 57 6 75 30 77 33 12 3 38 23 14 40 2 70 39 7 50 24 74 35 37 66 31 22 53 45 8 17 60 4 67 76 56 32 48 27 65 25 64 20 72 73 59 71 43
    75 28 56 13 6 46 61 38 12 65 72 18 3 29 69 77 14 76 19 24 9 1 16 36 66 60 50 32 4 57 63 39 45 23 30 25 33 31 64 34 43 55 17 44 22 11 54 8 42 41 15 70 52 40 62 47 20 27 26 49 10 59 2 73 51 5 74 68 21 35 67 7 71 37 53 48 58
    62 39 10 12 58 31 49 76 65 35 6 48 1 47 75 55 2 29 16 33 18 43 60 54 44 40 46 5 28 27 22 77 24 19 57 8 26 13 69 61 59 25 4 34 71 30 17 42 32 7 67 53 9 51 66 37 36 21 74 45 50 68 23 56 63 41 15 70 38 72 73 20 52 11 3 64 14
    39 4 12 77 14 27 50 19 56 53 54 23 37 2 40 7 33 8 74 43 63 38 47 17 44 76 5 64 36 62 75 25 65 31 20 28 67 22 48 6 71 34 52 61 68 10 30 70 3 72 15 29 57 49 42 73 59 26 21 9 46 16 69 24 58 18 41 13 55 11 60 45 66 35 1 32 51
    73 26 61 8 36 21 33 27 63 59 13 48 24 41 19 65 56 11 25 75 70 9 15 12 18 1 10 44 58 3 45 76 39 30 16 60 46 54 35 23 40 62 5 7 66 52 6 50 49 64 53 51 72 43 37 2 68 55 17 34 69 4 29 67 32 57 14 77 74 71 28 22 31 20 47 42 38
    73 5 3 11 24 54 49 2 55 72 76 30 6 16 74 14 48 75 31 59 64 12 7 18 37 63 51 15 8 4 61 52 42 33 70 28 43 35 40 69 46 36 65 29 56 19 38 71 67 34 32 27 47 1 60 23 45 57 26 20 9 77 53 41 21 17 25 44 68 22 62 39 13 10 58 66 50
    34 53 14 74 70 51 23 25 62 3 9 76 63 5 67 49 44 42 17 52 32 47 20 15 8 48 31 55 60 38 26 41 39 16 12 65 6 36 13 18 77 54 2 28 64 73 45 46 11 75 50 37 59 24 72 1 58 19 33 61 21 30 27 66 35 56 57 22 4 7 40 69 68 43 10 71 29
    5 45 32 25 30 75 1 63 19 60 47 23 38 22 36 58 72 43 71 48 11 29 31 3 64 6 74 66 16 69 37 12 35 8 73 46 39 2 68 76 40 17 33 7 44 62 28 56 15 57 52 49 21 67 53 20 13 14 70 10 41 54 77 24 61 26 50 27 9 34 18 42 51 59 4 65 55
    3 34 33 14 29 30 50 36 57 46 77 65 43 16 20 6 21 54 31 67 58 25 19 42 44 59 53 7 62 73 75 74 28 1 15 12 55 40 72 66 49 39 13 69 52 38 71 70 63 24 41 8 4 17 51 68 26 22 5 61 56 11 32 23 2 9 37 76 18 64 10 60 48 27 45 35 47
    41 22 24 50 36 74 1 44 53 12 23 11 43 71 16 25 7 70 62 67 2 63 68 58 77 69 55 39 6 9 54 13 28 57 42 45 31 56 3 5 65 32 30 8 18 49 21 46 61 17 29 66 26 73 75 4 64 34 40 14 20 47 15 59 72 37 51 19 10 48 60 35 38 52 76 33 27
    55 19 38 44 21 73 67 32 29 65 35 71 59 68 51 56 57 36 66 61 53 24 6 74 26 27 12 58 4 43 15 40 10 13 42 25 54 22 20 47 17 63 49 30 45 77 46 14 50 34 39 3 5 62 8 28 23 18 48 33 41 9 31 37 72 7 2 11 70 52 16 75 1 60 76 69 64
    32 21 75 37 27 16 56 9 22 59 36 6 31 3 18 46 10 55 63 20 25 51 52 14 74 38 76 24 49 4 68 43 34 30 73 57 29 45 66 23 11 33 50 28 69 67 42 13 60 48 19 26 7 35 44 47 65 5 53 70 58 8 15 72 2 77 41 54 71 40 17 64 61 62 1 39 12
    40 9 76 54 65 71 61 55 56 36 6 8 1 43 68 10 3 49 28 4 75 38 27 20 60 15 29 11 70 12 69 7 58 63 52 39 21 24 74 13 2 23 48 44 45 67 77 62 64 50 51 53 72 42 34 73 14 47 5 30 33 46 25 41 26 17 31 19 32 66 22 16 57 18 59 37 35
    39 29 76 61 10 18 24 12 62 9 25 6 27 73 23 64 70 4 1 35 77 34 71 56 43 40 22 20 7 42 13 38 5 65 21 58 57 45 36 32 75 55 72 44 69 54 51 66 17 46 11 48 15 41 14 49 19 63 59 60 74 8 33 67 47 37 28 31 68 26 50 2 52 53 30 16 3
    66 15 20 75 21 54 69 44 23 14 22 56 39 17 67 58 2 18 51 5 25 57 6 48 72 13 73 36 62 24 19 7 42 70 49 41 63 33 27 60 10 53 26 12 35 64 43 4 38 65 32 74 9 45 46 37 11 31 16 50 34 68 28 61 3 77 30 29 8 1 71 59 40 47 55 52 76
    22 19 10 34 60 45 72 77 67 56 63 11 50 68 33 44 73 58 47 18 14 12 69 70 74 41 5 2 25 28 26 42 24 20 48 13 52 36 23 76 61 37 55 64 39 35 62 8 59 49 6 1 38 65 40 3 51 53 32 27 15 71 43 17 9 54 57 30 16 46 29 4 21 75 66 7 31
    42 56 52 19 39 7 50 48 25 21 1 35 74 57 40 17 23 75 77 37 13 69 24 18 34 73 33 64 43 38 44 71 53 3 14 61 59 60 54 65 63 2 11 27 66 28 32 58 22 45 5 10 8 29 20 30 55 31 9 76 6 26 49 15 67 46 4 62 47 70 36 41 16 12 51 72 68
    60 70 75 48 29 40 13 21 58 1 53 44 52 9 36 24 30 19 68 64 38 63 67 37 43 42 57 14 49 41 26 28 33 45 3 39 12 54 7 25 71 34 55 27 51 62 6 8 59 65 35 72 10 46 77 50 15 73 11 20 2 31 4 17 23 56 66 18 22 61 74 32 47 5 69 16 76
    18 43 40 75 10 31 32 42 57 4 65 49 3 29 74 46 58 53 24 34 38 17 62 41 7 67 6 63 71 60 26 39 54 22 61 70 33 73 37 59 50 23 13 45 21 12 14 47 5 35 69 44 51 1 36 15 30 20 55 64 19 11 72 77 52 66 28 9 27 2 56 68 25 76 16 48 8
    29 1 35 16 71 62 70 25 43 77 9 34 13 14 20 63 3 7 75 54 45 59 11 22 37 53 76 52 67 27 31 69 74 58 57 33 15 51 21 8 28 30 40 2 61 24 47 5 49 55 26 32 12 39 56 18 66 68 42 72 48 23 50 44 73 17 36 38 6 10 46 64 65 41 19 4 60
    16 37 17 8 46 28 21 4 66 61 6 14 30 67 54 45 68 53 72 77 7 51 12 5 59 40 75 3 44 19 26 29 48 34 1 71 27 42 9 13 31 49 62 36 74 24 39 23 35 60 2 22 76 65 47 55 10 38 63 20 56 50 58 41 43 73 70 57 69 15 52 11 18 32 33 64 25
    54 46 56 48 52 7 36 68 60 59 41 4 72 73 77 10 17 65 26 22 25 71 23 16 69 63 76 75 3 31 58 11 74 19 61 51 1 50 66 27 35 21 49 67 43 5 18 20 24 70 28 40 13 15 32 42 44 64 39 2 45 12 33 37 30 6 34 38 9 29 8 62 47 14 57 55 53
    9 42 39 23 66 43 24 70 30 20 4 7 33 54 37 65 68 11 55 76 56 45 16 31 1 48 19 72 6 12 53 41 71 13 18 21 67 34 51 59 29 52 73 50 49 28 47 46 27 10 26 64 61 14 35 75 62 2 44 36 60 69 3 77 5 8 17 25 22 74 38 40 58 63 32 57 15
    74 4 53 68 2 5 20 33 22 52 65 58 12 41 28 55 57 27 62 61 59 14 23 44 40 66 76 50 39 34 1 15 72 18 42 21 45 30 64 70 8 26 16 46 9 19 75 3 31 49 63 7 17 11 36 25 77 35 10 38 48 43 29 60 73 56 24 51 47 37 32 69 71 67 13 54 6
    17 59 45 51 49 63 9 48 21 42 37 6 57 3 13 47 4 70 2 41 65 31 28 34 67 68 56 72 1 39 18 5 14 76 44 23 61 8 69 58 77 38 66 40 11 33 24 43 53 75 26 52 74 60 55 25 73 19 10 29 46 15 71 50 12 7 35 22 32 62 27 54 30 16 64 20 36
    38 62 19 47 27 60 24 18 52 48 61 22 31 42 6 59 26 44 50 69 57 51 36 8 64 41 68 13 21 16 65 10 4 54 76 72 23 34 37 11 71 20 32 2 43 46 15 58 7 28 53 67 17 45 35 5 77 1 9 73 40 70 3 33 55 49 75 56 30 14 12 39 29 66 25 74 63
    71 70 7 20 2 26 69 13 29 60 37 53 48 6 52 65 56 45 10 43 50 36 41 47 72 40 49 54 11 75 66 44 4 32 30 55 19 57 21 51 39 64 1 3 31 23 28 25 67 77 16 22 34 24 59 74 18 14 9 46 58 38 73 15 35 61 76 33 68 12 27 63 17 5 42 62 8
    70 43 9 57 59 14 49 23 11 33 69 17 6 1 54 45 24 55 77 8 21 56 25 75 29 58 40 48 51 32 65 52 62 66 28 35 38 61 53 72 10 50 16 19 2 37 67 63 26 31 4 30 68 71 18 64 34 36 15 60 41 13 5 39 22 12 76 46 42 3 7 44 27 47 73 20 74
    37 36 25 68 49 77 53 32 54 22 12 3 14 64 39 72 17 29 51 46 58 13 34 8 67 16 71 6 62 26 47 59 42 63 52 55 56 1 65 41 9 24 31 50 2 10 30 75 4 19 21 35 44 76 18 57 45 27 61 33 70 20 23 43 73 38 40 66 48 74 15 5 11 69 60 28 7
    21 76 26 72 67 32 22 43 75 7 70 6 34 60 69 37 19 30 5 45 14 1 74 53 64 12 29 66 36 11 58 77 59 73 31 2 28 61 20 56 38 48 27 57 52 10 51 24 15 62 40 25 47 13 65 55 41 16 68 33 8 39 18 54 42 35 44 71 3 17 9 23 46 63 49 50 4
    31 38 46 28 57 36 27 11 19 29 74 58 16 40 22 32 24 55 54 43 20 72 10 73 35 12 41 49 67 70 48 64 68 18 7 51 6 69 50 30 21 62 77 42 2 9 34 44 75 3 52 63 25 37 5 76 59 33 39 47 60 26 15 23 14 61 17 53 56 4 65 1 71 66 13 8 45
    75 3 53 12 39 54 38 73 11 67 61 41 63 40 58 57 48 5 29 51 32 37 16 14 26 45 72 47 35 65 71 55 8 66 15 28 10 22 1 68 59 44 2 25 52 20 31 46 23 76 24 17 42 19 36 43 6 33 18 74 70 56 34 60 7 4 50 77 9 69 49 27 62 30 13 21 64
    51 11 63 61 47 41 38 18 53 5 24 2 31 39 23 44 77 28 20 29 72 69 54 66 75 59 71 12 6 30 32 4 14 13 70 3 60 68 35 65 26 50 9 42 46 34 36 1 19 55 64 21 33 15 22 7 43 27 57 52 48 62 58 74 67 8 25 45 17 76 73 40 56 16 37 49 10
    23 43 59 62 52 7 67 2 12 51 29 9 1 77 22 47 21 11 38 70 3 4 57 75 17 39 32 64 41 50 13 31 35 6 55 20 5 72 63 68 24 15 30 53 65 69 33 58 16 40 45 36 54 49 10 76 8 18 66 28 56 60 71 42 61 19 37 27 74 48 26 25 73 34 14 46 44
    61 46 9 22 71 65 4 48 45 70 68 75 66 17 10 58 1 20 41 15 60 34 40 76 8 50 33 11 12 23 5 14 31 16 72 37 43 64 29 38 73 36 6 51 47 28 62 32 74 26 54 49 59 18 77 25 13 3 24 35 27 63 67 21 56 30 2 44 57 52 7 19 42 53 69 39 55
    53 12 29 23 31 58 28 65 50 56 54 4 17 11 46 19 74 72 37 64 73 70 13 44 49 43 34 20 16 41 71 66 24 63 15 26 22 59 40 33 45 35 69 52 32 21 48 61 55 75 1 5 39 57 62 51 25 36 76 42 3 68 14 18 47 8 67 6 9 2 10 60 30 77 38 27 7
    58 49 22 47 38 56 67 59 2 5 39 42 25 64 60 50 31 53 69 45 43 17 44 37 61 9 46 66 75 16 62 40 72 26 54 24 27 55 3 21 36 77 4 73 29 11 41 33 71 18 70 7 68 63 13 48 76 12 51 10 30 34 65 23 14 19 1 57 28 20 35 32 8 52 6 74 15
    4 40 65 49 46 26 52 15 73 68 30 54 5 72 35 48 62 61 51 3 22 14 10 47 59 64 2 32 25 41 39 11 16 57 53 56 18 1 76 67 6 58 21 9 27 45 24 70 36 37 33 71 34 60 19 23 63 38 55 43 75 69 42 8 28 66 31 13 50 12 17 20 7 44 74 77 29
    40 66 5 32 36 52 33 27 29 61 21 70 6 24 35 26 7 53 23 50 18 55 60 8 30 64 45 9 11 69 76 44 71 58 59 62 75 77 14 4 22 16 46 43 65 56 63 74 12 25 13 38 73 41 54 1 19 31 17 42 51 2 47 72 49 67 39 3 20 37 34 57 10 48 68 28 15
    13 53 35 38 71 27 32 14 70 67 41 24 23 30 52 49 34 28 56 18 3 36 26 11 48 4 61 9 7 21 39 57 75 65 29 43 16 55 42 64 2 74 77 37 1 58 33 54 46 66 45 31 50 73 17 20 6 44 12 22 8 10 51 69 40 25 68 72 76 5 15 60 59 19 63 62 47
    55 63 33 61 14 31 8 9 25 10 35 37 34 58 62 16 2 57 38 71 52 29 20 59 68 54 56 76 1 13 11 4 5 23 21 60 12 69 65 48 70 44 26 3 73 50 19 75 7 22 45 51 46 64 42 18 24 53 72 36 66 32 67 30 77 43 47 41 17 40 49 39 74 6 27 15 28
    69 58 68 6 74 3 15 45 60 10 2 12 11 62 61 35 36 4 28 17 56 57 42 38 23 73 67 24 53 47 66 65 1 21 20 16 75 71 34 9 14 55 18 8 50 33 30 31 29 76 51 77 26 40 52 22 13 72 41 49 37 27 7 64 46 44 25 48 59 54 43 63 19 32 39 70 5
    2 23 62 5 51 8 17 25 63 10 6 34 45 75 77 9 18 30 43 67 11 29 70 4 49 28 64 38 68 22 52 35 60 39 7 69 74 57 46 66 47 58 20 71 42 24 72 59 56 1 19 40 53 44 37 73 33 54 26 41 36 32 31 48 65 12 55 3 76 21 13 15 27 14 61 50 16
    27 37 54 68 5 19 3 31 65 41 23 42 45 61 40 30 10 60 35 28 62 15 57 38 69 59 48 17 11 6 18 36 55 43 46 56 47 26 50 64 53 77 4 72 66 16 8 21 73 63 75 2 1 39 52 13 20 24 7 76 70 44 34 74 32 22 12 29 14 49 33 25 58 51 71 9 67
    42 70 17 54 73 9 28 67 65 62 21 48 75 10 51 12 23 45 37 13 6 20 43 7 71 58 8 19 24 61 49 30 77 72 5 38 68 46 55 4 11 44 1 3 60 40 32 29 66 56 41 52 22 64 31 76 57 36 33 34 53 63 39 2 18 25 69 47 35 15 50 27 59 14 74 16 26
    41 1 50 55 3 10 69 20 65 7 11 22 13 67 29 37 6 14 68 75 70 4 51 48 30 45 59 9 24 2 16 54 47 46 49 57 66 76 53 40 25 34 15 64 42 74 33 26 62 63 60 61 52 56 38 39 12 71 18 58 31 32 27 35 43 17 23 8 28 72 44 36 77 19 21 73 5
    59 24 72 54 69 38 76 40 42 16 74 2 43 75 49 30 45 21 56 11 35 71 27 23 48 68 3 41 52 22 33 29 12 50 19 26 9 58 28 31 10 44 46 7 39 51 18 17 6 4 8 67 32 64 70 34 61 62 65 77 73 53 55 66 36 60 13 47 25 14 15 57 20 1 63 5 37
    47 3 74 21 2 6 65 41 48 50 52 10 63 42 61 27 75 23 19 49 7 15 60 37 57 68 43 28 51 8 16 40 11 25 22 14 77 67 17 38 73 44 13 69 1 9 4 59 56 71 46 5 30 29 20 70 33 66 64 72 39 45 36 24 55 31 76 54 32 12 26 53 34 62 18 58 35
    16 5 1 55 66 35 18 64 62 41 43 73 21 29 34 2 69 23 72 24 71 59 63 53 4 12 33 31 7 51 45 27 39 54 70 11 32 74 19 20 10 75 58 76 68 13 65 46 42 67 26 57 52 77 47 14 9 28 40 38 37 17 25 60 48 49 3 6 22 61 8 56 15 30 44 36 50
    15 20 45 27 34 67 69 10 33 43 29 36 35 54 46 38 21 61 76 62 14 23 65 68 41 17 2 7 66 39 52 55 11 70 42 53 1 4 25 75 13 5 47 19 58 30 24 37 40 64 57 12 72 44 50 26 6 3 48 31 73 77 59 51 60 9 74 16 71 56 28 32 63 49 18 22 8
    55 51 77 38 15 45 57 43 10 74 20 17 76 42 32 14 4 2 27 37 41 40 64 50 36 65 23 35 11 44 52 8 34 54 9 18 30 68 7 5 67 58 71 62 61 21 31 70 12 72 28 60 73 53 26 13 22 63 6 56 3 59 75 25 39 16 48 29 46 24 33 49 47 69 66 1 19
    5 22 42 27 40 64 75 37 4 72 44 8 55 26 24 65 15 76 43 29 32 25 34 57 38 45 7 69 1 2 39 13 11 41 77 54 62 68 30 53 35 31 21 48 12 52 59 63 71 16 74 61 23 51 50 36 73 56 66 14 49 6 58 70 67 28 18 20 10 19 46 47 17 60 33 9 3
    76 68 39 13 40 46 5 28 61 60 9 47 6 59 77 19 71 75 54 66 16 11 70 63 55 8 65 49 21 56 32 73 37 3 36 7 72 38 42 52 10 74 18 27 57 20 1 2 43 62 67 34 50 14 22 41 53 24 44 35 15 58 30 4 64 48 17 25 29 45 26 69 33 31 23 12 51
    33 4 1 11 16 72 71 14 67 42 44 27 22 59 52 15 68 31 60 61 48 26 28 17 19 58 73 70 45 5 36 21 23 57 64 2 56 77 20 50 32 43 30 9 7 54 10 66 74 51 40 39 62 55 12 3 75 41 34 25 69 76 6 37 13 65 47 35 29 53 18 49 63 24 8 46 38
    63 66 54 57 23 49 67 34 62 76 43 65 29 21 6 64 22 3 39 69 55 52 41 44 42 46 61 16 51 36 60 8 4 10 15 45 73 71 50 38 20 56 33 18 5 28 37 11 32 17 14 30 58 48 70 40 13 7 2 59 68 27 25 74 12 24 53 1 19 75 72 35 77 31 9 47 26
    2 9 53 63 1 43 15 21 5 35 7 8 29 68 66 17 44 11 33 60 77 55 70 76 12 75 72 26 38 46 6 39 40 59 4 18 45 3 41 49 34 10 25 32 61 57 31 50 56 13 58 69 71 54 24 37 62 28 30 73 42 74 22 16 20 47 48 27 23 14 52 51 36 19 65 67 64
    1 46 26 32 71 41 13 17 38 69 37 5 16 55 9 21 47 8 66 40 10 15 24 61 48 72 50 67 74 64 11 52 77 73 42 51 59 62 56 31 12 3 33 43 60 36 45 20 7 44 19 68 27 54 23 14 75 70 2 34 49 57 39 28 22 65 76 29 53 30 25 58 4 6 35 63 18
    53 1 65 30 61 33 58 63 6 42 20 25 64 26 72 9 18 77 37 50 27 12 48 70 2 54 75 76 34 11 68 55 62 41 74 21 14 59 71 32 44 46 19 4 29 3 35 67 47 16 22 5 39 66 17 56 49 7 40 24 45 69 60 8 28 36 10 57 13 51 15 43 52 73 31 23 38
    5 15 42 57 13 2 37 43 64 22 56 33 3 31 60 65 77 24 40 8 47 38 61 74 36 34 53 72 21 54 55 27 62 41 7 69 29 75 4 12 66 26 9 6 18 59 68 17 50 10 23 71 32 49 19 76 25 48 58 39 35 73 16 44 20 63 28 67 46 70 11 30 1 14 45 52 51
    60 32 44 39 28 46 35 17 49 31 7 33 37 58 20 34 76 29 51 52 3 62 9 21 27 24 64 74 50 12 13 63 5 68 47 61 65 26 36 73 22 43 67 55 48 16 6 71 40 4 25 1 23 10 19 38 57 42 54 30 53 8 75 70 11 72 77 2 59 14 56 18 45 66 15 69 41
    53 42 48 16 77 40 68 6 5 29 37 67 23 13 57 14 49 8 46 27 20 26 1 10 38 69 71 76 45 4 72 7 22 47 39 30 36 60 41 58 28 66 74 59 18 64 50 43 21 15 56 12 52 61 24 19 55 75 3 70 2 54 31 33 51 35 63 44 62 65 11 17 34 32 73 25 9
    74 55 70 30 64 7 42 19 51 37 41 12 26 66 71 61 4 33 63 31 9 40 10 27 53 20 21 28 3 11 45 43 32 60 23 65 29 6 35 54 69 16 39 17 75 49 57 13 48 77 59 14 34 62 67 22 2 76 24 56 5 25 68 15 38 18 1 46 47 50 44 73 72 58 8 36 52
    31 13 39 76 68 21 18 36 57 50 44 40 34 51 33 32 1 69 77 45 16 28 43 67 4 70 64 35 7 11 63 59 14 71 65 73 26 20 49 72 66 47 8 54 56 74 6 38 48 27 2 10 29 3 12 75 19 55 52 30 46 22 58 5 37 23 42 24 53 9 15 41 62 17 61 25 60
    46 60 54 50 30 29 9 18 3 73 32 57 31 7 1 55 62 16 44 2 36 42 10 23 17 67 64 70 72 47 59 33 28 22 6 13 69 58 66 25 43 21 61 51 39 19 35 49 41 15 53 8 56 38 12 34 40 71 74 14 75 52 24 26 5 65 76 37 48 63 20 68 77 4 27 45 11
    35 15 5 68 10 40 62 16 72 24 61 69 11 56 54 13 17 75 43 74 19 33 25 18 55 63 60 12 20 37 64 14 65 29 28 7 2 57 45 49 47 71 52 76 51 26 42 3 58 34 77 59 6 32 73 44 39 1 30 70 31 66 9 46 8 53 48 50 22 21 4 38 36 41 67 23 27
    75 24 57 76 27 77 65 43 8 34 53 33 37 64 63 32 39 68 6 44 19 71 16 69 40 23 1 41 29 50 21 72 10 28 20 67 51 13 12 74 45 7 18 17 22 59 31 48 30 56 52 47 49 4 61 3 58 2 26 62 15 55 70 25 66 9 38 54 42 5 46 73 60 35 11 36 14
    38 14 24 43 8 67 49 63 35 19 33 2 4 55 7 16 73 29 11 26 9 75 64 69 12 22 21 57 61 5 44 10 47 50 65 60 48 46 56 23 58 15 52 42 54 1 25 37 70 32 20 41 62 36 40 13 71 6 72 28 51 18 68 3 59 31 39 74 17 77 27 34 30 66 53 76 45
    59 69 22 9 33 32 63 73 72 58 39 75 35 23 49 7 30 60 74 36 15 48 64 1 5 61 4 77 42 62 17 3 76 29 28 19 16 71 52 20 27 54 8 66 55 38 37 11 45 67 14 44 68 51 25 65 21 34 26 70 56 41 6 12 40 57 13 46 47 43 31 24 50 53 2 18 10
    75 59 34 46 66 42 5 54 73 77 47 17 1 35 40 14 37 71 11 25 26 9 19 2 33 45 27 64 41 70 56 16 50 39 3 57 36 51 30 74 6 62 23 12 4 48 58 67 38 32 44 55 65 61 69 31 60 29 13 76 49 8 53 24 68 63 21 28 15 72 20 18 7 43 52 10 22
    4 15 38 24 52 23 77 76 57 34 48 49 33 66 43 55 51 74 18 3 35 73 25 29 45 50 30 60 17 12 26 13 1 37 2 6 63 39 41 71 5 67 47 72 54 10 14 58 31 75 69 68 7 20 19 65 70 8 36 27 42 61 44 59 64 46 56 62 22 21 28 40 32 9 53 16 11
    38 73 72 29 34 41 15 3 53 70 57 9 12 33 30 14 6 26 55 45 7 23 40 61 47 54 51 36 35 52 60 28 68 66 59 11 8 50 44 21 63 13 17 10 67 65 76 27 48 71 22 58 18 62 43 16 24 46 49 20 74 42 77 75 37 1 5 69 2 39 19 31 4 56 32 25 64
    76 45 14 75 62 32 63 35 69 43 26 29 60 10 19 74 41 17 15 48 40 57 68 13 20 3 49 47 8 1 73 56 52 23 37 65 25 28 2 53 27 55 77 71 6 22 36 59 9 38 18 50 54 58 21 31 39 67 42 61 70 64 11 7 51 44 5 4 12 34 66 24 30 33 16 46 72
    60 13 27 65 34 12 23 74 25 4 10 55 38 69 67 73 59 30 58 19 49 14 43 52 57 63 37 64 3 53 76 28 22 68 71 72 9 20 70 29 6 61 77 17 39 40 35 1 36 32 24 51 44 75 47 26 21 8 18 46 15 2 62 45 11 50 41 5 7 56 16 31 33 66 48 42 54
    55 63 71 73 61 43 37 25 41 18 33 77 47 24 7 66 32 52 28 70 6 75 59 68 76 3 23 57 74 60 5 16 53 40 22 36 48 26 31 20 2 10 21 64 38 27 42 65 72 58 50 62 56 19 67 4 9 11 12 69 51 8 49 29 14 34 30 46 45 54 44 1 13 15 39 17 35
    2 65 37 24 38 60 70 36 35 17 32 11 34 57 76 52 39 33 68 50 27 15 12 75 43 77 51 26 3 8 16 21 40 23 19 66 53 72 48 20 64 4 54 74 47 73 63 30 14 28 46 10 5 45 44 55 13 58 69 71 49 59 67 56 29 41 22 1 9 42 25 6 31 62 61 7 18
    77 19 38 9 40 73 60 14 48 32 17 6 28 58 46 24 54 1 27 42 62 23 61 5 44 26 8 10 43 22 74 76 20 64 49 13 47 4 12 63 30 68 53 51 55 71 59 57 56 50 29 52 72 75 2 45 39 41 15 70 37 18 11 67 66 36 16 69 7 35 34 21 33 3 25 65 31
    70 14 73 32 53 46 2 12 50 37 57 17 63 68 51 41 75 55 49 58 28 60 24 74 5 27 9 1 43 29 69 11 31 16 30 44 61 20 35 72 6 15 45 36 3 66 71 7 4 23 52 62 33 21 10 39 19 8 22 25 77 67 59 42 34 48 65 18 26 47 38 64 76 56 40 13 54
    46 67 77 28 6 1 43 71 27 72 37 73 74 41 33 22 8 25 68 35 9 17 44 15 19 21 30 39 7 16 49 64 32 38 13 31 48 12 5 36 69 76 59 56 57 62 42 51 24 60 40 14 52 2 11 53 70 65 18 3 66 29 63 61 58 47 20 45 23 75 54 10 55 4 26 34 50
    73 70 21 54 60 46 52 38 39 43 66 42 27 71 2 10 32 49 61 75 57 62 45 63 37 7 13 67 58 6 35 65 20 36 29 5 1 33 55 41 25 40 74 50 9 53 12 26 3 16 24 34 14 56 64 15 47 51 77 76 22 4 18 8 44 19 69 68 23 11 59 28 72 30 31 17 48
    26 66 70 41 34 17 68 62 33 57 61 69 15 72 20 74 48 31 29 49 54 25 44 64 56 1 43 28 2 60 47 67 40 6 32 22 7 53 19 10 58 77 18 51 45 3 75 12 46 16 76 59 24 38 71 23 35 21 52 11 27 4 30 50 73 13 14 9 55 5 37 65 42 36 63 39 8
    14 63 18 43 69 54 44 7 6 66 57 22 10 34 36 73 37 55 51 67 5 23 24 71 65 40 30 16 42 56 50 72 13 33 39 26 27 46 8 19 12 75 28 62 59 4 77 9 74 58 2 21 53 49 20 52 45 48 41 70 29 61 1 76 60 68 35 17 3 15 32 64 47 38 25 31 11
    30 67 2 9 8 61 60 56 7 70 26 12 19 15 69 51 1 54 4 71 22 50 65 75 16 63 44 36 18 33 31 27 11 24 48 68 5 64 73 14 45 13 76 39 49 28 57 37 35 55 66 41 3 23 21 74 25 29 43 59 46 72 32 47 42 53 52 6 58 38 20 10 17 34 40 62 77
    49 7 75 60 11 35 9 67 63 72 36 64 46 25 29 3 48 74 37 41 18 76 26 73 77 16 6 38 24 27 52 20 34 45 28 47 21 56 50 69 2 17 30 19 42 33 57 32 65 43 22 55 4 51 59 1 71 15 8 31 70 53 12 54 40 23 39 44 14 10 58 61 13 68 62 5 66
    25 40 8 29 44 4 18 74 63 42 65 64 54 75 16 56 68 60 48 62 26 50 17 43 71 13 21 49 12 70 32 28 20 36 33 7 55 11 30 59 51 23 34 76 14 38 67 52 39 3 22 66 46 9 69 41 19 45 27 24 37 31 53 58 1 35 5 77 15 6 72 61 2 47 10 73 57
    35 66 6 21 9 64 34 36 39 57 75 26 41 55 51 10 61 37 76 17 45 20 50 7 58 63 22 2 70 14 62 60 77 18 5 3 16 1 13 56 11 52 72 30 44 25 54 42 46 32 19 74 48 27 49 43 23 53 65 15 69 68 38 47 24 29 28 40 33 59 12 67 8 31 4 73 71
    13 21 2 59 63 20 38 3 27 43 4 58 6 40 28 68 32 70 61 75 1 66 8 25 24 41 37 33 30 7 51 11 48 56 62 46 47 9 36 22 18 64 14 57 10 49 54 12 71 17 5 34 72 50 60 76 39 35 15 23 74 29 55 26 52 42 65 19 31 44 53 73 16 45 77 67 69
    57 68 41 24 35 67 63 39 59 2 9 14 53 8 17 27 66 23 12 32 36 45 6 3 71 31 5 50 40 70 38 22 48 25 34 49 21 60 7 19 30 46 56 10 69 37 77 61 26 42 47 1 28 72 75 58 43 44 74 73 16 55 64 4 13 65 62 54 29 11 33 15 18 52 51 76 20
    39 27 13 37 45 40 18 47 50 73 21 2 59 55 15 67 62 69 76 43 53 75 42 48 77 9 20 5 38 10 26 16 11 25 72 22 29 66 74 12 61 57 46 56 19 51 34 65 7 1 36 58 63 6 31 30 44 41 24 49 4 28 3 68 32 70 71 64 35 8 23 52 33 54 60 17 14
    42 64 41 8 48 75 44 12 62 58 66 22 1 59 54 7 11 6 74 56 4 26 25 3 76 23 72 28 63 33 15 49 65 67 69 55 27 53 57 20 19 50 32 47 35 9 18 52 60 45 68 17 14 39 70 2 5 51 71 40 21 29 77 13 61 24 43 37 73 34 31 38 30 36 16 10 46

