78

    38 71 20 23 70 19 66 27 7 73 62 67 28 53 51 36 26 3 11 17 9 15 52 24 41 16 76 29 56 13 42 46 44 47 77 18 63 43 6 65 58 69 37 1 78 33 32 48 14 22 39 61 12 57 4 75 40 60 25 74 59 10 72 34 50 2 31 8 45 49 55 68 35 5 21 54 30 64
    24 27 3 45 70 68 55 66 16 51 47 21 39 41 33 28 77 40 4 64 12 60 17 50 26 30 57 20 37 78 6 7 9 8 36 2 62 76 38 46 19 18 34 52 43 73 35 13 48 74 67 63 25 54 10 49 31 29 5 71 23 75 32 14 53 22 69 42 59 61 1 72 58 11 56 44 65 15
    45 13 28 14 10 30 41 2 50 26 18 15 49 48 34 60 61 70 33 65 38 56 58 69 71 12 66 21 32 76 27 59 8 77 1 64 39 78 37 52 75 22 44 25 74 42 53 31 47 5 68 55 24 4 7 43 63 9 35 57 46 6 67 36 3 11 20 19 72 40 29 62 17 73 23 16 54 51
    68 73 61 75 5 26 65 54 55 36 37 20 25 33 57 31 66 23 51 40 22 12 62 8 63 18 19 21 72 34 29 48 30 15 49 13 64 27 45 3 71 58 59 39 42 46 78 41 52 76 10 24 4 28 77 1 74 17 14 50 32 2 38 70 7 67 11 9 56 35 47 43 69 6 60 16 44 53
    72 62 60 40 76 48 63 18 6 12 57 1 46 71 49 37 56 69 42 15 10 2 17 64 25 54 21 23 52 51 13 47 16 22 77 45 70 9 32 44 19 26 50 78 58 34 24 29 31 30 66 4 53 39 75 5 33 43 38 73 35 67 27 7 74 14 8 41 55 68 65 3 28 36 61 11 20 59
    17 26 50 34 44 25 30 48 52 60 65 53 10 62 37 43 36 32 12 13 42 14 21 74 11 57 6 7 51 46 68 8 69 16 67 24 56 76 64 38 35 5 9 2 4 3 72 61 31 27 77 63 66 22 78 70 39 58 41 40 1 29 54 73 55 33 75 45 20 59 23 49 15 71 47 28 19 18
    15 59 16 3 17 73 77 75 36 58 29 22 38 72 74 2 39 28 78 51 7 55 13 76 9 68 64 11 56 60 18 27 62 67 8 30 49 10 52 24 1 34 65 33 57 50 71 69 4 19 14 25 41 35 61 48 21 43 5 32 6 70 37 12 42 46 23 20 63 47 40 31 66 54 53 44 45 26
    53 74 47 18 55 44 10 22 40 31 67 66 38 48 8 13 11 57 25 26 32 27 1 20 39 78 21 23 43 63 64 59 50 52 46 72 62 56 30 77 29 12 61 76 65 45 2 71 68 6 54 7 37 70 28 36 41 75 3 9 69 16 5 33 49 51 60 14 19 15 17 73 58 35 24 34 42 4
    49 78 18 31 15 24 53 71 57 44 21 39 29 11 8 65 6 69 42 54 28 52 76 59 43 12 72 3 26 68 23 37 60 61 34 73 67 63 2 30 70 4 14 46 50 33 62 1 38 41 64 36 7 51 16 32 74 19 27 48 66 13 22 58 10 20 40 45 75 77 56 9 47 5 25 55 35 17
    23 72 30 8 27 31 6 63 37 19 71 78 7 49 34 36 64 15 59 13 22 67 57 29 55 26 43 14 68 5 75 58 24 69 54 40 1 51 74 42 73 28 48 10 50 33 70 61 9 20 18 38 76 16 53 44 17 62 11 41 35 65 21 32 77 45 3 60 4 47 39 2 56 66 52 12 25 46
    46 28 51 45 32 44 72 38 30 49 50 59 17 47 1 42 63 3 33 65 67 55 39 12 4 43 13 16 29 10 6 54 71 11 23 76 15 68 40 31 56 41 53 78 14 61 58 27 69 19 74 66 52 21 64 35 57 7 75 24 26 34 70 60 77 9 37 8 2 22 18 48 5 73 36 62 20 25
    6 16 48 24 25 7 40 4 49 78 69 68 23 8 1 39 56 52 55 58 15 46 44 3 61 17 51 19 21 14 62 66 22 76 42 74 35 59 71 36 47 13 34 53 30 77 50 57 31 18 73 12 32 43 9 72 11 45 60 10 67 65 2 37 70 29 54 75 38 63 27 64 28 26 33 41 20 5
    44 16 41 71 76 78 67 56 18 45 37 75 77 3 28 21 47 57 23 19 20 40 49 27 9 51 11 32 64 4 5 38 55 63 69 30 60 48 22 33 50 24 59 52 74 8 10 72 15 6 31 26 42 29 12 53 7 65 70 66 43 68 46 2 54 58 1 62 35 34 17 14 61 25 36 13 73 39
    46 57 27 28 14 59 34 19 31 1 26 67 64 30 43 23 5 2 49 74 9 47 48 40 41 35 37 51 75 61 33 29 78 36 69 52 71 20 42 38 76 24 10 65 72 55 73 53 32 8 7 6 15 50 63 68 54 77 12 4 17 39 44 62 66 13 70 60 11 22 16 21 18 56 45 25 3 58
    43 60 73 11 76 34 37 65 16 72 42 15 4 62 44 6 13 38 67 51 49 47 35 40 39 45 24 31 21 26 7 74 55 28 69 22 54 23 58 64 19 20 14 2 78 48 33 18 56 66 68 57 71 61 30 27 75 29 53 36 50 1 63 8 9 10 17 59 12 70 41 5 3 25 32 46 77 52
    41 4 15 68 25 14 74 57 78 8 76 19 20 1 71 64 37 29 17 54 48 39 36 5 6 22 59 31 9 43 7 77 63 55 13 18 47 52 60 3 38 27 72 61 42 45 69 33 24 10 23 46 58 50 2 67 26 62 44 40 65 11 28 73 12 32 16 30 53 70 51 34 21 35 49 66 56 75
    61 28 1 11 37 45 78 43 51 70 30 15 22 6 20 50 64 62 68 38 63 39 52 72 10 2 7 76 66 69 73 49 27 8 4 33 46 21 71 14 53 57 59 56 32 48 13 41 5 12 35 3 25 42 9 17 34 40 23 29 75 19 24 16 54 47 65 77 26 44 55 60 74 58 36 31 67 18
    2 46 1 56 42 59 29 16 43 37 22 17 40 60 4 25 71 35 63 55 52 30 19 74 51 5 31 49 33 10 18 23 38 58 32 28 78 50 73 41 9 34 13 11 8 69 67 77 21 36 75 65 62 54 12 66 45 24 48 26 76 61 6 27 53 39 3 64 20 7 14 57 72 44 70 68 47 15
    72 57 45 77 34 56 31 42 29 41 26 30 13 33 32 66 61 60 40 44 48 24 37 50 39 9 78 51 22 74 71 43 8 21 20 59 28 65 6 55 75 35 73 12 23 17 46 52 4 5 47 64 36 67 69 68 70 15 53 25 7 19 27 18 3 10 14 16 63 76 54 49 38 62 1 11 58 2
    17 4 36 51 47 44 45 52 71 27 19 67 72 64 8 13 58 7 73 12 24 41 76 9 49 33 43 34 48 21 29 39 15 50 30 56 55 1 65 32 54 70 31 3 14 22 5 60 59 11 46 77 53 40 25 28 68 16 62 66 69 78 63 10 37 74 26 18 38 2 23 6 42 35 61 75 57 20
    30 29 68 12 34 75 4 49 19 42 44 76 43 78 57 56 72 6 51 55 70 53 48 38 37 40 1 7 61 25 67 36 74 15 46 31 73 14 69 22 65 50 41 11 24 5 59 64 8 3 32 13 20 58 66 62 63 45 52 26 9 21 28 35 18 60 71 23 27 2 47 54 39 17 16 10 33 77
    23 17 45 2 77 33 38 54 73 22 34 37 57 76 71 13 64 59 55 1 14 74 43 29 35 50 10 32 52 58 4 30 9 62 65 42 61 56 78 25 16 66 12 11 60 49 68 8 51 28 31 21 67 26 6 39 36 19 41 27 20 46 69 53 15 18 7 70 3 47 75 48 24 40 72 63 5 44
    28 75 35 5 20 10 41 60 24 26 78 9 71 56 51 65 57 72 15 55 7 76 25 46 23 36 1 70 2 49 38 62 18 37 74 11 29 64 14 12 4 69 43 50 13 27 45 31 42 6 19 77 52 32 30 39 48 47 59 58 54 8 66 73 33 53 63 34 21 17 3 68 22 61 67 40 44 16
    71 38 33 29 36 41 10 28 57 59 17 23 30 77 20 15 32 16 11 42 14 63 73 22 8 74 2 56 5 35 4 48 67 7 37 31 39 25 21 72 65 64 19 70 12 27 46 3 49 9 75 40 54 45 13 1 62 55 24 43 52 51 44 76 18 61 26 78 53 34 69 60 47 66 58 50 6 68
    30 42 69 49 62 36 54 9 58 29 17 56 65 72 18 76 7 35 75 28 74 78 6 10 52 51 26 66 11 25 38 16 43 24 4 8 13 15 23 22 60 64 1 63 47 27 12 59 21 73 2 55 37 70 39 45 71 67 40 44 46 19 34 61 41 5 3 32 57 14 31 48 33 20 53 50 68 77
    73 63 59 46 74 41 57 47 40 4 64 17 38 32 61 20 60 67 72 52 10 39 78 3 21 30 16 27 22 34 11 14 58 15 69 51 24 54 13 75 33 8 76 2 9 65 77 12 49 68 5 70 45 66 6 43 29 36 50 44 42 62 19 26 18 37 55 48 28 23 1 31 35 53 25 7 56 71
    60 16 35 24 68 49 67 72 6 47 5 53 61 38 41 45 57 59 9 65 13 54 64 42 48 33 4 50 18 77 20 28 44 17 32 78 15 51 37 21 66 63 31 46 8 58 19 3 40 29 12 30 62 52 76 74 73 7 23 25 36 14 55 56 11 26 2 1 75 34 70 27 71 39 10 69 43 22
    2 42 14 6 59 54 37 77 41 68 73 66 47 16 44 67 50 58 70 63 40 4 61 25 64 18 29 52 30 49 33 48 72 74 20 23 55 9 19 7 26 35 75 28 8 3 27 76 43 10 34 13 36 24 15 21 12 60 69 22 62 11 53 17 1 56 57 38 5 65 46 71 39 32 51 31 45 78
    35 32 38 14 60 36 1 39 31 13 12 58 56 64 73 66 72 53 40 26 69 44 9 37 52 63 48 54 6 50 78 22 25 33 3 46 45 61 28 2 77 41 20 42 51 4 70 68 7 10 76 27 16 17 19 67 75 47 15 29 34 62 57 5 11 23 43 24 18 8 65 21 59 49 30 71 55 74
    51 8 27 31 59 48 12 22 23 62 25 42 26 14 34 19 57 45 17 15 18 54 37 35 74 49 61 5 6 13 69 64 9 53 16 20 3 4 39 7 68 71 30 60 36 29 47 75 10 24 67 11 2 28 56 50 70 65 76 32 40 44 38 21 43 77 55 1 52 73 66 46 41 58 63 78 72 33
    42 9 7 45 14 35 61 32 1 64 57 60 22 37 33 52 70 6 53 68 25 24 4 13 77 74 62 12 31 54 48 40 36 47 51 50 43 19 38 10 8 5 39 3 11 75 66 18 58 34 73 71 46 76 67 49 65 16 44 17 78 56 41 2 28 27 69 23 15 55 30 59 20 72 26 63 21 29
    51 62 12 44 55 69 42 17 74 56 63 5 33 22 68 70 39 8 65 77 57 64 48 78 61 23 13 67 49 37 30 10 45 46 20 15 52 38 21 3 36 11 2 34 29 35 19 28 47 40 32 7 54 72 27 71 24 58 73 18 43 59 25 26 41 50 4 9 16 1 14 76 66 31 53 6 75 60
    43 42 46 7 17 25 49 16 67 9 54 30 21 55 24 58 1 72 5 78 37 31 34 13 19 27 11 52 2 76 29 63 50 44 38 69 73 41 48 59 61 23 22 40 18 4 10 6 20 53 28 45 68 3 15 77 57 75 26 56 70 8 47 74 33 35 12 64 14 62 71 66 36 39 51 65 32 60
    76 50 29 35 43 28 77 40 24 39 68 71 21 55 15 73 61 51 42 9 26 38 75 37 2 32 17 34 63 27 48 70 47 25 74 22 52 62 49 56 54 3 67 18 53 1 6 44 30 31 13 10 5 78 58 33 57 12 66 19 11 64 60 41 45 16 59 23 46 36 69 65 72 14 4 7 8 20
    50 59 53 43 10 32 4 36 74 33 64 72 31 39 8 63 44 27 73 25 15 14 26 49 40 1 61 46 37 12 66 24 41 38 5 28 17 62 75 11 70 45 42 76 20 7 23 35 52 56 16 18 57 65 78 48 21 3 60 34 13 69 55 30 71 67 22 68 2 54 19 58 9 6 29 51 77 47
    2 12 3 59 73 1 14 23 67 48 56 47 7 17 16 33 50 51 24 15 62 76 40 8 31 57 44 10 6 42 19 9 71 49 37 5 27 60 52 54 74 28 35 20 75 18 32 13 11 53 70 66 36 58 72 21 38 4 46 55 25 68 29 43 30 65 63 69 77 78 45 64 61 41 39 34 22 26
    4 12 44 75 35 27 38 46 68 30 37 77 23 73 24 55 13 5 63 54 36 48 67 39 52 45 40 65 58 43 17 60 31 8 10 19 3 61 28 11 16 57 6 74 56 9 49 53 51 70 21 7 15 26 2 22 62 66 33 18 76 72 14 25 50 64 32 29 34 41 78 69 71 20 1 59 47 42
    38 3 36 73 30 52 14 66 24 15 60 29 16 57 50 65 20 68 2 7 67 18 23 33 45 39 22 9 5 48 37 78 62 55 19 63 8 54 1 58 41 44 64 6 77 51 26 35 12 32 72 75 49 76 13 11 25 43 47 69 21 4 17 28 56 10 61 40 74 27 46 53 34 70 42 59 71 31
    30 9 42 47 56 48 23 8 36 62 4 43 32 13 46 37 22 3 16 24 14 58 20 63 25 44 51 70 57 15 5 45 31 64 34 77 40 35 28 38 54 61 59 68 50 72 52 53 26 60 21 73 55 78 71 49 2 6 12 29 69 76 27 74 11 33 39 7 17 65 10 41 67 75 18 66 1 19
    18 71 75 70 32 44 51 31 41 2 78 15 42 60 35 36 34 76 66 22 73 77 5 38 48 14 27 47 33 65 54 56 12 55 20 64 13 72 61 40 69 29 37 16 17 57 28 25 26 7 68 4 59 52 53 11 50 8 45 49 6 9 23 39 19 10 63 24 74 1 30 43 62 67 3 21 46 58
    58 45 78 30 74 50 26 69 31 35 76 8 75 40 59 64 68 18 42 60 46 3 19 67 48 13 55 77 54 14 57 38 25 24 6 11 7 39 27 17 52 61 32 4 63 70 53 56 37 33 9 44 47 62 15 20 65 16 21 28 73 1 66 36 10 22 23 71 41 72 12 51 5 29 43 2 34 49
    20 47 45 26 25 70 60 75 35 11 72 73 12 48 51 61 21 9 37 67 5 31 8 15 27 36 3 71 2 4 49 19 59 33 55 18 58 7 69 14 44 29 46 56 64 50 74 52 68 6 10 23 38 77 40 62 63 76 17 32 41 43 39 66 13 16 78 28 24 34 1 54 22 53 57 30 65 42
    15 24 9 42 64 16 60 8 59 62 77 71 30 10 73 67 28 65 76 4 36 2 37 31 56 68 21 40 18 43 34 48 19 44 55 49 32 74 22 20 57 58 63 52 26 6 46 78 69 70 51 12 23 75 54 11 7 53 25 29 27 45 5 41 50 38 35 33 14 72 3 1 61 13 39 66 17 47
    68 43 62 10 39 50 59 45 8 29 67 5 61 7 33 60 49 30 46 12 47 55 58 38 54 28 27 48 76 52 74 44 34 25 41 6 20 64 3 16 36 73 35 31 78 40 19 17 22 70 71 42 63 56 18 32 26 24 51 75 21 57 53 72 77 15 37 2 14 11 1 13 65 23 69 4 9 66
    21 58 56 37 40 25 2 67 18 47 55 6 54 3 77 1 51 76 7 43 52 9 15 61 16 35 36 41 32 31 11 68 57 46 28 20 48 78 4 23 12 30 17 63 26 49 73 60 33 45 10 5 44 19 69 50 59 72 24 53 75 13 74 66 8 22 42 65 70 71 64 62 34 39 38 27 14 29
    6 20 46 18 38 34 7 60 2 41 64 32 61 45 69 73 22 55 77 28 13 71 21 33 10 42 53 66 3 68 9 72 4 25 54 40 52 62 29 5 56 63 37 23 19 17 49 15 50 43 26 24 47 16 1 57 35 48 8 27 11 12 58 70 67 65 78 76 36 74 31 59 44 75 14 39 30 51
    52 7 46 60 2 50 58 53 13 9 31 28 73 68 72 56 51 55 23 40 18 21 6 64 67 27 65 38 75 49 16 24 57 39 59 69 47 25 29 61 19 42 36 8 34 32 62 77 41 43 33 22 45 1 14 30 70 26 54 3 74 37 17 44 20 15 10 11 63 5 12 35 71 76 4 48 66 78
    45 35 72 26 56 42 2 36 12 28 31 66 64 53 48 9 77 68 55 29 78 76 17 25 24 75 11 13 46 74 6 34 63 15 71 57 33 3 41 37 51 54 4 59 49 50 62 58 27 67 7 60 19 47 73 20 70 52 39 30 61 69 10 65 44 23 5 43 14 8 21 32 18 40 38 22 16 1
    22 37 68 24 26 44 45 50 73 15 48 4 17 72 62 3 57 21 69 1 25 6 32 76 59 71 52 35 7 40 18 49 60 77 19 20 29 47 70 64 55 12 42 54 51 8 38 63 2 46 34 16 23 53 14 5 30 75 56 43 66 61 67 36 9 10 13 39 41 65 27 58 33 11 74 31 78 28
    12 42 28 71 50 46 68 10 20 8 24 44 70 41 47 78 51 19 43 35 7 45 15 37 55 2 69 16 33 49 21 56 53 29 6 76 62 26 17 25 72 13 57 23 9 3 22 40 1 65 34 18 36 39 48 11 27 38 63 74 75 52 31 67 66 54 30 5 58 61 4 64 14 32 60 73 59 77
    61 3 65 22 77 14 40 51 20 1 69 28 59 67 26 25 8 72 37 36 58 78 75 53 45 19 38 39 13 21 34 6 49 42 29 41 66 27 57 44 17 24 71 5 56 33 73 23 68 4 55 7 9 16 10 43 30 18 15 35 62 60 76 32 52 31 54 64 50 63 12 70 46 74 11 2 47 48
    1 29 77 31 7 61 38 43 66 37 19 57 30 36 3 68 14 58 39 26 72 5 11 34 21 2 44 22 4 51 12 47 69 53 42 16 65 32 35 59 49 50 33 62 23 13 75 56 70 6 28 24 63 15 45 8 52 17 10 41 25 60 74 9 71 67 78 27 18 40 48 76 54 73 46 55 64 20
    24 62 56 46 4 15 8 37 9 21 71 61 38 45 48 20 28 35 70 34 7 32 11 42 10 68 52 5 64 41 63 6 51 12 59 14 2 39 72 19 27 58 3 18 30 25 60 40 23 44 57 66 1 22 54 75 26 65 47 77 36 67 13 50 43 55 73 53 16 31 74 17 76 78 33 29 49 69
    62 72 57 60 51 52 66 74 31 69 29 5 20 23 6 12 40 8 25 28 2 48 14 59 26 1 76 77 15 47 53 78 10 7 30 44 41 67 33 38 24 56 11 49 43 13 64 58 54 4 63 16 27 9 36 71 68 50 19 21 17 46 32 45 42 61 18 73 3 70 37 35 55 22 65 75 34 39
    77 70 46 49 24 55 50 30 3 6 72 61 52 16 48 2 28 37 34 26 69 4 40 56 36 23 47 8 67 54 14 33 65 15 71 31 43 44 35 63 51 32 27 1 58 22 7 13 25 12 39 42 11 75 68 18 57 74 62 78 9 21 19 73 60 59 45 5 10 17 64 20 41 66 53 76 38 29
    71 19 23 49 36 67 47 78 27 73 11 24 33 8 15 21 50 13 26 58 28 60 16 3 1 17 4 10 32 20 25 41 62 52 14 42 39 77 2 74 61 72 30 51 66 37 9 63 68 44 57 43 45 65 64 48 35 55 75 7 12 34 31 5 22 69 40 59 6 29 18 38 76 54 56 46 53 70
    50 73 31 71 29 6 11 43 52 10 76 53 63 23 45 75 77 28 24 36 9 1 20 59 56 15 2 12 38 22 72 27 41 47 66 74 42 54 58 51 61 78 19 30 57 49 70 25 39 48 26 60 65 4 37 69 64 62 33 17 32 7 40 68 67 5 35 13 55 8 44 46 3 18 21 16 34 14
    34 35 29 45 61 48 71 12 20 47 54 25 51 15 43 42 69 13 49 32 46 10 57 23 30 16 9 62 53 18 40 7 77 19 24 6 17 1 76 60 66 36 22 21 78 33 74 8 26 44 31 28 65 5 58 68 55 14 50 4 72 73 59 2 41 70 64 75 27 63 56 3 52 37 39 67 38 11
    44 5 35 55 53 63 23 64 48 32 8 71 24 47 36 31 65 7 75 40 1 28 33 37 18 25 72 21 66 49 2 27 41 30 57 39 42 70 10 54 14 26 50 76 16 61 45 77 34 52 78 38 67 60 62 68 4 29 13 59 69 19 12 51 46 22 11 17 20 9 74 15 6 56 3 43 73 58
    66 22 53 24 50 36 69 1 15 39 38 5 13 54 75 60 51 47 17 72 19 35 67 42 49 25 33 74 16 45 55 73 57 78 7 77 23 31 64 30 34 6 61 8 46 21 52 4 65 2 48 9 71 59 28 27 32 18 76 62 68 63 41 70 11 26 20 10 3 29 44 56 12 58 37 14 40 43
    61 36 37 9 78 33 14 51 57 72 65 59 31 17 5 8 60 39 64 24 13 46 50 56 63 16 3 55 1 29 32 26 42 22 19 35 49 47 18 41 23 2 53 48 52 4 7 54 73 21 77 75 43 62 11 12 10 58 71 15 6 34 40 68 70 67 74 76 20 69 44 27 45 25 28 66 30 38
    12 69 3 47 16 42 2 44 55 38 59 29 35 78 11 4 70 8 37 23 60 53 22 58 66 67 7 45 43 56 14 28 76 13 68 50 74 5 75 32 6 62 39 20 17 77 48 24 73 26 46 30 41 54 33 72 27 63 25 9 18 40 49 65 1 51 31 57 19 36 15 64 21 61 10 71 52 34
    30 63 18 24 50 17 5 36 78 38 31 45 67 39 66 34 4 1 28 20 11 19 12 44 8 25 49 10 23 69 52 35 73 9 65 48 47 43 55 42 59 26 77 22 27 16 46 71 14 62 51 61 58 70 72 64 2 41 54 40 32 76 29 37 15 21 13 57 60 74 6 3 53 56 75 68 33 7
    5 26 2 67 7 29 40 54 73 34 17 28 49 35 36 56 60 55 41 19 31 75 57 63 1 22 24 12 58 14 32 15 3 46 13 38 4 48 10 23 45 70 62 64 47 16 76 53 68 33 74 6 72 8 18 11 61 71 43 78 52 9 25 59 51 44 65 30 66 69 50 27 21 37 39 77 20 42
    28 31 49 25 15 4 54 68 63 76 16 41 42 52 17 7 1 53 21 66 47 74 67 32 19 30 70 55 8 51 56 18 73 34 33 12 62 45 69 44 65 71 72 48 64 2 10 46 6 78 26 11 75 37 36 5 27 61 40 43 60 77 39 59 3 57 29 14 50 23 13 38 24 58 35 9 22 20
    37 38 49 10 29 73 26 1 2 35 13 36 9 31 14 18 24 75 46 12 70 64 65 45 28 50 71 63 62 68 17 33 15 77 74 19 52 76 59 3 25 23 51 78 41 6 72 57 40 34 39 48 4 21 54 66 5 20 8 32 67 56 16 42 61 47 58 69 60 11 53 22 7 55 43 44 30 27
    55 47 68 29 49 65 4 57 11 23 56 5 46 75 42 31 73 50 22 35 33 3 9 25 66 24 27 13 18 14 70 32 60 78 41 44 69 67 51 6 15 43 1 28 17 34 61 7 20 21 16 45 38 71 10 40 76 58 52 72 30 39 36 12 37 74 2 64 59 19 77 63 53 8 48 26 62 54
    11 62 60 73 28 67 15 18 51 52 61 77 45 78 30 10 63 48 8 54 69 2 17 50 75 43 13 7 19 39 42 46 25 1 21 34 23 41 65 31 35 27 3 53 29 71 55 24 26 12 6 56 70 57 72 5 74 20 40 47 44 68 59 37 58 14 64 22 38 49 66 76 16 4 9 33 36 32
    1 8 13 64 21 40 57 67 7 19 25 5 69 28 58 43 55 3 70 29 61 62 72 47 48 9 38 66 50 37 34 46 4 75 6 65 56 33 53 16 52 51 68 63 45 18 60 22 12 71 20 73 15 31 41 54 78 23 2 10 27 76 77 11 59 35 32 17 49 36 42 30 44 74 26 14 39 24
    53 34 67 77 29 43 31 42 26 37 12 21 28 74 5 10 20 4 52 6 24 44 35 15 36 78 11 9 66 27 58 60 76 57 72 30 2 54 38 64 45 62 50 32 7 1 69 46 63 41 68 22 23 70 51 8 56 49 71 33 3 39 19 13 59 25 75 14 73 17 18 65 48 40 61 55 47 16
    50 10 54 64 35 71 18 63 2 25 57 56 14 66 6 37 16 30 62 4 11 17 46 58 40 76 19 70 21 38 29 15 28 1 77 3 55 43 33 12 32 61 5 60 34 41 52 65 8 48 69 73 45 24 53 78 67 51 44 31 23 59 42 27 68 39 22 13 47 72 9 75 20 74 36 7 49 26
    30 22 51 43 1 39 48 11 45 67 34 57 3 21 52 49 53 61 19 31 58 6 14 17 44 28 4 64 27 33 18 72 55 36 70 8 12 26 41 38 20 74 76 5 56 54 2 75 77 73 23 29 47 7 60 50 37 24 13 66 35 16 71 69 62 42 9 15 59 68 32 25 65 63 78 46 10 40
    26 42 68 1 44 72 32 31 45 71 69 37 6 30 51 4 70 58 53 24 57 67 9 17 73 23 56 64 75 74 36 41 50 11 27 18 59 65 66 55 19 35 43 39 49 33 77 78 12 22 48 16 20 54 63 60 29 14 47 52 15 25 21 38 62 7 3 2 40 5 28 34 8 61 46 76 10 13
    13 43 37 51 44 6 57 15 70 41 16 14 67 35 63 26 27 49 64 52 71 72 12 46 11 61 5 2 66 73 68 59 1 58 53 78 42 19 20 8 34 4 54 31 24 47 25 22 3 74 28 65 60 30 38 55 10 33 76 36 21 7 62 17 50 29 32 77 18 9 23 48 56 39 69 75 45 40
    8 34 77 68 39 43 38 65 42 45 44 3 26 35 60 5 76 40 55 46 2 47 50 19 70 10 36 57 21 6 12 27 30 71 11 22 20 67 49 32 24 62 18 23 37 61 1 41 54 33 74 58 59 17 64 15 13 75 16 25 63 72 9 51 28 14 31 56 69 48 66 78 52 73 29 4 53 7
    72 11 52 76 27 77 78 73 50 3 1 25 37 26 19 4 5 47 20 48 75 38 16 18 58 70 49 63 36 56 51 60 31 14 65 12 21 43 42 67 57 62 22 44 24 64 54 45 61 28 46 66 30 55 69 33 6 40 13 8 10 29 39 17 7 74 9 2 15 68 34 59 41 23 71 53 35 32
    4 59 10 38 33 29 45 62 6 54 73 60 49 36 31 68 25 13 26 20 21 1 78 8 48 69 23 42 66 27 67 19 63 74 75 46 15 44 70 40 3 2 50 55 22 9 71 35 41 16 58 34 76 57 37 5 18 52 30 43 47 11 39 51 7 53 32 65 64 17 14 28 12 61 56 24 77 72
    61 39 16 49 43 1 46 10 24 66 60 47 7 37 17 9 32 63 5 78 14 18 12 70 67 59 69 48 13 22 35 40 29 34 65 3 4 8 62 28 56 75 21 57 55 52 41 71 64 74 54 33 72 6 30 15 51 31 36 20 27 77 76 19 68 58 26 50 2 23 53 73 45 42 25 44 38 11
    18 36 70 78 77 64 55 32 51 15 47 25 16 49 56 20 11 30 19 35 10 54 2 68 52 28 22 66 75 50 6 9 61 72 62 42 33 27 17 1 57 48 40 73 31 69 4 7 21 24 12 44 3 58 67 38 5 13 14 63 60 39 41 26 34 45 76 23 8 71 46 43 59 37 53 29 74 65
    31 34 48 26 16 40 77 70 49 78 13 69 72 7 25 61 14 59 9 51 62 44 32 2 68 39 76 24 52 27 63 35 12 47 5 71 75 41 64 17 23 42 3 50 6 4 74 19 45 36 54 65 67 8 38 37 18 20 28 11 58 66 10 22 57 29 53 43 21 30 55 73 15 33 1 46 56 60
    49 60 8 29 54 65 75 13 66 26 48 17 51 39 67 32 72 55 70 21 22 50 14 53 24 78 4 59 37 42 56 77 73 69 30 57 33 46 63 61 62 34 31 9 27 76 12 2 5 47 36 35 15 23 6 58 64 43 1 52 40 44 68 74 20 38 16 11 7 3 28 10 45 25 19 71 41 18
    40 72 33 75 23 52 43 3 20 25 61 38 22 69 55 32 45 29 76 10 51 16 8 54 48 66 58 30 15 34 5 73 57 53 19 56 12 49 42 11 71 24 6 62 46 41 68 31 78 9 44 14 27 65 36 37 4 35 74 39 2 67 60 64 50 17 47 77 63 1 7 13 70 21 28 59 26 18
    63 13 78 21 46 62 60 27 40 6 5 7 66 45 44 38 34 43 26 69 8 72 25 41 55 19 74 30 65 50 12 16 1 73 33 11 53 22 47 68 23 4 67 39 76 77 28 3 10 9 29 70 32 48 15 37 59 49 57 35 31 51 2 52 17 42 54 64 75 20 58 56 18 71 14 24 61 36
    23 35 27 70 6 9 34 25 43 40 76 62 71 68 72 36 65 78 29 8 66 56 55 14 60 37 58 3 57 30 46 5 22 50 24 21 49 77 73 32 10 39 67 69 54 15 44 20 64 74 13 45 2 41 59 28 51 61 11 12 17 48 63 33 38 18 52 7 16 53 4 26 19 42 75 47 31 1
    43 30 61 29 37 22 40 39 45 27 6 73 59 28 58 55 74 42 50 11 15 76 25 54 70 14 67 63 56 69 20 71 49 36 18 21 5 38 60 4 46 12 72 78 1 17 47 16 33 13 34 52 65 51 32 68 2 3 41 44 23 66 53 19 35 9 64 77 75 48 57 31 10 7 24 8 62 26
    20 51 14 64 2 44 39 45 65 12 46 48 28 16 77 72 62 8 34 41 70 50 57 63 21 30 52 35 24 40 66 55 3 54 78 6 71 29 19 4 1 56 25 60 42 76 47 36 26 27 61 18 58 7 10 37 38 15 17 73 31 68 23 43 69 9 67 75 53 11 74 32 49 5 33 13 22 59
    14 57 29 50 46 59 73 25 33 45 74 75 22 3 70 2 63 67 72 17 11 66 41 58 4 51 56 20 64 76 39 6 18 8 78 44 49 19 37 52 21 71 60 43 77 69 24 62 30 36 38 27 9 7 65 13 40 35 1 48 15 5 26 68 42 61 16 54 12 31 28 55 32 47 34 23 53 10
    12 34 36 5 27 46 48 58 14 23 8 50 9 30 13 41 16 74 7 72 11 45 78 47 55 35 64 26 21 25 71 62 4 39 20 60 73 66 76 1 77 28 54 56 19 24 2 75 10 69 3 31 57 40 15 63 65 33 6 17 68 52 59 18 22 44 29 32 43 70 49 53 38 37 51 67 61 42
    9 71 2 76 49 38 14 77 6 26 18 72 31 33 34 59 50 28 3 70 24 43 44 63 10 8 30 20 60 57 55 41 54 17 73 39 11 4 78 64 51 56 75 68 42 32 12 40 45 36 52 7 62 58 16 46 19 29 48 74 23 66 47 35 25 37 21 67 1 5 27 15 53 22 61 13 65 69
    66 30 17 4 8 36 71 34 23 35 37 6 16 59 67 18 12 10 56 29 47 74 53 7 13 78 70 42 20 62 54 77 69 25 1 2 21 49 57 28 65 19 61 41 33 22 46 14 39 43 58 40 68 63 44 24 9 73 38 55 72 76 75 15 45 51 5 27 32 52 11 48 26 50 60 31 3 64
    4 16 37 42 56 74 8 43 32 75 59 21 3 48 23 17 67 62 77 28 26 58 44 34 76 45 15 24 2 63 78 13 22 46 5 1 35 12 39 73 72 41 57 19 61 11 9 52 10 14 50 60 36 66 38 27 7 47 69 40 55 70 18 64 33 25 53 31 29 6 68 71 30 51 20 54 49 65
    30 2 40 62 76 21 13 69 19 28 75 22 71 17 36 52 24 12 54 15 1 16 72 20 78 70 4 58 68 77 74 38 14 5 26 32 33 66 53 64 48 37 29 39 67 55 46 25 50 73 3 8 56 35 23 27 59 63 6 42 41 18 9 49 34 57 47 45 65 31 51 60 10 44 7 11 43 61
    5 62 40 20 67 53 36 68 6 21 26 12 60 64 57 49 71 18 75 44 37 50 3 9 31 48 72 27 29 77 23 8 58 66 24 52 10 13 78 34 46 41 19 7 17 54 11 73 14 74 1 32 39 25 16 59 4 42 33 35 45 55 76 30 47 70 38 22 56 65 61 43 2 28 51 69 63 15
    35 29 4 36 22 19 30 70 14 75 6 17 57 15 63 50 78 3 76 28 73 65 40 64 47 41 45 7 43 60 31 34 13 26 1 2 55 68 25 27 74 9 72 48 20 53 18 12 42 32 54 51 56 16 62 58 77 23 5 33 69 8 11 67 66 52 21 59 61 39 44 38 37 46 10 24 49 71
    14 17 2 59 48 3 49 30 62 22 39 58 1 26 41 56 70 43 10 38 25 68 51 23 29 28 19 21 36 42 34 60 63 75 53 40 66 73 33 4 5 50 35 69 47 45 12 20 18 54 16 78 13 9 15 76 67 52 11 55 61 65 24 27 37 46 77 31 6 74 72 8 57 71 32 44 7 64
    22 54 36 5 46 41 26 12 30 67 3 43 28 8 70 29 11 18 7 64 21 9 27 13 57 48 35 23 68 2 32 33 78 72 52 6 60 55 63 17 50 74 16 4 59 10 40 66 45 76 1 47 20 38 42 24 53 37 61 77 39 62 75 69 44 58 73 14 25 65 49 51 19 34 71 31 15 56
    2 78 36 35 58 40 52 63 66 70 51 14 20 75 16 41 6 12 73 57 29 28 8 56 4 21 23 54 50 32 71 17 33 60 42 59 65 24 15 30 39 53 27 1 5 76 45 43 46 13 74 61 34 55 49 25 3 68 22 26 48 31 7 10 37 64 47 67 44 77 11 38 9 69 18 62 72 19
    25 51 32 67 15 6 11 34 26 56 55 49 9 44 70 3 45 75 27 39 38 30 7 4 42 33 1 21 72 29 73 62 31 43 50 19 47 35 78 41 66 69 23 8 40 22 48 74 14 18 71 10 68 52 12 54 53 64 28 58 46 5 61 63 16 76 37 2 57 17 65 24 13 20 36 60 59 77
    45 27 77 47 23 35 39 29 49 34 40 25 65 59 1 72 76 4 64 10 53 17 54 37 48 51 6 2 15 19 24 43 3 13 18 71 20 67 52 60 32 75 11 78 63 74 68 61 38 69 70 21 31 8 26 58 44 73 30 22 57 55 62 50 46 36 41 42 7 16 12 28 14 9 56 5 66 33
    45 39 13 77 33 22 75 1 64 69 24 16 26 74 11 7 28 43 30 9 72 34 14 73 2 76 55 42 3 50 15 66 19 36 65 60 46 61 18 21 56 10 70 32 68 31 4 59 27 40 44 67 63 6 37 54 5 25 48 38 78 8 29 58 17 52 20 71 35 62 57 23 51 49 41 53 47 12

