79

    64 6 12 13 53 30 76 27 17 70 5 37 10 24 39 57 20 35 58 28 2 50 26 55 67 63 59 49 29 42 54 61 4 43 52 22 44 3 41 19 40 46 9 75 71 45 1 79 21 14 72 34 56 38 78 32 66 33 65 15 74 31 77 47 60 11 16 51 36 68 7 23 62 73 69 25 18 8 48
    34 22 74 44 27 59 38 39 65 14 4 46 16 13 12 71 11 61 73 79 56 70 76 78 60 26 23 28 67 64 54 5 37 72 52 2 10 45 29 33 48 35 31 21 25 8 43 7 15 32 19 66 30 18 63 6 40 75 69 58 1 77 53 62 55 17 51 42 9 3 36 57 50 47 68 20 49 41 24
    78 13 62 20 44 52 79 5 22 72 64 23 42 56 68 55 40 36 2 66 17 58 19 77 35 45 30 26 4 46 33 34 3 59 53 7 31 21 9 49 61 48 70 15 12 75 60 47 67 38 14 25 73 8 51 65 71 29 76 10 54 11 41 1 37 69 63 27 74 57 43 18 16 50 28 24 32 39 6
    25 72 37 45 1 26 17 42 22 3 2 40 4 14 55 63 73 15 57 41 75 20 21 52 66 34 69 6 30 61 49 31 50 76 23 71 36 12 11 64 7 48 9 78 24 46 33 5 19 10 70 79 27 13 35 67 54 38 62 58 16 32 65 51 8 53 39 68 60 59 47 56 43 29 77 18 44 28 74
    33 34 12 27 45 40 25 23 68 49 57 50 62 7 9 67 75 35 79 60 53 26 3 22 14 65 64 70 41 24 43 36 55 13 73 21 15 63 74 51 29 78 58 44 28 46 6 39 18 20 8 69 16 37 48 38 10 19 4 17 56 42 5 32 72 47 11 2 71 52 66 61 59 30 54 31 1 77 76
    49 15 79 13 2 60 70 34 20 3 42 74 77 26 23 56 12 1 9 22 14 17 6 21 55 11 35 38 19 8 47 51 63 52 64 30 72 75 16 7 57 43 37 46 65 54 24 61 39 50 44 41 71 45 73 40 48 66 27 69 78 10 68 59 58 76 67 28 5 18 31 36 4 29 33 62 25 53 32
    47 70 68 64 30 41 52 13 3 22 48 63 23 65 17 69 51 24 11 1 38 35 66 75 54 14 59 29 77 10 53 4 8 15 27 74 37 76 7 50 18 28 67 79 58 12 73 33 40 60 2 20 57 31 34 49 25 16 62 71 32 43 78 55 21 6 36 56 46 72 5 44 45 19 9 42 39 26 61
    73 78 71 33 65 58 74 12 63 37 3 10 52 2 76 56 57 55 79 29 44 49 4 54 69 40 48 26 66 17 25 21 22 18 68 38 47 53 72 60 16 75 64 43 6 1 59 45 61 70 31 35 24 41 42 46 34 50 11 51 67 30 32 13 5 23 77 39 15 7 20 14 9 36 62 8 19 28 27
    14 5 77 42 56 22 9 15 28 68 44 76 41 69 13 58 34 74 51 12 71 40 30 72 2 4 67 75 79 50 37 60 78 52 47 64 18 39 31 3 8 16 45 33 32 36 23 20 10 25 54 61 26 17 24 55 35 73 59 1 29 43 53 27 19 49 65 66 70 62 63 7 57 38 46 48 21 6 11
    78 22 63 13 25 23 31 7 45 3 69 41 33 75 74 61 62 65 54 48 34 68 76 72 77 73 46 28 27 66 56 35 30 43 32 60 26 38 49 53 1 21 16 19 18 12 64 5 6 39 4 71 11 10 29 36 8 44 50 9 47 20 15 70 2 58 42 67 55 57 59 40 37 51 24 79 14 52 17
    41 18 7 71 40 32 24 46 23 27 38 9 64 58 6 70 17 21 15 55 31 34 56 19 20 49 2 12 57 8 63 28 5 79 44 25 33 67 52 11 73 61 69 47 78 53 54 50 26 65 3 43 51 4 62 42 36 60 59 29 45 76 37 30 77 72 14 13 10 48 68 1 75 39 35 66 74 22 16
    47 1 30 44 79 31 53 10 63 68 26 56 12 20 58 59 11 32 7 6 18 43 69 4 14 70 51 75 74 48 76 50 65 38 2 17 37 13 27 67 60 55 52 57 62 78 9 35 15 28 72 21 66 16 73 54 77 71 45 42 23 49 22 5 3 36 40 33 64 46 24 34 25 39 41 61 19 29 8
    56 72 5 77 7 10 51 3 15 42 27 21 44 68 31 39 32 55 33 70 61 13 6 52 43 74 69 73 45 16 50 29 14 26 46 19 67 18 35 59 1 41 79 63 40 4 30 47 9 24 36 58 23 38 65 48 25 11 34 37 57 54 76 75 78 64 8 22 60 53 28 71 49 66 17 12 62 2 20
    13 23 79 17 51 16 53 74 55 3 19 14 60 42 56 1 32 63 37 73 20 71 29 4 62 46 31 9 69 49 2 40 18 78 7 5 39 47 75 76 28 70 58 35 77 15 12 33 30 6 8 45 66 11 64 57 22 68 59 36 65 61 26 48 67 34 27 72 54 24 50 52 43 25 10 44 21 38 41
    20 66 12 44 63 4 36 53 11 78 8 79 72 61 51 75 2 50 39 58 10 6 27 34 13 46 33 22 52 37 29 76 69 26 60 31 15 17 54 45 57 38 28 73 71 14 48 35 43 56 40 32 7 5 24 16 68 77 1 30 18 42 25 70 62 21 3 47 41 55 59 65 19 67 74 64 49 23 9
    45 58 78 76 71 18 74 25 61 44 54 26 59 49 36 47 46 67 3 51 70 6 42 75 9 41 11 56 24 43 48 33 50 39 8 30 72 5 21 69 62 19 68 22 77 52 60 15 20 79 63 23 65 28 10 27 7 12 16 2 57 73 38 66 1 4 13 34 29 64 40 32 14 55 35 17 37 53 31
    36 6 28 40 51 61 64 48 65 9 16 18 10 30 12 26 20 73 23 33 41 68 22 31 25 76 38 50 49 72 77 55 8 52 67 5 32 46 62 35 21 42 57 79 1 3 47 66 63 56 59 69 43 71 7 4 14 27 60 74 13 44 19 53 78 34 2 11 45 15 17 58 29 54 75 37 24 39 70
    79 50 25 75 7 68 38 61 3 33 31 67 34 6 15 48 54 52 77 69 72 9 47 51 5 35 19 43 74 49 73 39 16 42 1 18 40 27 57 58 22 28 36 21 46 60 23 26 41 65 76 53 59 78 11 4 17 29 44 66 8 71 10 70 64 20 2 14 63 56 45 32 62 12 37 13 30 55 24
    41 61 18 72 75 66 68 12 45 30 69 62 51 60 20 31 38 46 3 52 44 23 74 25 76 27 11 33 16 36 57 67 24 13 15 19 65 6 22 14 28 7 4 48 39 63 78 1 56 21 55 8 79 17 50 58 2 43 29 49 32 53 40 26 9 37 71 59 54 73 70 42 64 5 35 77 10 34 47
    76 70 13 45 58 61 26 71 67 17 20 28 2 43 11 53 73 64 48 44 29 38 23 36 40 54 19 72 31 65 68 59 15 3 30 12 56 63 78 49 62 57 52 51 66 35 1 75 10 69 22 42 60 7 14 33 55 16 41 77 46 27 21 24 4 8 25 18 79 50 34 74 32 6 5 39 9 37 47
    7 69 40 64 58 76 68 4 17 61 53 41 9 75 16 1 2 24 60 30 10 74 13 71 14 22 33 46 20 25 62 35 72 59 18 67 15 44 28 34 8 29 36 5 37 21 43 19 42 65 52 26 45 50 47 57 23 48 49 55 78 39 6 66 79 51 3 27 38 73 77 63 12 32 54 11 31 56 70
    27 42 59 43 6 2 21 61 17 60 58 66 36 12 70 8 55 35 48 79 33 54 9 41 24 22 78 65 67 62 28 49 75 73 68 20 7 47 71 46 31 15 29 11 39 37 13 76 44 51 1 18 30 56 69 19 26 34 53 45 3 23 77 72 16 32 14 10 4 74 50 40 25 5 38 64 52 57 63
    14 48 78 26 62 68 47 53 52 21 34 3 49 70 15 4 50 58 19 36 63 42 79 10 74 6 5 24 66 1 45 39 32 69 7 33 56 31 25 59 11 23 43 44 75 28 55 65 22 8 54 38 9 71 30 41 18 29 2 37 64 67 27 73 20 17 35 76 60 12 51 72 40 16 57 46 77 13 61
    23 50 73 70 18 28 22 78 37 62 46 71 25 51 59 19 64 66 49 3 32 79 53 48 69 15 12 11 27 24 34 72 8 7 9 57 58 10 20 65 6 17 43 39 77 45 36 16 54 63 21 76 29 67 1 13 41 30 14 44 52 2 60 33 55 47 68 61 75 26 31 35 38 74 40 56 4 42 5
    44 37 45 22 62 27 11 24 6 42 10 55 19 49 8 30 15 16 63 79 41 17 71 76 35 72 78 31 7 40 26 32 64 60 38 59 1 65 33 43 53 39 74 50 70 2 34 21 47 73 25 4 48 13 20 66 5 9 77 29 54 57 68 18 61 12 52 3 58 28 69 56 67 14 46 51 75 23 36
    70 29 17 62 35 14 67 18 26 71 66 63 21 37 39 20 15 25 45 59 23 57 72 41 8 75 64 10 38 60 53 78 54 36 51 31 34 3 33 52 56 5 2 49 28 76 79 19 1 7 11 24 13 22 43 42 16 55 9 12 65 61 40 77 50 46 30 32 27 47 69 73 4 58 68 48 6 44 74
    6 76 28 46 45 23 18 79 63 9 55 15 74 78 24 65 5 56 48 32 50 39 67 16 30 42 37 29 59 68 35 53 26 17 57 22 36 60 1 73 10 3 77 58 19 20 51 2 7 49 61 25 64 31 40 4 69 44 75 12 33 38 71 70 34 52 66 13 21 8 54 41 11 47 14 43 62 72 27
    32 55 47 1 25 40 45 35 6 57 54 39 27 37 7 52 61 28 79 76 60 44 17 50 26 71 15 14 41 34 16 53 2 24 68 9 66 69 64 78 8 65 4 29 12 42 38 59 10 63 62 33 67 58 56 30 21 36 49 75 19 13 22 48 5 70 77 20 18 73 72 23 11 74 51 43 3 46 31
    69 27 26 32 47 37 20 42 9 76 7 71 52 50 29 19 54 68 25 13 78 38 33 75 57 67 66 2 18 61 63 30 5 12 14 41 10 28 16 39 53 1 35 58 4 17 45 6 34 44 22 62 11 3 77 49 23 31 59 36 48 60 40 15 74 56 46 73 55 72 24 8 65 70 79 51 21 43 64
    37 56 2 69 77 68 22 66 23 54 42 1 19 5 60 6 36 10 67 28 51 47 26 12 57 73 31 41 24 14 74 34 15 48 33 72 18 63 30 29 3 17 35 27 75 58 53 13 62 70 46 52 45 49 55 65 50 38 25 64 43 32 21 44 9 79 61 20 11 78 7 59 4 39 40 76 8 71 16
    4 22 13 68 63 1 26 35 18 58 17 55 72 15 74 57 64 44 69 48 21 37 38 46 7 30 78 53 11 41 66 5 70 19 71 60 33 62 45 54 32 65 27 73 77 16 8 6 50 14 39 59 43 24 9 29 28 34 67 52 51 61 49 47 42 79 20 23 2 36 56 31 76 40 75 25 3 12 10
    8 51 28 32 57 5 9 45 58 74 64 23 20 4 60 68 48 19 54 13 17 66 43 16 46 59 35 30 50 76 24 37 3 41 10 25 71 2 7 52 77 15 12 75 11 1 47 31 39 14 40 56 63 65 18 38 55 61 70 36 67 72 26 6 22 62 79 49 53 78 42 27 29 21 69 73 34 44 33
    75 35 27 5 42 67 52 26 36 14 6 43 74 21 78 57 23 71 59 44 65 62 41 9 15 3 61 47 28 2 45 33 77 79 72 58 32 54 70 19 50 30 68 63 24 11 51 53 1 56 29 49 38 4 73 69 16 31 18 55 60 76 46 34 22 13 12 20 39 25 66 48 40 7 10 37 8 17 64
    43 79 41 56 13 60 30 73 47 66 57 3 40 45 51 25 77 63 4 53 76 33 7 42 50 8 29 15 72 2 78 20 59 19 31 68 37 39 48 49 35 58 14 5 55 22 18 69 70 62 67 28 34 24 10 1 11 17 71 9 46 52 32 38 6 65 74 75 36 44 64 54 27 61 21 26 12 16 23
    67 23 61 28 56 40 57 76 62 59 58 2 31 29 71 3 32 24 27 75 63 41 73 36 34 48 26 8 30 54 22 13 19 69 4 9 49 6 38 78 20 33 25 74 44 14 10 52 55 16 37 5 17 12 77 50 15 70 68 60 72 47 7 21 65 53 64 42 66 39 51 79 18 35 1 43 45 46 11
    40 27 55 6 33 63 18 46 35 31 23 28 61 19 57 79 32 22 39 48 30 47 56 49 70 77 62 29 24 3 2 67 38 8 14 52 44 76 66 10 74 59 13 21 65 41 75 50 69 58 36 71 78 43 11 17 73 37 16 51 54 25 42 9 34 64 45 5 72 7 15 4 12 20 68 26 60 53 1
    3 75 57 38 70 74 12 59 78 2 39 37 72 60 17 9 14 10 79 15 4 49 65 34 56 40 27 71 20 28 24 67 47 6 21 8 22 51 29 53 19 23 62 5 68 61 76 52 30 66 69 63 44 50 64 46 18 54 13 35 33 32 7 16 77 11 1 55 31 26 41 36 48 58 42 25 73 45 43
    28 4 8 38 5 10 79 54 45 72 53 64 70 40 39 19 50 71 57 36 30 65 48 44 77 1 66 27 42 74 43 32 67 2 12 62 7 9 16 22 41 18 29 6 23 75 26 73 33 3 11 25 15 47 35 63 69 17 20 37 52 13 58 68 60 14 34 59 51 24 46 56 61 78 49 76 31 21 55
    77 21 74 49 18 54 55 62 76 16 1 25 42 46 45 78 34 71 4 15 70 48 20 68 43 75 3 13 53 56 19 28 17 67 9 52 14 64 7 58 8 30 40 24 29 2 44 37 38 6 36 31 35 69 60 63 11 79 22 26 10 57 50 5 51 66 41 47 27 59 23 33 12 32 72 73 65 61 39
    17 34 77 4 8 15 1 10 63 25 52 78 23 26 9 57 21 31 32 27 55 19 20 70 14 44 47 67 60 65 51 18 53 69 11 73 37 33 61 29 43 62 39 2 74 75 7 58 71 79 66 24 40 22 35 45 36 12 13 59 49 46 64 56 6 42 30 50 68 5 3 72 38 16 28 76 48 54 41
    58 76 39 20 7 12 57 56 11 79 43 55 78 32 33 74 2 45 30 38 44 41 46 50 23 70 67 71 37 48 72 25 31 34 52 51 19 62 59 15 18 16 61 40 5 47 17 4 9 66 6 36 22 49 77 54 29 24 14 1 13 65 75 26 8 28 27 73 60 21 3 10 68 53 35 69 42 63 64
    49 1 48 24 6 5 60 33 18 57 67 28 61 59 74 68 36 20 13 64 71 45 47 26 73 22 41 34 2 21 62 63 50 55 35 56 19 70 79 69 37 54 72 78 25 9 31 23 12 10 76 17 4 30 42 27 7 77 3 38 32 75 40 29 46 39 43 66 65 51 16 53 52 8 11 44 15 14 58
    49 74 2 1 47 16 66 10 78 37 44 72 54 20 29 67 64 52 6 17 23 15 57 35 11 31 33 46 30 65 21 75 41 55 70 50 63 32 38 76 62 34 43 4 28 60 79 27 13 26 40 77 53 69 25 12 59 3 48 51 68 9 7 61 24 56 18 45 5 58 73 14 19 36 8 39 22 42 71
    42 13 16 27 49 78 5 40 32 44 74 58 19 77 37 64 56 67 76 39 11 57 29 33 31 43 61 69 25 10 75 36 53 72 70 52 26 46 1 45 12 54 60 18 55 73 65 63 23 62 47 17 28 50 21 34 66 24 9 22 79 68 15 41 3 35 7 71 30 2 38 48 51 6 14 8 59 4 20
    73 60 76 33 13 3 23 66 2 7 44 68 50 59 70 48 58 4 30 1 16 77 8 29 9 52 25 51 47 24 65 45 39 57 43 22 35 71 31 27 41 55 42 67 14 63 75 40 64 49 53 21 6 56 11 62 38 78 69 17 79 46 36 54 15 61 34 20 18 28 37 5 72 26 19 32 10 74 12
    18 1 71 52 17 29 38 24 37 60 6 44 47 26 70 49 22 46 20 2 25 7 31 27 51 32 36 39 10 12 59 35 14 64 42 68 3 43 41 54 21 5 63 61 4 19 11 72 45 55 40 53 65 30 78 33 28 8 74 15 58 77 9 75 69 57 76 79 48 13 66 50 67 56 34 16 62 73 23
    69 49 79 61 67 74 5 77 28 62 46 25 15 73 6 45 11 35 19 24 3 59 34 68 42 58 56 47 18 51 23 44 78 75 10 29 27 52 39 13 72 12 41 64 30 1 14 9 57 22 43 70 7 21 8 32 36 33 50 65 48 66 40 31 55 54 71 2 60 16 53 4 63 37 76 26 38 20 17
    61 7 45 37 1 57 38 24 27 58 9 11 30 22 43 5 67 33 44 66 42 59 46 78 47 28 29 12 39 36 50 19 51 16 64 77 18 14 69 68 13 49 25 75 31 65 74 21 52 63 8 10 71 72 55 35 60 40 26 62 48 41 15 2 6 70 34 4 56 54 73 17 79 53 32 76 3 23 20
    43 73 30 4 10 79 62 60 51 47 59 31 63 53 40 46 74 22 6 1 13 16 61 49 48 65 5 58 11 23 28 15 66 7 77 39 75 20 67 70 57 78 72 14 37 29 24 8 64 9 54 2 44 71 45 38 12 55 25 69 50 19 33 68 27 42 18 26 41 34 76 21 3 36 52 56 17 35 32
    73 55 1 45 62 37 57 60 16 48 18 36 2 66 61 38 70 9 68 29 64 13 39 65 24 30 63 54 32 41 76 43 74 15 25 49 10 59 14 52 35 19 20 69 31 22 23 56 53 8 7 12 78 46 77 42 26 50 79 17 34 6 58 40 75 72 27 67 44 33 28 51 71 21 3 47 5 11 4
    9 43 3 31 59 29 23 27 73 50 45 58 22 49 42 35 67 71 15 12 21 54 69 38 36 78 44 39 4 64 47 25 62 79 32 6 74 72 77 16 51 63 60 19 26 30 68 57 8 55 61 46 76 65 70 41 53 20 18 10 5 37 13 66 48 7 28 75 17 33 1 34 52 56 11 40 24 2 14
    15 51 34 29 3 8 66 28 58 60 2 1 69 10 75 6 68 78 56 77 4 55 79 43 26 30 16 57 11 49 40 18 19 74 25 65 41 7 52 14 73 5 22 72 44 27 12 36 17 32 76 62 59 39 70 23 33 48 42 63 71 13 61 53 35 54 9 67 37 24 47 64 45 31 46 50 21 20 38
    23 22 17 45 5 62 59 41 47 26 78 73 36 68 4 43 33 28 7 67 20 8 63 71 61 24 32 65 72 13 35 54 76 55 69 19 31 37 77 79 75 48 21 51 27 25 34 49 3 30 44 40 12 58 29 53 1 56 6 50 52 46 16 10 57 64 11 66 39 2 9 60 15 42 38 70 14 74 18
    78 15 77 21 31 45 26 70 27 50 52 62 28 6 19 72 73 49 4 18 39 9 37 54 60 69 57 30 40 59 42 20 68 36 38 29 66 16 64 1 65 55 35 5 8 44 7 51 25 14 63 74 47 23 13 67 12 10 33 48 43 3 76 75 17 61 79 24 11 53 34 2 56 41 22 46 58 32 71
    43 78 28 72 27 70 31 71 35 10 2 14 60 76 75 23 33 30 19 16 38 29 66 77 41 39 25 67 65 40 47 52 49 26 1 37 6 34 13 32 21 17 4 18 74 46 22 69 45 7 5 48 56 15 73 44 57 12 79 8 20 63 62 36 54 64 55 68 42 50 24 51 9 3 61 59 11 58 53
    27 23 79 53 10 25 49 56 2 38 17 19 41 22 9 8 33 78 30 29 26 40 24 14 54 47 3 73 61 77 21 57 16 65 28 15 42 18 60 6 62 69 1 67 59 34 50 11 36 44 63 74 46 72 58 4 70 5 13 66 52 32 7 43 75 71 20 35 31 39 45 12 68 48 51 55 37 64 76
    47 73 9 26 60 55 58 34 24 32 20 31 42 30 71 66 10 67 44 64 59 7 76 77 62 3 51 65 50 6 33 22 46 5 49 21 2 57 23 52 78 70 40 35 36 29 75 14 54 61 43 72 45 19 12 16 25 68 1 56 69 4 39 48 28 8 63 53 37 79 38 15 17 18 11 41 13 27 74
    29 42 22 30 17 23 40 24 61 76 74 1 69 43 20 53 55 68 36 78 72 66 67 79 75 77 46 59 14 49 7 12 10 58 25 73 47 60 27 52 62 45 64 4 16 3 63 44 65 48 26 35 28 8 31 11 54 15 32 5 57 33 56 50 41 2 39 38 19 71 6 70 51 18 9 34 37 21 13
    12 69 55 74 39 57 30 51 25 17 70 40 9 33 5 73 26 3 43 28 23 14 34 29 71 62 7 63 58 41 2 60 67 21 13 46 45 32 78 59 6 37 1 18 61 72 19 53 42 68 35 8 11 56 24 16 65 15 52 44 75 36 10 49 76 20 4 79 27 47 54 66 38 48 22 64 31 77 50
    21 8 31 77 16 20 66 69 75 40 70 72 28 48 73 13 12 27 17 33 61 37 47 65 52 7 57 14 5 53 45 11 59 35 22 39 6 41 62 26 4 60 79 63 32 30 56 3 38 76 54 55 25 29 9 67 64 49 78 18 68 51 71 50 42 2 44 46 43 15 58 19 1 36 23 74 24 10 34
    25 13 57 66 22 3 75 69 21 55 65 17 48 63 51 33 53 34 15 49 58 54 60 73 68 5 11 19 24 77 30 45 40 32 6 56 23 41 62 26 44 74 50 39 31 14 70 10 52 61 43 38 29 79 9 47 42 18 78 2 35 72 36 28 46 64 27 76 1 7 20 12 37 67 4 8 59 71 16
    73 22 52 69 2 63 55 71 8 37 41 72 19 27 5 53 43 70 48 68 24 46 40 9 1 45 75 76 38 34 6 77 35 78 56 18 23 59 31 17 21 15 66 64 65 3 14 25 4 29 67 33 28 20 47 16 7 36 54 30 57 12 74 32 51 60 11 26 10 62 79 50 42 49 44 61 58 39 13
    23 8 74 24 55 10 20 1 54 75 58 35 61 6 22 50 48 3 43 17 36 32 49 14 34 2 26 56 31 71 77 11 52 51 12 38 21 47 33 62 67 70 7 28 69 72 60 18 76 66 13 78 45 4 79 39 29 73 19 63 16 5 27 9 64 65 68 59 57 41 44 40 46 37 15 53 30 25 42
    50 79 55 74 51 62 43 42 33 39 45 11 72 32 27 54 44 65 14 24 36 56 73 75 10 60 29 47 15 66 38 52 6 21 13 37 61 48 17 71 53 78 25 59 3 40 49 69 30 31 23 19 26 58 63 34 35 18 20 67 46 16 1 57 68 7 28 41 12 5 70 4 76 2 77 22 8 64 9
    25 54 3 26 1 60 67 38 41 21 27 22 4 68 62 46 24 69 55 15 57 66 17 47 65 74 2 35 51 63 9 8 10 12 39 16 37 75 5 77 36 50 29 19 72 42 56 7 34 59 31 14 49 11 76 32 48 70 33 52 79 20 71 40 18 53 78 45 13 43 30 6 44 23 28 61 73 58 64
    16 35 8 49 36 24 42 50 13 29 53 63 40 69 45 56 18 38 70 59 44 3 10 75 30 25 72 77 71 51 27 58 34 9 54 66 19 65 60 1 2 79 68 76 15 33 64 43 4 6 78 26 67 20 22 21 12 62 31 7 23 57 14 37 11 41 28 17 48 61 32 52 46 74 5 47 55 39 73
    41 28 73 26 67 22 79 20 56 77 55 74 18 45 39 63 75 8 2 31 59 40 76 15 35 69 6 16 48 24 5 4 68 3 44 66 71 46 62 32 70 12 52 1 17 25 78 51 11 29 53 58 14 7 36 10 33 23 43 27 49 38 47 61 21 19 60 72 9 65 54 42 30 37 34 13 57 64 50
    31 22 35 20 43 50 2 29 67 18 65 68 21 53 25 56 71 54 32 44 23 55 8 69 58 33 11 57 52 7 76 17 63 30 5 42 78 9 45 26 16 39 40 72 49 66 4 6 38 64 28 3 24 41 10 51 48 70 59 14 37 73 15 79 75 60 1 62 47 61 12 19 13 74 46 77 34 27 36
    75 60 66 56 10 22 33 53 51 39 78 65 52 71 49 54 79 55 46 3 40 15 29 62 2 31 19 6 61 64 36 70 27 18 77 35 50 38 45 7 59 63 37 12 11 42 30 20 72 41 73 28 25 43 32 17 58 68 5 48 76 57 26 8 16 9 74 1 14 44 67 21 34 23 4 24 69 47 13
    76 8 37 78 54 35 43 48 17 79 45 61 64 21 19 33 55 10 46 12 49 51 52 57 1 50 11 40 14 30 67 7 66 32 53 69 58 23 22 47 31 77 4 6 15 68 59 44 70 39 16 29 24 65 27 72 13 3 73 63 25 62 9 5 75 36 71 28 2 38 26 56 34 60 20 18 74 42 41
    12 38 35 43 33 23 76 41 48 27 63 24 57 19 14 42 62 77 20 55 8 61 30 67 66 21 75 59 18 2 16 25 37 40 58 22 31 79 9 39 1 7 34 5 47 78 6 64 32 70 11 29 50 73 10 68 4 74 53 65 60 46 72 71 13 26 52 51 28 45 36 17 54 69 15 44 49 56 3
    69 74 1 13 44 22 54 72 73 46 25 14 2 8 55 31 61 77 52 6 50 33 17 37 32 29 45 60 75 19 4 49 28 64 34 23 18 11 5 70 30 51 26 66 10 21 62 43 42 9 48 56 59 24 36 76 40 27 68 53 20 15 58 39 71 38 57 78 63 12 3 41 35 65 67 79 16 7 47
    71 79 37 53 59 10 33 40 46 49 20 17 74 45 25 64 30 9 26 69 44 1 41 14 29 39 3 54 50 23 34 4 32 72 7 56 13 55 47 78 61 42 38 2 73 66 63 67 52 43 11 60 21 22 24 6 31 35 58 76 15 12 70 18 51 62 19 75 8 28 27 5 57 16 77 68 65 48 36
    26 42 15 16 35 36 2 47 29 25 48 49 71 34 18 55 20 10 53 6 37 68 3 72 62 58 78 77 67 79 70 60 59 41 54 31 8 13 46 39 38 7 76 17 12 74 64 56 75 73 9 32 27 22 24 19 44 43 50 11 5 63 69 4 66 40 61 45 51 30 1 57 65 14 21 33 28 52 23
    9 67 20 37 34 26 71 38 61 60 64 16 18 40 32 7 66 48 58 74 51 24 39 21 1 41 25 78 35 12 77 68 55 22 13 49 63 70 59 75 65 73 28 56 2 45 23 14 69 52 54 6 31 19 53 4 10 46 43 33 57 5 79 11 30 44 62 42 29 76 8 50 72 3 47 27 36 17 15
    17 52 49 48 71 11 61 62 23 38 68 4 73 78 33 28 57 2 3 67 34 79 13 72 29 37 77 18 32 76 8 63 9 7 30 56 15 26 39 36 25 44 43 6 14 55 31 19 46 65 45 22 41 54 40 21 24 47 1 66 58 75 69 42 59 70 60 10 50 74 27 12 5 16 51 20 35 53 64
    43 38 68 20 56 6 21 16 2 19 70 37 46 71 12 72 79 76 61 30 64 1 41 32 58 26 65 15 35 39 54 62 53 60 28 29 57 27 9 22 67 66 10 48 34 18 55 50 3 69 45 47 59 49 23 75 17 7 44 42 78 14 40 13 33 77 24 8 36 73 74 63 5 52 11 31 51 25 4
    49 38 41 71 16 59 36 13 34 56 67 79 58 1 43 42 4 8 15 28 18 44 47 48 45 73 26 12 70 75 50 63 6 54 33 46 65 3 61 11 27 57 20 2 55 5 24 9 68 76 23 14 52 29 53 19 78 25 37 40 74 32 21 60 51 17 62 7 72 39 30 31 22 69 10 77 35 64 66
    22 78 45 71 76 41 35 14 44 54 56 21 43 13 34 49 2 30 77 29 63 31 68 79 57 38 12 7 10 72 64 55 53 58 4 25 3 42 37 33 32 61 23 47 20 51 46 60 16 73 66 15 6 9 24 17 27 69 52 5 11 18 75 67 48 74 70 39 59 65 40 50 36 26 28 1 8 19 62
    4 44 61 64 23 65 27 59 53 25 47 17 79 9 48 19 74 78 15 10 43 24 37 13 38 63 20 52 70 28 1 7 66 31 2 75 72 3 54 57 29 71 39 58 16 56 67 21 62 33 42 34 40 30 60 76 8 6 69 77 18 68 35 45 41 26 32 11 46 5 50 12 14 49 73 36 55 51 22
    11 29 61 62 55 21 77 28 67 9 66 46 73 78 64 58 49 39 12 41 30 20 6 65 16 40 17 8 71 60 50 59 24 7 43 19 42 25 57 48 51 34 63 27 47 5 56 36 52 38 31 33 69 2 14 26 22 35 75 3 70 15 74 53 44 54 37 1 13 72 76 68 45 18 10 32 4 79 23
    67 23 21 55 76 50 18 1 57 35 32 20 63 16 24 7 71 11 8 56 62 68 54 15 37 12 43 51 59 17 72 34 14 53 75 5 30 65 6 74 49 61 40 3 33 60 58 28 46 44 25 10 41 2 48 4 27 45 52 66 79 77 29 19 26 47 22 38 39 69 64 13 9 78 70 31 73 42 36
    50 14 18 40 77 42 31 10 30 57 58 61 45 33 13 76 78 55 6 60 25 73 20 11 64 17 23 4 12 46 67 15 59 65 69 53 79 74 43 39 66 49 22 48 51 35 7 32 34 54 26 28 24 63 41 1 36 47 21 38 27 52 68 62 72 70 19 16 5 44 71 9 37 75 56 2 8 29 3
    29 55 47 15 31 66 52 67 48 9 61 1 11 28 45 44 8 13 63 35 7 20 79 32 21 34 25 54 2 40 71 78 19 3 6 17 49 39 24 70 58 27 16 23 26 46 69 12 76 73 57 64 41 38 18 37 72 50 62 51 74 65 68 33 36 10 75 30 59 60 42 56 4 5 53 43 14 77 22
    79 19 29 22 76 32 65 46 57 37 72 24 30 21 10 20 38 7 54 12 2 15 18 66 41 14 28 36 58 50 45 6 23 40 39 64 77 67 31 53 44 55 49 52 17 78 47 62 4 26 9 74 1 68 16 11 59 33 27 71 70 60 13 35 61 69 63 3 25 42 48 8 5 73 51 75 43 56 34
    45 10 13 75 37 15 26 63 34 68 50 66 7 14 49 41 18 60 11 27 5 47 8 44 12 4 6 52 24 64 53 71 76 25 33 54 72 29 19 58 70 61 69 40 57 31 38 32 39 42 43 16 65 77 55 48 23 20 36 22 46 30 17 74 56 73 2 3 9 21 67 1 78 28 59 51 35 62 79
    9 64 15 5 44 14 42 36 51 71 3 7 72 76 41 4 26 24 11 33 78 60 52 12 53 59 68 43 46 10 16 49 40 39 47 58 38 55 74 67 20 77 30 32 2 13 63 65 79 48 19 66 34 1 6 57 25 75 21 8 35 56 27 45 17 54 62 69 18 50 22 70 29 31 23 37 28 61 73
    5 14 65 54 73 53 19 57 26 48 11 41 43 72 10 64 38 46 67 28 16 52 33 70 36 34 18 40 27 47 20 25 77 71 62 2 37 68 6 31 32 15 17 50 1 55 45 42 24 23 7 74 39 59 49 3 75 30 21 13 12 35 56 60 79 66 8 69 29 63 4 22 58 9 78 76 51 61 44
    10 13 67 14 29 62 12 39 50 6 76 68 1 75 53 33 42 49 65 45 5 74 57 77 43 63 41 30 22 59 3 52 37 4 18 25 79 23 7 9 56 55 54 8 64 28 60 72 19 34 66 36 20 31 16 48 11 70 15 51 27 69 46 61 32 17 44 35 2 78 21 24 26 47 73 40 71 38 58
    43 45 5 74 47 73 23 39 62 57 72 76 37 30 44 6 51 20 16 64 2 59 11 71 33 35 54 67 34 29 15 77 8 12 52 31 78 41 38 27 9 58 19 28 25 4 53 75 69 1 36 46 26 61 13 68 65 32 24 48 22 79 70 18 3 42 66 14 10 56 60 21 63 55 49 17 50 40 7
    32 42 66 8 28 17 76 48 56 46 9 4 53 65 10 61 35 34 2 45 37 70 74 73 68 7 36 15 72 23 52 30 25 58 60 44 31 75 11 6 18 57 22 54 64 20 41 55 33 24 67 79 14 26 12 21 69 62 71 5 27 78 29 13 1 40 63 39 51 50 43 47 59 49 19 77 16 38 3
    53 41 54 30 48 66 71 76 52 61 47 28 59 17 72 46 69 39 23 35 2 57 55 43 4 44 58 21 27 13 33 29 1 26 75 64 12 42 49 15 74 22 18 20 25 8 38 16 63 11 60 24 73 14 6 40 36 77 5 32 51 10 65 70 3 78 19 7 62 79 67 68 45 37 56 9 31 34 50
    38 72 11 70 1 79 32 16 9 51 31 44 64 78 43 39 61 73 54 37 22 5 69 52 23 25 50 10 62 29 12 57 76 55 21 14 18 65 7 4 26 66 35 28 42 53 30 46 48 45 36 15 41 49 33 27 8 3 59 74 17 6 34 47 13 60 75 71 19 63 58 2 40 68 20 77 67 24 56
    67 66 74 70 6 20 68 41 2 37 29 63 22 52 69 21 57 9 38 19 1 73 56 77 26 12 79 28 43 71 23 35 13 61 18 34 17 30 60 27 15 24 33 64 59 58 40 49 48 32 78 39 25 76 46 7 10 62 31 5 45 53 42 54 11 36 16 72 55 4 8 3 50 14 65 75 44 47 51
    77 38 57 20 22 79 35 51 2 4 12 17 3 39 54 27 73 13 25 5 55 33 74 42 36 67 71 24 53 49 30 48 21 1 7 65 59 68 10 50 75 18 15 9 76 47 11 72 26 28 58 70 37 64 69 78 46 41 14 29 44 63 52 16 6 40 34 66 31 19 61 45 32 23 8 60 43 62 56
    41 59 53 15 6 25 60 28 44 45 8 10 55 71 68 43 12 54 67 65 72 33 2 31 14 38 1 75 35 24 30 52 49 66 42 19 74 64 40 18 29 16 58 56 69 9 61 21 5 36 48 79 46 13 27 76 63 34 7 77 11 26 78 62 22 3 73 37 4 70 50 20 32 17 57 23 47 39 51
    41 48 46 24 18 79 43 66 35 36 3 76 77 21 8 63 74 20 45 42 71 64 27 58 40 7 65 26 61 50 69 44 56 11 57 5 78 68 51 53 52 1 49 39 12 10 16 29 33 30 55 19 38 13 70 32 25 59 73 75 60 2 9 22 34 14 15 28 72 4 17 62 54 6 47 31 23 67 37
    75 77 57 5 4 62 71 69 39 60 55 72 6 13 9 16 51 68 17 11 21 66 28 44 76 30 31 64 22 12 48 26 23 43 36 18 78 65 38 58 70 56 59 19 7 27 2 50 42 53 49 41 20 40 8 29 10 34 37 32 14 67 61 79 52 35 3 25 24 63 74 1 46 47 33 15 54 73 45
    42 19 25 47 65 6 58 71 7 20 64 18 50 36 24 66 8 11 76 34 63 31 13 27 51 57 33 59 72 73 55 78 23 1 44 43 49 61 40 35 53 56 5 14 67 2 68 45 60 15 26 46 37 12 41 52 22 38 69 48 9 16 29 77 75 74 79 21 28 30 70 10 62 17 3 54 39 4 32
    64 48 15 7 9 41 26 70 37 43 77 35 13 28 14 22 78 29 38 1 44 49 68 50 32 21 34 63 55 62 61 40 25 16 19 69 59 36 46 6 67 47 12 20 60 54 66 8 4 74 42 58 33 17 75 24 56 53 10 31 57 18 27 65 72 39 3 79 2 5 73 76 23 71 51 30 52 11 45

