80

    42 13 68 67 77 44 38 6 11 66 58 54 29 23 3 26 30 57 12 21 47 1 32 39 8 18 22 64 9 78 49 43 45 63 17 31 59 34 28 52 80 61 7 41 72 37 2 15 62 71 27 56 19 75 20 50 33 16 36 76 4 14 40 73 79 46 60 48 25 24 53 51 74 70 5 10 65 35 69 55
    63 60 50 43 4 48 75 2 36 66 33 21 79 69 39 78 31 52 15 26 38 3 6 10 56 58 29 57 72 27 55 1 32 65 9 67 49 71 40 16 22 12 37 7 64 8 30 11 41 46 20 59 17 62 77 74 44 25 18 13 51 28 14 70 53 54 73 61 42 68 23 34 76 24 80 45 5 35 19 47
    30 66 36 40 1 80 4 64 47 35 63 28 46 16 41 67 21 60 49 70 8 39 62 5 17 54 10 15 68 19 45 44 27 71 53 13 42 65 37 58 7 31 51 20 61 69 24 57 2 9 43 33 25 18 6 14 74 12 50 59 75 55 38 26 23 56 52 72 73 3 48 77 78 22 79 32 76 34 11 29
    37 40 49 54 7 42 18 69 33 43 17 56 46 51 53 68 76 50 13 10 79 63 71 61 60 75 44 32 28 15 11 8 74 45 23 52 67 35 24 34 22 64 12 58 5 9 2 55 77 66 25 27 26 38 80 47 65 4 16 36 78 29 14 73 59 19 62 1 21 31 6 30 39 41 20 70 57 48 72 3
    7 13 35 5 14 58 72 4 18 53 55 79 59 26 34 74 48 10 15 2 44 20 78 22 70 21 52 46 49 68 69 11 19 41 38 33 12 9 6 3 66 31 17 47 76 56 63 32 23 64 30 29 24 54 77 62 27 1 25 71 16 8 67 28 57 36 45 61 40 80 73 50 39 65 37 43 42 60 75 51
    35 38 50 43 12 15 6 75 21 44 48 77 16 80 62 26 23 74 61 64 24 13 10 57 71 4 78 59 34 9 37 30 76 1 41 14 25 72 58 7 28 47 54 55 79 67 31 45 73 40 3 39 66 8 56 18 2 19 49 29 46 11 22 63 51 33 32 60 69 53 65 52 42 70 20 17 27 68 36 5
    34 12 43 16 49 65 15 55 9 31 63 35 37 71 66 33 28 10 23 7 3 46 4 45 50 18 54 42 1 5 69 6 29 70 57 47 8 13 38 62 64 68 76 22 17 20 39 25 79 59 80 67 77 40 48 21 14 11 72 41 51 61 44 75 53 36 78 56 74 19 27 24 73 52 2 30 60 26 58 32
    60 28 2 43 1 74 37 7 36 75 17 4 27 59 22 49 38 33 80 31 48 54 73 76 8 61 15 26 25 44 62 56 70 46 16 19 35 5 64 20 66 23 69 3 78 77 9 12 65 67 50 41 55 24 6 14 39 72 30 29 63 18 57 58 45 52 10 13 53 42 47 51 32 71 68 40 21 11 79 34
    73 62 51 57 15 36 50 61 13 38 23 78 64 29 60 49 41 16 28 72 14 63 17 34 56 18 39 77 69 24 74 25 27 40 33 55 26 42 6 21 59 43 19 67 35 58 7 32 5 1 45 47 11 53 70 66 75 48 12 52 44 37 76 2 54 20 22 65 30 46 4 71 10 3 80 79 8 31 68 9
    49 59 67 45 39 20 43 55 8 22 29 78 16 24 38 26 58 7 35 12 18 73 66 62 68 10 46 79 74 2 61 60 64 41 54 32 57 75 50 28 1 69 76 4 44 48 33 47 3 5 6 25 21 30 11 9 53 71 27 51 34 42 80 23 65 31 36 14 63 15 17 56 13 40 77 70 52 72 37 19
    72 1 9 80 33 64 18 55 31 68 57 2 15 76 46 35 53 14 13 8 58 7 51 39 40 45 4 48 66 38 28 50 62 78 41 47 23 74 36 17 43 65 77 61 44 22 67 54 20 75 52 3 34 59 21 24 12 30 63 49 11 70 19 69 10 26 56 73 6 16 71 32 37 29 60 79 5 42 27 25
    67 15 58 56 30 11 40 12 55 7 72 20 21 71 63 17 26 51 59 73 23 69 46 44 60 5 8 9 31 32 49 38 34 54 74 22 25 3 39 16 27 77 29 35 76 66 50 19 13 37 6 10 75 62 52 18 78 70 80 53 43 14 24 1 64 61 47 42 48 33 4 45 2 36 28 68 65 57 41 79
    38 24 33 71 49 15 47 53 17 72 74 79 25 54 78 11 69 34 55 1 23 3 29 59 40 12 61 2 57 14 48 21 62 80 75 10 22 5 63 65 60 76 77 30 50 51 37 56 16 28 9 44 45 7 64 39 67 26 52 43 6 73 35 13 20 58 8 68 66 70 4 46 18 42 19 41 27 36 31 32
    80 6 17 64 79 44 60 10 61 72 5 4 77 66 73 65 62 33 27 7 55 43 15 42 38 69 32 63 12 59 28 50 14 13 19 1 37 70 36 35 48 47 3 40 16 26 57 23 49 45 52 74 18 22 46 67 34 54 56 75 20 53 11 25 51 29 8 21 68 71 24 31 30 39 9 78 41 58 2 76
    51 38 77 55 16 35 74 76 3 7 59 19 36 22 58 68 70 13 44 80 75 24 57 18 66 64 9 21 43 72 67 5 42 12 10 8 62 27 48 63 41 23 31 47 2 40 69 61 60 73 20 11 39 71 54 53 17 34 78 49 29 45 15 26 30 37 65 46 28 50 25 52 56 4 6 33 32 79 1 14
    28 30 54 3 32 65 9 63 5 80 37 1 38 35 79 64 23 58 62 21 59 40 69 20 68 16 60 24 8 43 52 72 73 26 14 77 56 7 57 76 48 17 10 41 22 4 39 74 13 71 61 49 19 34 46 25 44 36 31 55 51 75 18 78 70 29 6 66 27 47 2 45 67 53 33 15 12 42 50 11
    27 7 71 58 15 62 4 13 8 54 38 44 70 64 56 42 59 37 12 20 1 14 72 6 55 77 61 19 79 18 23 11 74 28 40 66 52 63 33 36 25 50 48 69 78 24 26 9 43 21 75 67 68 51 65 53 17 46 41 35 73 57 60 31 3 16 49 32 34 39 10 30 22 76 2 80 45 47 29 5
    69 26 48 15 41 2 80 24 20 21 33 68 43 11 3 35 58 8 79 16 46 23 5 12 57 44 18 71 14 75 65 64 38 4 34 40 76 29 27 22 50 67 77 28 30 56 49 39 17 32 25 37 78 55 36 1 10 45 59 74 9 63 13 54 70 66 42 19 47 31 62 53 51 52 61 7 72 73 6 60
    73 76 21 20 36 72 27 46 64 62 77 57 35 23 69 25 74 59 44 54 51 26 18 75 47 10 33 3 8 79 78 6 39 58 37 22 49 42 70 55 56 7 41 4 15 30 34 5 31 61 66 60 19 48 50 9 2 32 11 17 52 67 13 63 43 1 45 65 29 53 71 40 38 16 80 12 68 28 24 14
    16 79 71 50 24 59 60 6 54 38 65 27 25 66 17 75 44 10 39 15 5 68 63 42 23 28 78 19 12 76 37 67 30 74 48 61 9 33 22 56 4 20 36 57 34 47 62 64 7 69 58 29 73 46 80 45 49 53 18 1 32 72 35 41 3 26 11 14 21 8 70 77 40 55 51 13 52 43 31 2
    14 52 73 28 65 56 77 8 66 40 30 74 18 35 11 63 9 29 75 34 13 22 44 59 27 50 68 72 46 36 58 60 37 20 76 6 26 5 4 25 15 54 43 53 41 61 62 69 2 55 1 80 3 21 71 33 12 24 49 51 16 32 23 19 7 78 64 48 67 79 38 57 10 39 42 31 47 17 70 45
    33 15 65 31 13 21 73 57 60 10 11 44 54 5 27 69 4 34 38 63 76 20 32 51 58 12 48 62 39 53 19 80 50 74 37 41 35 52 22 61 72 16 18 66 40 3 2 14 1 71 9 77 6 46 25 26 28 45 17 23 7 43 24 8 49 64 42 78 70 29 67 75 79 59 47 30 56 55 36 68
    28 60 69 65 73 48 66 56 9 41 36 61 75 44 24 34 76 68 17 35 39 5 79 63 12 23 71 29 27 40 15 77 58 59 74 42 50 3 32 20 18 21 52 37 45 10 64 55 80 13 14 2 25 1 53 19 4 43 22 57 7 67 31 49 47 16 70 51 72 11 8 30 46 78 26 62 54 6 38 33
    33 11 9 35 37 63 65 14 71 17 62 75 74 24 19 78 77 15 21 25 30 64 6 20 16 3 79 52 31 44 67 47 18 5 54 70 76 10 28 61 7 68 23 38 1 2 59 42 69 29 32 40 45 13 51 26 50 48 39 8 58 36 60 34 72 12 43 49 27 46 4 53 55 80 57 66 22 73 56 41
    15 61 37 70 49 63 51 22 8 11 23 72 4 25 66 69 30 28 64 48 36 12 54 35 53 76 27 14 6 34 73 26 44 1 3 13 46 7 31 77 52 78 62 33 18 17 71 19 50 39 38 65 47 75 32 57 20 80 21 45 67 79 10 42 9 16 41 55 43 74 68 2 29 24 5 59 40 56 60 58
    34 21 44 18 78 61 80 43 27 55 19 47 39 42 24 66 4 69 67 30 31 63 10 32 20 73 22 57 41 68 70 59 28 50 29 53 26 74 7 25 33 76 65 6 77 52 12 40 72 35 48 14 8 16 11 56 71 51 23 17 9 49 5 1 60 3 38 37 45 2 64 54 46 58 15 75 79 13 62 36
    62 53 29 65 30 10 49 6 22 71 5 54 75 61 16 9 8 11 47 18 52 48 68 72 37 76 26 27 14 50 31 78 73 24 38 39 51 57 66 34 20 21 17 1 55 19 2 25 33 70 43 32 64 67 28 44 74 23 35 80 40 36 41 45 13 46 56 63 77 59 15 4 69 7 12 79 58 60 3 42
    47 23 31 37 26 49 1 7 10 51 6 32 8 48 4 30 11 19 18 24 25 41 61 60 45 5 74 65 66 44 55 46 38 20 69 3 64 39 28 79 42 9 67 13 80 14 77 12 16 59 71 70 50 73 56 35 76 34 36 62 15 2 40 68 52 22 63 21 17 78 75 53 54 29 58 33 57 72 27 43
    76 3 23 63 44 59 43 65 60 47 29 57 33 45 16 11 32 40 12 75 20 54 10 70 64 39 30 14 69 36 50 55 22 74 5 2 80 13 49 46 19 71 56 37 42 52 73 62 21 61 1 34 25 58 68 41 27 28 8 38 9 78 53 67 18 35 31 7 17 26 79 48 4 15 6 24 72 51 77 66
    8 73 17 21 43 78 26 1 35 19 23 31 4 72 66 77 68 58 33 16 63 7 75 40 5 67 20 45 44 15 53 46 25 39 79 29 42 24 27 49 54 48 61 41 47 57 51 38 18 10 14 36 80 56 32 59 70 50 28 37 71 55 69 22 34 74 64 9 60 62 6 2 11 12 30 76 52 13 65 3
    17 3 24 20 21 4 76 11 22 49 42 40 19 63 73 55 79 52 59 57 51 28 58 47 5 66 74 34 68 56 44 77 16 71 62 18 13 10 61 80 67 72 64 33 60 2 7 37 8 35 48 41 30 75 70 26 1 9 46 39 53 25 27 69 29 12 23 32 14 31 50 45 6 43 65 78 36 15 38 54
    58 69 23 14 47 40 53 54 1 51 28 34 37 20 55 42 71 68 7 8 6 60 70 44 79 29 67 72 74 2 30 41 46 9 10 38 80 16 56 12 24 3 45 33 65 77 15 52 27 61 76 75 66 22 63 59 50 18 49 19 62 25 13 11 21 48 31 36 17 35 39 5 43 73 32 4 26 64 57 78
    29 4 39 37 34 5 51 76 58 48 33 1 10 7 24 11 56 77 2 55 41 8 25 59 31 12 14 19 80 30 28 6 13 68 23 27 63 18 79 16 65 52 60 15 35 40 47 17 66 75 32 61 26 50 73 64 43 62 42 78 44 38 54 36 67 71 70 45 21 69 22 9 72 46 53 74 57 3 20 49
    53 43 39 78 75 58 73 57 42 67 17 80 68 74 32 35 45 5 30 76 26 33 29 59 36 40 7 56 3 23 37 6 8 11 70 52 4 49 63 34 66 60 14 24 27 41 31 62 48 20 2 55 44 19 25 51 64 54 47 16 69 38 15 65 61 10 18 9 46 12 13 50 77 28 22 79 1 72 21 71
    27 24 70 28 44 76 5 49 56 69 30 29 39 74 58 6 32 46 53 71 78 52 55 73 18 15 22 12 35 10 17 16 31 48 65 1 68 54 8 9 11 67 66 51 59 25 13 61 64 80 43 41 45 36 50 79 14 77 42 20 38 26 19 34 40 33 7 47 23 37 72 2 60 62 4 63 57 21 75 3
    11 29 38 35 36 61 79 12 45 76 64 53 21 3 31 23 51 2 49 72 9 54 13 62 63 33 18 30 34 25 10 37 78 47 48 56 14 41 67 66 58 75 27 20 40 69 71 65 28 73 5 8 52 57 77 50 19 46 26 80 4 6 68 16 59 24 1 7 44 42 39 32 22 60 55 15 70 43 74 17
    63 5 58 6 76 29 28 68 37 74 39 56 26 9 46 51 25 71 34 32 52 30 64 11 47 4 17 43 59 53 15 54 44 45 8 61 22 70 21 50 48 72 67 38 77 62 65 42 31 60 23 73 16 55 33 2 80 75 69 66 49 7 36 40 78 24 35 10 1 79 3 12 19 27 18 57 20 41 14 13
    68 33 58 23 45 31 71 12 80 66 79 43 39 30 2 25 26 76 64 65 57 10 21 38 19 40 75 28 42 55 62 77 5 27 41 34 3 22 35 46 36 8 16 47 60 67 14 73 50 1 69 9 24 29 78 63 70 13 72 54 53 48 15 52 6 61 17 4 44 18 37 51 7 32 59 20 11 49 74 56
    51 53 72 38 60 33 69 32 57 26 5 77 42 64 28 23 21 48 22 62 74 78 10 68 14 44 52 63 31 46 17 29 58 11 9 43 76 35 13 34 66 8 79 49 47 56 18 37 36 61 20 40 16 59 4 7 6 55 45 65 12 19 80 73 1 25 54 50 75 2 41 70 3 67 15 39 71 30 27 24
    33 27 28 62 31 6 73 38 16 5 22 56 67 74 75 36 26 12 77 55 29 59 41 69 20 10 39 14 23 47 25 45 51 4 58 37 8 32 79 76 49 63 21 7 30 35 44 3 68 80 9 61 18 13 43 70 1 50 64 46 24 15 57 2 19 71 65 11 54 52 17 66 60 40 42 53 48 72 78 34
    27 70 18 4 50 8 78 9 12 69 52 28 11 24 66 65 53 15 29 74 1 44 42 75 22 19 57 68 63 47 59 48 23 58 55 51 79 72 20 7 37 67 73 25 38 56 40 34 33 45 17 80 60 31 35 41 64 13 54 46 26 36 16 14 43 2 76 71 39 30 5 6 61 77 21 49 62 3 10 32
    75 52 50 35 36 72 62 30 67 17 63 41 58 64 20 73 60 15 38 26 79 5 53 10 23 9 76 48 12 19 34 44 3 32 8 51 80 46 45 49 69 29 18 65 13 43 68 27 33 2 42 59 25 70 1 39 7 74 31 37 71 22 14 56 4 28 21 40 6 47 54 55 57 78 61 11 77 24 16 66
    70 45 66 50 8 22 30 33 25 5 32 69 26 16 72 55 34 75 44 40 46 27 68 61 20 10 2 3 78 76 64 42 36 24 62 28 56 47 6 51 31 18 23 14 59 38 79 12 54 71 65 49 77 35 57 13 39 67 9 19 11 37 43 29 58 4 74 48 17 1 21 73 80 53 41 7 52 15 60 63
    8 24 15 54 5 41 25 80 37 68 28 12 48 53 63 46 38 45 55 27 56 20 22 78 42 40 19 32 71 39 3 7 64 9 1 23 50 67 10 59 70 79 57 43 69 74 51 49 17 60 58 33 16 2 26 72 34 75 66 36 14 29 47 44 65 35 30 13 31 73 4 77 52 76 6 62 18 11 61 21
    79 78 22 67 76 35 69 51 19 77 24 10 7 9 29 53 27 5 41 46 56 58 47 4 55 62 8 49 59 2 36 34 3 48 65 31 44 17 12 18 15 80 64 61 23 11 57 54 39 6 60 68 42 66 72 52 32 71 43 70 14 74 45 37 20 63 30 16 28 21 73 26 40 75 1 38 33 25 50 13
    1 7 47 15 35 32 33 9 52 24 59 76 3 55 77 80 12 34 46 73 63 48 17 40 72 69 36 53 22 50 27 29 38 26 2 54 79 66 5 44 39 41 8 20 25 64 71 62 18 21 65 16 19 14 37 70 74 30 51 6 43 31 23 75 45 68 78 13 42 49 57 67 10 58 4 56 11 60 28 61
    51 35 40 76 5 68 23 41 25 30 31 59 11 15 77 21 33 13 20 2 12 58 37 66 27 49 7 38 73 69 52 36 14 55 43 45 42 60 9 74 18 47 71 67 57 17 63 44 56 64 48 50 4 6 10 3 24 46 70 29 80 8 19 62 75 28 34 22 79 65 32 1 72 26 78 39 16 53 54 61
    14 31 62 45 65 43 34 77 25 29 66 27 30 41 6 37 75 68 26 59 44 72 36 3 80 54 24 63 9 57 56 32 38 4 11 55 50 47 18 79 58 19 53 78 35 12 33 5 23 28 46 10 1 2 48 17 22 71 16 49 21 20 74 39 60 76 13 7 61 15 40 42 69 64 8 67 51 73 52 70
    5 20 8 28 36 53 15 10 33 11 32 4 17 24 16 40 56 46 52 42 37 48 72 38 73 55 22 69 14 25 67 74 70 76 78 1 29 19 9 68 50 57 34 80 58 21 41 6 31 65 12 35 30 23 39 27 59 79 60 47 26 63 13 2 62 51 3 45 54 77 43 64 49 66 71 7 18 44 61 75
    18 58 60 61 57 52 36 67 7 68 14 11 77 55 35 80 79 62 6 50 72 41 49 64 44 51 1 19 39 42 46 74 48 28 45 66 23 37 5 70 31 8 76 30 15 21 17 4 53 25 47 24 2 75 73 22 65 34 56 3 13 43 54 71 16 63 10 59 27 20 40 26 29 69 32 78 9 12 33 38
    15 11 30 77 12 38 50 21 26 7 18 44 13 32 31 45 74 68 8 10 46 6 49 51 65 69 28 40 33 79 60 22 9 36 25 27 20 64 52 4 16 72 78 62 61 76 3 71 55 56 47 5 37 66 42 39 53 73 80 1 2 29 59 58 70 48 63 35 75 41 57 67 54 43 14 34 24 17 23 19
    3 19 50 80 49 63 12 51 77 61 70 60 52 25 6 56 64 4 29 39 45 5 27 41 44 43 47 35 15 7 34 42 33 46 57 24 28 72 31 13 54 37 9 76 74 53 20 36 30 18 21 40 67 62 68 22 26 1 65 55 8 16 10 69 75 59 66 71 11 32 23 2 14 17 78 73 48 58 79 38
    24 30 79 62 78 49 57 76 70 10 29 42 54 3 75 59 37 44 71 77 7 58 45 17 12 35 40 48 41 15 6 1 67 69 31 38 56 19 51 5 66 11 21 34 16 8 74 46 32 52 55 28 73 25 26 50 22 43 61 36 39 63 20 47 18 4 72 68 60 53 64 23 65 80 9 27 14 2 33 13
    12 2 7 63 72 73 35 16 51 36 65 24 22 30 43 21 62 4 20 27 26 57 48 14 25 66 8 32 79 80 55 61 1 49 64 67 56 38 69 31 60 46 68 13 15 5 40 50 18 78 71 42 44 58 70 59 3 45 19 53 74 29 37 41 77 34 17 23 76 11 10 47 28 75 54 52 6 9 33 39
    42 32 66 28 73 69 23 16 61 71 15 50 78 48 38 55 79 60 27 8 74 10 14 21 80 68 70 9 19 5 51 35 76 45 52 13 59 17 12 2 77 49 37 25 58 44 22 72 24 6 3 65 56 7 63 39 33 46 29 54 67 64 34 47 4 11 41 62 30 20 40 1 31 36 53 43 57 18 75 26
    1 32 34 72 61 52 58 6 54 17 25 27 71 53 60 21 62 29 48 43 39 44 73 22 49 20 75 50 80 59 35 12 76 55 38 13 79 24 8 51 65 37 56 5 26 28 23 67 4 69 3 15 68 47 66 19 64 18 45 41 74 63 14 11 9 57 16 36 31 40 10 33 78 2 42 30 77 70 7 46
    49 29 18 65 73 48 70 2 40 71 31 5 50 38 34 14 8 54 23 19 58 45 63 24 17 74 53 55 68 44 20 16 75 11 77 33 61 80 1 15 64 28 3 36 66 46 42 35 51 21 7 59 67 43 76 79 12 37 13 32 9 26 57 22 10 6 78 56 62 39 41 47 25 52 30 72 27 69 4 60
    17 69 18 34 13 67 40 74 12 50 28 76 68 72 33 70 37 52 63 66 38 36 4 59 3 54 45 2 32 22 75 19 30 24 78 65 7 15 27 26 41 57 61 48 51 43 79 6 55 73 11 58 5 56 71 10 60 20 25 46 31 35 64 77 39 21 80 1 49 29 42 53 8 47 9 16 44 14 62 23
    15 40 19 54 27 72 16 42 50 29 59 56 24 52 20 26 48 17 65 67 68 55 57 21 28 18 62 13 22 77 47 66 63 60 58 49 9 35 71 4 12 70 37 51 61 41 1 44 14 7 39 53 23 76 79 3 73 64 2 30 43 75 45 33 8 36 32 38 5 69 74 46 34 78 11 25 31 80 10 6
    21 7 29 75 70 49 8 67 43 19 25 15 55 37 56 28 39 48 5 24 23 62 51 60 46 52 57 40 36 1 80 53 45 59 38 13 12 20 50 30 77 58 68 22 73 41 35 54 63 72 44 74 6 14 79 65 4 66 2 27 33 9 32 71 11 47 61 26 64 42 10 3 17 31 78 34 76 16 18 69
    64 40 11 60 20 22 21 16 57 34 49 72 74 30 38 35 1 59 37 9 36 17 33 65 14 51 3 75 28 77 18 5 71 19 53 13 68 2 63 43 6 78 44 76 80 69 25 41 31 52 66 32 29 7 67 10 27 42 79 56 61 24 48 45 50 8 46 4 26 55 54 58 47 73 62 39 15 12 23 70
    39 12 22 23 67 20 17 79 45 9 19 28 64 71 38 70 27 58 49 8 77 60 48 4 37 61 7 72 46 42 55 78 30 16 57 14 59 5 34 52 33 6 53 35 65 63 2 51 62 54 44 76 74 32 21 1 26 41 47 75 11 10 56 25 29 13 80 43 24 18 15 73 3 68 50 40 31 36 66 69
    56 69 77 20 6 78 62 67 10 4 22 33 48 18 34 66 40 29 64 49 37 23 71 9 31 68 42 41 73 80 59 79 11 27 65 2 53 30 44 70 1 63 61 46 72 47 26 57 35 16 45 3 14 19 8 15 12 5 7 76 51 21 38 60 17 36 13 75 24 58 39 43 54 55 52 28 74 25 50 32
    13 53 56 37 68 51 59 74 25 4 8 39 40 62 66 29 70 21 14 75 61 69 80 57 44 52 1 36 47 28 78 32 67 54 64 31 45 30 3 49 58 17 18 9 46 26 35 63 73 43 5 60 10 15 6 34 11 2 23 22 77 65 72 42 41 55 7 19 12 20 33 48 27 50 71 16 38 76 24 79
    41 27 53 31 25 15 62 55 78 14 65 35 19 6 60 47 56 39 32 73 20 22 52 21 49 74 51 30 44 18 72 17 71 36 4 42 75 11 68 46 38 2 28 13 33 16 69 24 64 12 59 45 9 3 8 80 40 10 1 77 67 37 63 5 76 58 43 50 23 34 54 79 61 7 29 66 70 26 48 57
    33 17 48 45 58 25 52 21 8 75 59 80 35 49 74 1 3 27 79 54 46 47 37 22 61 60 44 13 73 68 23 30 55 7 62 41 63 53 10 14 28 26 38 66 56 29 43 16 50 6 18 76 69 70 12 72 42 65 78 11 34 57 67 77 4 2 39 9 71 36 32 51 5 40 31 64 20 15 19 24
    73 43 17 24 41 66 64 71 15 8 59 36 31 28 55 12 13 2 29 51 7 72 19 69 52 80 37 47 25 4 50 61 58 62 40 56 46 68 44 21 45 32 38 74 20 3 5 27 18 30 53 26 16 70 48 77 49 6 35 14 22 11 34 54 78 10 39 65 60 1 79 76 42 33 63 75 9 57 67 23
    64 46 24 14 78 39 32 2 19 60 51 48 13 69 15 17 28 76 54 21 20 16 75 65 53 6 50 7 38 27 72 5 71 41 44 12 25 77 29 47 10 37 36 4 70 74 34 3 80 42 18 55 66 23 26 52 61 63 59 11 9 43 68 35 58 30 22 67 79 40 31 62 73 33 45 1 56 49 8 57
    2 56 25 79 28 55 59 19 78 13 58 30 18 39 77 37 49 71 52 10 20 4 3 21 22 50 73 68 16 41 29 14 64 80 6 75 62 74 76 48 63 69 35 11 67 17 53 61 36 70 12 40 51 72 34 44 46 8 43 60 57 23 32 65 45 38 42 24 66 7 15 26 1 9 33 31 27 5 47 54
    30 3 9 39 62 24 50 31 57 64 79 66 27 80 17 20 54 76 42 45 61 1 53 26 72 56 5 37 38 55 73 23 4 67 7 28 2 71 77 78 15 44 46 13 59 70 19 18 48 8 36 75 58 43 68 35 29 47 63 21 12 22 25 74 69 65 33 32 34 11 41 14 60 52 6 40 51 16 10 49
    36 33 23 1 54 58 79 31 40 52 80 35 43 37 53 17 48 51 22 46 49 13 72 11 32 57 69 30 10 42 75 27 60 21 41 12 77 25 61 62 65 20 5 4 70 29 7 2 18 19 50 44 45 78 9 16 73 39 68 76 47 34 55 38 8 6 66 24 28 67 3 71 59 64 15 14 63 26 74 56
    5 62 16 43 75 74 54 69 7 63 42 34 41 45 57 80 37 58 2 23 56 47 27 12 53 67 61 35 49 64 22 40 55 52 26 66 29 15 73 20 9 38 72 46 32 8 50 25 71 17 21 1 77 19 18 36 14 3 68 70 24 30 59 13 51 33 11 31 6 76 44 79 78 28 39 65 60 10 4 48
    52 2 26 14 28 33 68 13 66 20 10 69 67 22 17 74 73 38 12 55 5 11 72 70 50 9 4 23 75 54 57 25 79 18 30 46 8 60 47 19 64 36 71 43 16 61 56 6 1 31 15 34 39 45 59 77 41 65 44 40 7 58 32 24 49 80 35 62 27 51 42 48 37 76 53 21 3 29 63 78
    29 80 1 40 21 15 55 9 23 61 47 32 19 52 44 24 37 63 8 66 39 25 64 69 48 67 10 59 57 16 36 12 41 43 26 22 11 58 3 13 20 73 78 62 51 34 56 49 60 17 76 77 72 70 68 31 4 27 74 33 45 50 65 30 18 28 53 5 2 75 7 14 6 79 71 46 35 42 38 54
    4 24 60 1 70 80 17 25 21 71 45 28 19 42 55 77 37 30 15 52 48 18 31 14 38 59 61 75 67 74 13 40 73 26 6 20 54 23 35 50 33 64 68 78 5 69 36 10 72 27 43 16 34 41 39 51 63 44 7 29 3 53 22 11 49 9 65 2 46 76 56 12 62 58 57 66 32 8 47 79
    39 40 37 23 12 42 4 38 72 29 9 46 73 76 13 51 24 26 67 8 49 1 16 50 80 30 79 75 17 52 77 74 43 41 6 59 21 14 66 32 5 70 47 60 19 2 34 35 69 18 20 33 44 31 63 28 7 53 15 62 22 57 56 65 36 71 10 68 61 11 3 45 25 27 48 64 58 78 55 54
    36 21 41 39 69 14 54 43 47 18 38 22 49 56 62 73 32 40 63 66 2 15 34 71 68 76 74 13 48 57 80 35 72 50 77 16 23 55 28 60 67 61 5 79 52 45 64 27 9 37 17 3 29 42 58 59 31 12 65 4 78 53 33 24 7 44 19 51 75 25 70 6 10 46 26 1 11 8 20 30
    29 15 46 47 16 39 26 24 61 25 30 66 37 54 43 77 22 27 59 11 2 34 31 10 18 44 67 6 71 63 49 17 14 28 78 70 12 20 73 48 62 21 38 65 50 8 60 5 69 52 9 51 76 40 53 13 7 57 45 74 36 35 33 4 79 32 58 42 3 19 23 64 75 1 68 41 80 55 72 56
    69 48 57 64 26 9 15 31 7 78 39 72 40 50 73 44 2 33 6 75 20 45 29 17 21 25 60 51 80 12 43 47 5 56 61 11 30 19 16 1 35 27 62 66 10 28 13 36 76 58 52 79 14 22 8 42 3 70 53 65 46 68 77 24 59 54 71 49 34 38 63 67 23 32 41 74 37 55 18 4
    23 33 74 61 10 19 26 43 66 80 58 52 22 60 17 29 2 72 51 77 12 25 48 5 16 13 8 50 79 40 38 53 46 69 20 35 24 6 7 63 15 41 70 27 21 47 9 71 32 4 64 34 42 56 49 57 31 76 14 59 54 78 37 18 73 67 28 62 75 65 39 3 45 55 68 44 1 30 11 36
    50 62 21 47 1 2 37 17 18 53 69 26 25 65 49 55 48 68 28 33 23 14 54 63 5 42 40 39 36 31 32 44 12 76 4 56 80 59 61 72 34 11 43 20 13 15 27 24 35 60 38 16 3 51 6 70 9 73 29 30 74 8 77 58 19 71 41 7 79 75 10 22 45 64 67 66 46 52 57 78
    50 11 24 47 63 13 19 18 30 38 57 14 40 6 62 73 34 59 60 23 41 67 25 42 20 68 26 28 64 17 15 3 77 66 78 9 44 33 16 21 22 12 5 46 31 48 51 52 39 58 4 80 2 75 54 55 27 49 29 61 35 79 37 43 70 71 65 45 36 76 72 74 10 53 56 69 7 1 32 8
    62 31 14 20 68 21 76 28 3 50 73 11 64 66 59 9 77 29 74 24 39 23 57 46 69 8 1 18 36 75 15 53 47 49 27 65 56 22 63 72 16 6 34 51 17 71 43 67 32 5 80 33 26 10 41 35 12 30 25 42 55 40 4 38 2 48 79 60 58 54 61 52 78 37 44 13 70 7 45 19
    57 78 7 21 77 41 45 15 6 39 28 63 23 43 8 32 55 60 11 40 44 29 33 31 51 20 66 1 38 36 2 54 5 74 13 12 16 64 19 37 61 4 79 52 24 18 26 25 49 48 35 62 73 71 58 50 80 67 72 17 14 68 53 9 30 65 75 56 70 69 47 22 34 59 46 10 76 27 42 3
    61 56 52 42 47 43 55 10 20 72 8 13 37 68 7 34 16 64 26 40 67 24 38 3 51 49 35 74 27 63 9 78 77 79 80 23 54 21 18 15 57 5 59 36 30 71 50 31 76 48 2 25 65 44 6 73 12 22 69 19 28 11 60 62 32 29 41 33 39 75 14 70 46 4 53 66 1 58 45 17
    30 49 67 51 60 66 5 2 37 15 33 19 40 72 21 7 46 61 68 52 45 64 44 74 6 17 43 73 50 47 77 59 18 71 54 36 11 16 25 53 23 42 75 56 57 3 58 14 39 4 55 79 41 32 38 80 26 13 12 76 1 27 65 24 20 28 35 78 10 31 22 29 34 62 63 70 69 9 48 8
    59 74 13 36 17 64 51 19 49 38 34 21 14 48 12 10 26 52 6 68 65 15 2 18 3 24 57 69 16 73 55 78 29 47 79 71 70 67 31 80 25 42 8 33 28 22 46 41 53 72 77 11 66 7 39 37 1 63 75 45 56 35 62 4 40 43 44 58 60 5 23 20 27 76 30 32 54 50 9 61
    26 60 59 76 42 53 34 14 78 77 54 73 23 3 13 38 66 20 61 24 39 69 51 19 9 35 41 15 6 55 18 27 63 52 75 32 79 49 68 22 45 65 12 2 33 17 71 72 58 8 48 1 46 28 7 56 25 5 4 29 37 50 67 64 57 62 30 44 11 10 31 74 16 36 80 21 43 47 70 40
    52 70 12 63 50 20 59 16 31 60 72 35 53 73 30 24 55 47 38 25 39 41 62 4 58 9 37 46 64 1 77 18 22 14 78 5 40 6 2 26 49 42 19 34 10 68 28 44 36 65 15 48 45 29 74 43 67 17 69 66 75 71 3 80 13 51 56 11 54 8 23 7 33 27 57 76 79 32 61 21
    8 42 80 31 50 36 2 34 27 20 79 66 22 67 72 54 51 25 56 65 15 74 60 35 16 39 61 38 40 76 77 9 4 17 6 55 49 41 11 78 19 30 3 52 14 46 45 44 73 5 29 59 43 63 28 32 57 47 53 18 64 13 33 21 12 1 23 75 10 24 62 37 71 58 68 48 69 70 26 7
    35 47 5 34 12 65 60 22 37 69 3 15 19 68 21 54 1 71 57 39 56 78 28 7 33 16 11 23 77 80 70 29 58 32 49 14 48 45 79 9 67 24 42 6 53 25 30 63 38 18 51 17 76 27 50 41 62 36 75 52 72 44 46 2 55 74 59 31 10 4 66 8 26 40 43 73 20 13 61 64
    9 63 8 48 66 60 14 71 57 15 36 6 46 18 47 4 7 54 30 67 29 26 21 72 23 12 75 51 16 31 37 78 69 70 24 32 3 2 55 40 27 22 77 65 62 13 61 33 10 17 42 25 35 59 28 38 43 58 53 80 74 52 76 68 44 41 19 64 49 11 1 20 45 5 56 79 34 50 39 73
    35 29 75 76 12 30 37 56 43 66 22 72 48 14 78 80 68 6 61 58 62 53 39 7 55 4 67 50 10 24 59 33 20 3 60 34 63 25 42 36 2 69 8 54 17 38 13 23 21 45 65 9 71 73 47 49 79 74 18 19 16 51 41 70 27 52 57 31 11 28 46 15 5 44 40 1 77 26 32 64
    20 37 73 6 55 34 11 19 15 32 13 25 47 39 54 30 72 14 57 35 45 10 63 41 58 67 60 70 49 4 23 17 69 75 36 66 12 51 65 77 76 3 68 29 52 24 42 79 62 38 26 22 46 31 2 43 16 44 53 80 27 21 5 40 28 7 9 64 56 50 71 48 59 33 78 74 18 1 8 61
    78 38 1 60 34 74 28 40 36 2 70 31 22 27 8 17 55 75 12 76 52 48 24 72 57 35 6 69 54 62 56 53 21 67 79 15 18 26 30 64 29 41 63 51 61 13 80 11 47 23 59 68 66 16 71 42 33 37 46 65 19 20 43 50 77 4 73 25 45 49 39 5 9 44 3 58 10 32 14 7
    50 15 72 67 53 22 23 46 33 20 13 28 34 61 42 24 66 80 32 43 38 57 12 35 65 78 73 14 75 11 55 31 44 40 29 19 74 5 49 41 45 79 7 21 76 70 51 36 47 39 62 58 71 63 48 4 8 17 2 60 37 27 54 77 68 69 16 25 6 52 56 59 26 18 9 10 3 1 64 30
    13 77 80 10 51 64 56 18 59 20 2 21 16 26 29 76 53 9 27 69 66 40 79 6 62 28 8 5 30 49 47 24 46 57 34 65 22 73 78 39 60 14 32 7 17 42 72 12 54 4 38 58 71 11 36 50 1 45 68 19 15 3 44 43 41 35 55 70 33 23 31 74 25 61 37 48 63 52 67 75
    72 46 42 68 13 20 22 50 6 1 52 30 9 76 60 53 28 44 16 80 48 43 39 25 62 56 18 2 4 29 74 65 66 38 5 45 21 33 19 63 15 11 58 67 40 75 23 3 41 12 54 73 37 14 51 26 47 8 55 57 27 24 10 69 36 79 34 35 77 64 32 71 61 17 78 70 49 59 31 7
    12 41 74 65 36 48 79 64 28 52 44 73 1 51 70 18 67 16 13 8 22 49 31 54 78 32 53 4 6 23 42 24 15 66 69 17 35 46 58 71 47 45 9 26 29 60 19 57 62 63 3 27 20 5 38 2 34 61 25 21 55 77 59 56 30 39 76 37 43 14 7 10 80 68 33 40 50 75 11 72
    53 19 49 20 65 79 71 45 63 75 41 72 57 76 74 22 69 29 32 34 11 50 25 46 70 77 59 15 42 1 80 5 10 52 38 30 66 13 55 35 54 36 48 28 47 39 44 14 4 18 68 7 62 3 21 31 78 17 12 26 6 58 61 24 64 73 51 67 9 60 8 40 27 2 33 37 23 43 56 16

