81

    6 21 13 75 71 47 5 81 12 55 45 52 64 25 30 29 51 2 10 32 73 22 48 20 31 14 4 60 24 7 27 9 39 11 66 40 78 61 15 41 59 62 3 23 65 36 57 69 49 72 1 34 28 77 26 43 74 38 80 68 53 56 35 17 16 54 70 76 8 67 79 44 42 19 63 37 58 33 46 18 50
    19 57 17 54 50 16 72 78 26 13 7 23 33 8 64 76 5 15 71 44 65 34 1 37 81 6 69 20 2 56 11 53 66 63 67 29 32 41 47 22 48 43 30 12 79 70 45 24 74 39 80 42 75 51 9 68 18 59 14 55 77 62 46 4 3 25 61 31 38 73 52 21 60 40 28 49 35 36 10 27 58
    4 5 49 6 21 15 31 16 32 52 46 24 39 2 13 53 23 64 60 1 47 20 36 75 54 70 67 42 11 17 74 30 14 18 79 71 27 9 38 73 72 8 44 50 34 48 19 35 43 59 41 69 3 66 76 12 63 56 58 61 29 25 68 45 81 62 22 10 26 65 55 51 37 33 40 78 77 28 7 80 57
    69 20 17 9 43 68 81 1 12 28 52 51 34 64 25 44 53 46 78 8 29 32 33 35 23 60 62 54 55 38 58 40 73 2 11 47 19 63 45 56 65 42 39 6 80 15 66 22 49 10 57 76 26 79 3 18 30 61 75 71 41 48 67 5 77 36 24 21 50 74 7 27 37 16 14 31 72 4 70 13 59
    20 42 12 27 2 40 36 46 21 29 11 32 50 17 81 51 18 76 31 58 66 64 75 6 28 72 23 55 59 1 15 44 71 62 25 48 56 49 34 4 52 38 39 26 41 45 16 54 69 3 67 10 5 70 53 24 68 22 78 13 60 73 79 47 65 7 9 57 80 19 37 30 43 63 33 61 14 35 74 8 77
    51 9 30 27 29 36 38 46 37 28 63 35 24 41 69 23 67 75 80 45 74 72 60 61 32 39 10 47 7 65 48 25 62 78 16 26 15 6 79 77 31 1 55 49 43 34 50 64 4 12 71 33 70 44 68 57 73 56 19 14 22 58 5 17 54 20 53 3 81 76 59 52 42 66 8 21 13 2 18 11 40
    15 8 61 17 65 71 48 24 27 52 35 72 45 81 53 7 4 50 6 69 58 75 31 25 21 60 22 42 79 68 2 37 80 34 49 63 23 40 13 67 28 74 56 18 11 16 26 78 73 62 55 12 54 76 30 33 38 9 14 36 19 59 3 44 43 32 5 29 1 77 47 51 20 39 64 10 57 46 41 70 66
    17 48 41 54 39 1 19 26 64 38 81 21 47 7 80 65 52 28 57 30 72 66 16 53 13 9 36 23 75 35 62 29 8 49 18 68 15 46 5 34 73 22 58 74 33 71 24 79 14 50 27 2 42 11 45 61 31 32 63 37 4 40 78 60 12 55 56 67 77 69 3 25 20 43 59 76 10 70 44 6 51
    49 26 22 75 47 72 29 76 13 21 30 6 51 78 11 12 8 56 25 60 59 62 81 58 7 18 46 16 33 36 35 65 23 43 64 27 14 37 39 57 48 79 71 32 70 50 4 20 54 5 19 41 73 44 10 40 34 24 28 67 9 52 1 2 42 55 3 77 31 17 68 63 15 53 74 45 38 66 61 80 69
    77 80 42 21 59 67 10 81 51 78 66 39 72 4 55 18 70 13 45 46 47 64 40 27 1 16 79 8 53 3 73 65 15 57 25 32 9 36 29 14 5 44 34 48 20 33 43 58 63 12 26 61 62 35 11 56 37 69 49 38 31 68 71 22 7 30 50 23 76 24 54 17 19 75 2 6 41 74 28 52 60
    66 35 64 19 61 29 28 50 72 30 43 65 12 13 4 48 77 20 9 17 42 81 75 22 55 15 58 11 80 73 68 71 6 45 23 10 37 47 3 41 62 33 38 21 36 51 1 25 70 52 34 60 69 53 63 8 18 74 5 76 49 2 57 39 46 79 27 67 31 24 26 32 7 14 40 78 16 54 59 44 56
    65 38 52 28 64 49 43 66 33 19 47 70 57 76 6 8 50 30 56 34 73 48 74 21 44 31 18 42 37 51 4 23 71 17 7 81 69 2 22 78 5 80 24 12 62 60 54 79 27 35 15 29 58 72 55 39 45 26 36 10 77 3 61 67 59 41 1 14 25 75 13 20 40 53 32 11 46 68 16 63 9
    74 7 60 69 41 12 24 30 31 53 1 48 56 40 73 62 46 45 72 61 4 19 43 65 37 36 29 58 38 9 54 77 75 3 78 67 5 15 80 52 71 14 68 44 21 28 57 59 17 6 63 76 55 11 79 13 25 33 26 49 20 47 16 10 66 2 39 23 22 81 32 27 34 70 35 50 51 42 8 18 64
    23 54 55 28 45 70 15 33 52 2 27 71 29 40 57 26 37 42 34 30 61 47 21 1 41 44 35 65 80 38 51 72 39 36 18 62 56 31 24 4 20 73 14 19 79 7 11 63 12 13 74 64 22 46 76 43 69 9 10 5 66 50 60 6 8 78 49 77 59 25 53 67 58 17 16 48 32 68 3 75 81
    7 16 15 14 34 64 59 49 10 30 33 77 69 43 56 58 8 72 3 81 28 75 51 39 65 42 79 2 80 52 21 11 18 41 1 26 6 63 45 74 76 78 27 44 60 61 37 50 12 9 46 31 29 5 24 47 36 48 13 71 20 62 73 66 68 38 35 19 55 67 53 70 54 22 25 17 32 40 57 23 4
    77 80 28 12 47 35 2 60 29 72 58 75 9 11 33 4 63 56 1 55 34 13 20 10 26 14 19 78 71 53 42 49 27 37 41 52 69 24 59 74 18 6 44 5 38 36 15 45 81 3 61 17 57 65 25 62 46 23 76 32 43 40 51 39 68 8 30 54 21 73 31 50 48 22 66 70 79 64 16 67 7
    61 25 12 21 53 16 39 32 23 59 31 20 19 2 67 22 29 68 49 70 38 17 5 36 6 35 81 42 47 28 11 73 62 14 74 75 66 80 41 58 34 50 37 69 4 30 57 7 55 1 8 48 24 76 15 78 64 77 45 79 40 43 33 56 18 26 13 3 46 10 44 65 72 27 9 60 71 54 51 52 63
    52 22 56 25 48 67 34 23 16 45 77 72 27 14 66 81 74 50 62 7 32 44 41 47 17 21 1 2 76 33 42 15 4 18 75 5 59 63 69 71 58 79 70 68 11 8 73 57 9 10 55 60 39 30 13 40 38 54 46 36 43 37 3 6 53 80 64 19 35 78 20 12 65 61 51 26 49 28 29 24 31
    61 32 47 79 18 60 7 15 30 9 10 36 6 59 54 66 46 31 38 51 2 78 68 58 53 41 43 28 23 72 52 64 13 26 37 29 48 50 4 44 3 1 67 75 25 33 57 80 34 77 19 40 42 20 73 8 14 70 45 81 12 24 55 71 5 22 35 74 17 11 49 39 16 69 21 63 27 56 62 65 76
    51 76 70 21 52 67 14 47 19 72 25 16 33 27 65 29 4 26 13 71 10 64 78 8 24 3 73 43 17 49 44 45 69 60 57 31 48 66 35 28 11 80 63 62 37 53 22 58 54 1 61 39 18 36 20 32 81 7 56 23 74 12 50 55 5 75 6 41 9 77 46 42 79 38 68 34 2 59 15 30 40
    63 54 12 2 5 26 6 31 11 43 53 45 7 1 60 78 24 65 15 80 61 22 16 81 42 8 75 41 18 19 51 3 73 67 77 70 72 52 48 36 27 17 20 71 57 33 47 9 14 49 23 32 44 34 64 69 55 28 29 66 25 40 76 38 13 39 58 10 68 35 30 46 74 79 37 56 50 62 59 21 4
    67 27 73 53 33 31 64 20 26 76 55 81 35 43 21 57 56 18 7 24 38 14 16 66 10 40 49 12 54 79 11 65 5 72 6 1 47 68 77 9 19 80 50 69 3 32 4 37 63 29 74 34 60 22 28 70 52 46 62 13 75 61 41 30 78 44 8 59 23 48 71 15 58 36 45 39 17 51 42 25 2
    52 53 69 10 33 7 20 68 77 29 19 80 70 47 61 51 62 49 43 30 1 63 46 65 41 64 26 54 72 2 34 78 28 81 13 50 8 56 17 59 27 67 18 36 5 9 24 42 40 74 3 25 48 71 58 57 35 45 37 39 11 12 79 44 75 60 15 16 4 21 55 6 66 14 32 73 38 76 22 31 23
    43 9 18 78 19 6 74 49 16 17 20 2 34 21 47 61 23 4 7 8 66 73 27 14 26 51 54 57 55 24 80 33 22 72 68 36 64 71 32 3 37 12 53 65 56 69 10 15 44 31 11 38 45 75 29 79 81 28 39 46 60 62 35 63 48 1 30 50 25 70 41 40 42 52 67 13 59 76 5 77 58
    11 9 31 58 75 60 8 4 78 5 46 47 13 36 37 21 63 41 30 77 59 52 50 20 73 33 24 72 3 26 38 56 27 1 28 81 57 23 2 17 40 18 70 44 16 49 64 15 34 6 55 10 79 76 14 62 12 42 35 48 19 29 32 66 45 69 80 22 7 25 74 39 71 51 61 54 43 53 67 65 68
    59 81 62 75 11 67 37 23 66 57 43 32 7 24 19 38 21 50 64 4 8 30 6 65 12 73 39 40 58 76 71 16 2 27 35 17 55 3 31 70 5 48 56 51 13 22 45 77 53 20 25 29 74 79 63 10 80 9 34 14 69 42 36 52 1 49 68 46 44 26 33 54 60 18 78 47 61 72 28 41 15
    2 73 23 69 74 11 58 79 24 46 35 44 9 54 33 13 56 71 43 77 6 15 36 31 50 60 57 28 29 22 5 51 78 66 75 39 76 81 59 18 20 64 12 63 14 37 80 48 7 17 45 67 8 27 70 30 49 26 47 38 53 3 65 42 34 21 61 19 1 62 25 10 72 32 68 40 55 16 4 52 41
    63 20 5 62 55 66 27 73 51 64 3 18 1 17 24 77 26 35 38 6 47 16 65 22 68 44 56 53 11 72 79 30 67 13 4 2 37 25 36 9 31 74 76 48 69 54 39 61 7 50 43 41 59 32 10 60 70 40 23 80 42 57 45 14 28 15 12 81 71 33 34 29 49 78 8 58 21 52 46 19 75
    26 36 19 12 69 67 58 62 16 66 28 47 6 63 74 37 81 76 53 60 75 17 3 45 31 48 30 1 71 35 68 43 80 70 59 29 25 44 13 64 41 15 52 65 55 11 57 7 4 51 72 23 73 38 24 49 5 56 18 27 2 40 54 22 20 39 33 9 61 34 79 77 78 21 46 50 8 10 42 32 14
    13 65 15 59 53 4 74 31 2 61 46 9 29 25 1 23 8 10 11 80 7 5 70 36 18 64 73 75 45 14 68 62 32 50 28 42 16 41 35 17 51 48 77 67 30 38 21 33 43 26 22 72 12 57 54 58 78 44 19 24 6 47 71 27 56 63 66 39 49 3 40 60 81 20 69 37 79 34 52 55 76
    2 9 69 79 63 5 37 34 21 33 64 42 68 16 78 59 13 36 11 40 22 72 44 10 55 52 57 61 49 32 76 65 15 4 29 20 1 18 17 67 45 53 48 24 7 26 30 31 39 38 56 81 66 28 25 51 75 80 41 8 47 43 19 50 14 58 60 62 27 54 12 35 77 23 70 6 73 3 71 46 74
    12 32 5 35 23 3 60 75 73 78 77 49 33 30 65 40 25 44 57 8 58 66 74 37 59 71 11 20 31 67 29 36 79 24 61 6 43 38 70 54 10 42 13 51 21 53 68 64 14 72 28 45 22 81 56 62 7 52 19 55 18 50 16 27 80 1 9 15 17 2 76 4 41 47 63 48 39 69 46 26 34
    80 39 4 25 41 16 54 22 28 40 74 70 61 9 31 14 67 36 55 59 44 34 46 45 48 57 79 5 33 18 11 53 72 2 20 64 24 50 69 73 3 37 35 32 65 81 30 43 12 76 62 19 10 42 6 21 60 78 27 23 58 7 75 47 68 66 77 15 1 38 63 56 26 17 13 29 52 71 49 8 51
    32 63 62 80 77 47 22 68 28 30 60 17 4 71 27 2 34 56 8 74 43 21 37 61 12 69 58 54 67 44 53 14 38 40 70 52 11 45 59 72 64 78 3 81 79 46 75 5 6 10 42 7 13 9 48 16 18 26 24 66 76 55 35 25 51 29 50 33 41 65 23 1 20 49 15 57 73 39 36 19 31
    35 9 71 65 58 64 28 42 12 18 22 16 23 39 70 67 76 81 5 48 38 61 15 73 53 60 69 31 30 26 11 46 68 66 4 52 75 13 79 14 41 77 80 49 20 34 62 8 29 37 55 47 78 19 10 3 24 43 27 50 44 1 45 59 57 63 21 32 56 36 54 33 51 6 72 2 74 25 17 7 40
    52 77 8 5 41 59 24 71 11 79 48 81 10 2 70 21 33 39 61 20 67 27 75 34 25 31 74 17 50 32 73 49 62 45 56 54 15 65 47 66 80 28 35 76 63 23 37 69 29 57 19 64 4 1 43 44 22 12 7 14 72 58 13 55 51 40 3 78 9 18 36 6 60 26 68 46 53 42 16 38 30
    57 31 4 8 3 27 2 62 45 37 29 14 42 80 77 79 48 74 52 75 23 78 70 53 46 71 25 9 7 32 67 12 24 59 15 50 10 22 65 1 34 30 13 68 60 38 72 35 81 55 17 33 76 58 69 21 36 11 19 41 16 44 63 49 6 54 51 20 47 18 43 61 73 64 66 39 56 40 5 28 26
    12 9 14 67 69 13 53 64 46 65 81 39 71 36 26 33 29 38 37 43 74 17 10 54 35 32 28 66 55 41 18 78 21 2 45 31 20 47 59 44 15 75 77 52 61 76 8 60 62 51 49 5 1 42 6 48 68 22 27 7 30 25 24 73 4 50 72 79 56 34 40 19 16 57 3 58 23 70 80 11 63
    32 79 76 2 48 26 65 34 31 73 29 81 44 9 3 27 46 58 19 71 10 43 17 62 49 36 24 13 50 51 45 39 75 4 30 33 40 37 16 47 22 11 1 38 77 23 70 42 78 8 60 12 80 25 28 69 63 66 15 53 7 21 67 56 18 74 6 57 72 64 5 55 14 59 68 35 61 52 20 54 41
    62 2 64 80 68 39 56 45 81 51 17 49 67 66 12 47 78 11 10 23 43 37 72 28 30 59 71 31 53 25 9 65 60 41 20 73 35 74 16 38 52 46 7 54 76 33 34 21 75 19 40 55 13 18 63 57 15 8 48 69 61 14 5 29 22 32 77 42 79 1 27 50 44 24 3 58 4 36 70 6 26
    20 49 13 29 11 27 68 53 72 41 45 28 12 50 62 3 36 65 75 74 70 19 79 39 76 54 56 37 64 47 30 71 5 18 67 58 15 16 9 7 26 8 61 34 63 24 66 21 43 38 23 25 2 69 77 48 22 52 80 17 78 42 10 57 51 55 35 14 73 31 60 44 6 46 59 32 40 1 33 4 81
    13 74 14 19 8 15 69 70 81 57 47 17 39 65 58 64 50 75 71 78 38 22 6 56 33 49 62 12 32 29 77 30 7 27 10 79 48 73 11 35 5 37 66 55 40 16 34 24 68 60 20 2 80 44 63 52 42 61 43 1 45 28 26 36 51 59 72 25 9 18 53 4 31 76 46 54 21 3 23 41 67
    19 31 64 59 39 12 61 71 57 26 35 74 30 11 78 54 42 40 41 2 25 37 51 24 66 18 20 72 55 60 75 15 68 13 43 16 77 70 34 23 32 81 1 73 38 21 45 10 28 62 9 29 6 4 46 69 44 79 7 22 5 76 65 50 56 58 14 27 52 48 36 17 33 67 63 3 47 53 80 49 8
    23 33 72 38 12 25 43 36 68 45 70 30 41 64 69 80 50 39 35 28 74 79 49 46 61 26 48 2 29 37 75 76 31 6 65 56 9 5 40 22 77 53 73 14 8 66 71 21 4 10 24 42 18 1 15 51 58 52 34 54 78 63 3 27 60 11 19 81 13 32 7 44 62 20 55 67 59 17 16 47 57
    78 13 43 19 18 31 1 2 76 36 77 29 34 74 50 41 5 69 71 11 23 45 25 12 26 17 59 44 35 15 27 10 24 62 65 48 75 46 38 4 47 6 32 37 72 16 40 56 51 49 42 39 54 14 21 52 30 58 73 66 20 64 7 9 57 22 70 8 53 3 61 79 63 80 33 67 55 28 60 81 68
    43 38 69 35 4 21 47 60 81 3 16 72 13 37 67 2 32 50 42 78 5 36 75 61 56 57 18 33 23 58 74 1 63 14 25 64 66 15 12 6 49 54 62 44 17 22 46 7 52 20 31 77 79 11 39 26 45 48 41 70 51 68 40 59 73 29 34 8 24 19 76 27 9 28 10 80 71 53 55 65 30
    58 12 42 20 18 28 73 68 46 74 8 15 17 13 10 27 55 78 81 65 2 16 29 30 37 23 43 64 1 69 35 70 57 39 14 40 45 36 5 54 79 19 50 71 75 9 26 47 34 11 61 38 24 76 41 31 62 25 53 6 66 80 49 59 67 22 52 56 63 33 7 48 60 77 51 21 3 44 32 4 72
    45 17 69 29 21 51 35 8 55 12 59 1 25 41 56 18 31 23 13 10 5 48 81 63 46 7 33 65 39 30 77 26 47 72 79 22 60 50 61 36 14 15 24 58 27 73 43 62 71 11 4 2 66 38 57 54 80 40 9 52 74 75 28 32 42 3 34 20 78 16 49 76 6 44 68 64 19 70 67 53 37
    62 57 16 11 73 20 40 38 80 75 34 50 27 55 70 46 22 78 17 29 35 3 49 76 65 18 21 43 69 39 63 23 64 74 61 15 60 52 81 26 48 37 36 67 31 68 47 12 13 5 25 10 2 4 41 54 9 8 1 59 24 45 6 7 51 33 44 30 77 56 79 53 28 72 14 66 58 32 19 42 71
    43 53 77 3 44 37 4 38 65 69 55 1 39 46 22 60 6 26 12 79 30 58 25 71 75 67 68 50 47 62 8 16 9 40 10 80 52 63 64 33 13 36 51 27 31 14 32 59 34 56 48 29 2 57 81 42 76 5 15 54 18 21 11 49 35 70 23 17 41 20 66 72 74 78 7 45 61 19 28 73 24
    58 64 9 11 6 39 8 37 48 68 32 54 29 17 24 71 76 5 46 55 10 3 49 70 79 56 38 1 57 45 61 13 23 66 31 2 36 43 27 35 73 18 26 20 81 14 21 62 78 16 4 7 51 74 28 67 42 30 80 63 77 50 59 65 60 53 25 52 75 19 12 44 41 69 33 22 40 72 47 15 34
    53 14 62 48 23 7 37 49 2 77 67 69 6 34 32 79 27 43 1 20 21 40 13 3 57 8 74 42 80 75 22 11 35 25 28 10 58 17 81 60 18 45 30 44 16 56 9 55 61 15 47 65 5 63 26 39 70 68 38 54 29 41 59 19 36 46 50 4 24 78 64 33 52 12 66 51 31 71 76 72 73
    72 30 39 20 9 55 24 78 36 70 5 1 43 59 3 48 14 79 71 50 6 76 15 29 38 42 8 67 51 28 11 22 52 12 74 54 16 10 41 80 53 56 27 34 60 40 45 81 77 33 2 19 37 69 26 31 75 7 63 25 57 44 68 4 21 62 49 58 64 61 35 32 47 17 18 66 13 65 23 73 46
    23 62 29 4 33 54 74 73 78 55 71 60 38 81 20 36 12 52 80 26 53 58 68 47 72 46 30 42 48 76 2 79 8 63 66 56 35 49 24 16 32 14 64 22 39 44 41 18 10 3 75 50 45 43 19 77 6 51 5 37 34 1 7 69 27 31 9 61 59 11 65 67 70 15 17 21 13 28 57 40 25
    19 3 74 55 58 42 27 13 52 40 71 28 73 31 53 22 10 43 78 33 76 29 20 37 41 39 61 5 46 26 24 36 70 45 62 8 65 66 11 68 79 17 81 80 21 77 18 49 44 12 54 35 25 75 48 72 56 32 51 6 47 15 14 64 2 59 50 4 30 57 38 7 23 34 60 9 67 16 1 63 69
    72 80 2 28 37 1 46 63 14 49 66 48 55 45 32 25 73 67 64 8 53 77 15 10 11 62 17 16 6 7 71 29 26 39 59 35 23 74 18 33 75 43 42 13 50 38 20 36 65 52 41 27 9 12 31 70 19 68 21 79 5 24 76 4 56 60 22 51 61 44 57 81 34 30 3 40 58 78 69 54 47
    60 53 1 54 11 72 32 25 77 36 35 52 45 20 13 55 64 16 69 76 24 62 81 29 6 40 44 67 68 26 27 66 12 61 56 63 42 71 22 5 49 30 74 38 70 51 21 15 19 80 28 33 75 46 48 8 17 14 37 9 3 50 39 34 4 57 78 59 31 79 18 7 47 73 43 10 23 58 41 65 2
    5 6 31 8 36 48 24 81 54 11 71 62 37 25 28 60 23 49 22 46 13 9 35 20 70 58 40 66 15 69 45 19 33 38 67 30 52 74 51 21 17 34 43 14 26 68 72 79 18 64 47 76 57 53 10 77 44 27 65 29 61 73 32 16 39 56 42 55 1 41 7 12 75 63 59 78 2 3 80 4 50
    69 58 20 49 5 74 22 51 63 44 56 9 6 16 15 36 67 45 27 14 35 47 33 29 38 13 25 18 75 10 72 59 52 31 62 57 46 21 12 34 19 54 40 26 79 81 77 43 28 60 32 70 41 64 7 71 4 66 78 2 3 76 42 65 8 17 73 55 1 37 23 24 53 48 30 68 39 80 11 61 50
    66 25 81 19 73 39 60 44 2 48 31 64 15 71 18 11 45 58 61 69 26 29 55 8 37 21 63 34 12 33 40 5 22 17 23 35 6 68 74 3 54 77 27 38 43 20 9 7 50 24 80 4 49 70 41 62 78 16 1 28 75 51 57 72 47 79 36 76 52 46 65 14 10 42 32 53 59 67 13 56 30
    18 80 32 6 79 47 64 67 76 49 61 8 75 46 45 13 72 54 31 2 66 24 71 56 59 29 36 81 7 44 19 68 3 69 34 43 14 52 33 10 28 42 57 51 48 16 74 5 12 50 17 39 65 58 27 37 78 22 9 30 26 35 11 1 73 62 53 25 41 21 77 70 63 60 40 4 38 20 15 23 55
    54 53 23 55 1 66 20 48 31 72 6 47 79 32 59 21 77 35 36 18 52 3 58 7 57 65 73 38 37 69 9 45 27 22 42 26 46 80 14 34 61 15 62 40 60 44 13 39 50 81 68 70 25 63 10 49 8 74 43 4 2 56 17 33 12 19 11 24 64 30 51 41 29 28 16 76 71 75 78 5 67
    43 46 48 10 13 69 66 7 74 22 30 41 16 8 1 21 59 32 70 26 54 17 28 31 61 12 4 44 18 72 81 71 53 49 40 3 57 33 79 64 39 15 14 47 11 67 62 27 45 80 58 25 5 65 77 2 37 50 6 36 73 38 63 23 55 60 75 78 19 56 52 20 42 76 9 68 35 29 51 34 24
    42 41 46 20 3 67 19 56 39 6 45 64 48 47 65 13 44 9 72 11 54 61 26 77 1 36 17 7 70 76 21 66 23 22 16 15 53 58 75 68 37 69 30 60 25 49 32 2 14 57 38 59 55 71 4 33 63 62 52 43 73 31 78 35 5 18 10 29 27 81 74 28 8 12 51 50 80 40 24 79 34
    23 40 27 17 14 44 47 4 46 77 71 13 7 73 62 10 12 5 50 57 66 43 11 68 32 51 42 52 21 54 65 37 81 79 60 45 78 75 15 74 28 9 2 30 38 76 22 69 58 67 25 29 31 26 72 59 1 24 63 34 56 3 20 35 80 70 55 18 19 6 41 61 33 53 36 16 64 48 8 39 49
    22 14 46 60 35 49 42 78 33 41 72 40 62 64 20 63 39 75 79 48 80 57 7 29 77 47 18 10 11 27 70 31 32 43 23 6 12 28 74 71 51 17 9 59 2 25 65 38 66 55 56 68 16 30 4 54 45 34 3 24 5 52 50 15 53 61 19 69 73 76 67 21 26 36 8 44 58 13 37 1 81
    31 23 56 72 34 54 19 71 36 17 42 18 51 57 74 59 35 39 79 61 46 7 68 53 62 6 33 9 65 45 28 10 21 44 20 40 75 52 70 22 5 2 14 13 38 1 4 60 78 66 3 67 16 26 49 12 77 64 47 76 80 15 24 69 27 55 63 30 41 11 58 37 29 8 25 48 43 73 81 50 32
    69 58 66 19 75 13 11 16 57 78 10 9 17 46 18 60 7 81 59 48 14 4 20 27 76 70 12 32 1 28 67 26 38 36 50 49 44 51 24 63 30 71 45 40 5 3 39 41 34 8 68 64 61 29 31 80 53 42 37 47 55 35 52 33 25 56 6 23 74 15 43 77 54 73 2 22 72 21 62 79 65
    25 15 13 31 45 27 51 42 10 68 6 32 65 37 58 7 71 46 29 30 39 35 53 50 3 21 66 75 81 9 5 61 41 76 74 77 52 17 63 80 49 67 11 38 18 23 1 47 57 72 12 28 26 36 64 33 69 56 4 40 55 60 20 8 59 43 73 54 19 24 48 34 78 79 22 44 2 14 70 62 16
    63 57 52 20 17 55 59 74 31 26 40 3 35 8 62 69 30 19 67 28 13 12 71 78 36 49 56 54 45 25 7 70 14 24 65 27 64 79 23 21 46 16 2 37 41 51 58 61 32 4 15 29 73 22 1 60 5 6 66 43 9 18 81 53 10 11 48 76 34 68 39 77 50 33 72 42 47 38 80 44 75
    3 12 75 60 33 13 20 74 41 59 64 11 66 22 52 68 21 76 7 55 50 38 61 69 37 15 8 30 42 40 1 73 48 26 57 58 16 6 78 23 70 35 19 54 24 53 4 28 5 46 17 63 79 44 18 43 14 51 56 62 77 71 9 45 36 2 29 39 65 27 10 31 81 49 72 67 32 47 34 25 80
    5 1 73 7 47 79 2 10 65 40 28 69 38 12 25 64 53 76 52 58 70 72 6 59 67 80 9 8 51 46 13 31 39 36 34 48 18 37 81 63 77 15 11 68 49 42 30 75 41 57 32 50 33 19 35 24 3 56 74 71 66 21 54 23 78 45 27 4 17 16 14 44 26 60 62 43 20 61 55 22 29
    35 19 67 4 46 11 81 48 15 79 33 64 28 50 6 73 22 25 80 39 78 71 60 75 27 44 51 32 17 30 38 63 34 26 47 5 68 29 24 9 55 72 7 43 10 74 69 66 13 37 1 58 23 16 49 54 21 62 3 41 40 52 76 45 56 42 57 20 14 61 70 36 59 18 53 2 77 65 8 31 12
    43 17 66 34 60 50 11 72 48 81 37 27 65 69 68 25 76 71 14 70 20 41 73 78 80 57 40 39 49 15 61 12 33 77 63 9 5 64 18 28 30 54 4 35 31 10 53 26 13 51 42 8 44 36 2 74 67 75 45 3 79 1 24 22 56 58 23 29 19 62 6 32 16 21 46 47 38 7 52 59 55
    46 10 44 20 74 22 49 62 33 54 65 40 52 15 64 50 12 9 59 23 72 41 78 81 34 75 45 70 73 24 48 38 25 16 42 77 19 47 7 13 68 35 56 26 32 63 2 4 28 79 39 21 57 17 11 29 51 76 5 60 8 43 6 61 27 67 80 66 37 53 31 3 58 36 71 55 30 18 1 69 14
    80 79 51 42 10 3 46 13 17 26 12 14 25 63 54 72 75 49 52 23 47 81 33 27 57 31 32 40 74 16 7 8 36 22 77 45 15 56 58 61 55 21 41 71 18 4 38 70 24 6 5 59 11 28 65 68 43 78 9 2 19 37 64 76 66 20 50 53 35 73 1 29 67 44 60 48 69 62 39 30 34
    52 11 29 23 39 33 28 81 1 10 74 60 3 48 43 73 38 17 26 58 65 56 75 61 22 21 66 34 36 44 49 46 40 27 77 79 20 76 78 18 5 72 42 16 51 47 57 12 15 6 59 14 53 80 41 2 19 13 71 7 64 68 55 31 8 25 70 62 9 67 54 50 63 4 24 32 45 30 69 35 37
    44 39 34 46 20 11 3 77 66 80 10 47 70 26 32 48 29 2 18 42 73 19 45 53 71 56 59 9 5 7 37 65 50 8 49 68 40 62 12 64 52 28 74 60 13 15 27 24 25 30 17 55 76 61 54 78 14 58 69 33 6 41 16 57 35 67 38 22 75 23 4 36 79 72 21 1 31 63 51 43 81
    34 1 23 35 19 59 17 10 31 21 69 36 55 37 41 71 76 70 16 50 22 68 38 54 30 47 7 4 64 6 61 8 53 28 52 20 48 65 25 49 39 79 13 15 18 12 11 58 5 40 77 32 73 9 63 42 26 62 66 80 60 46 74 81 24 57 3 67 51 2 43 44 33 45 75 27 56 14 72 29 78
    18 64 40 27 71 54 9 56 32 3 57 10 26 43 62 16 77 80 29 39 7 46 45 52 33 59 2 34 70 47 36 78 24 1 50 31 79 49 22 48 41 44 65 20 11 61 66 28 55 19 81 13 37 69 8 76 23 15 5 68 14 4 30 60 63 58 51 38 6 35 21 25 75 53 67 74 17 73 72 12 42
    81 55 78 15 31 74 66 69 13 43 11 20 80 4 23 65 67 52 77 40 76 46 12 24 79 48 35 26 59 41 25 61 10 1 16 72 49 58 50 30 3 39 36 7 17 56 62 64 27 18 28 14 45 38 8 51 42 37 71 57 22 6 32 29 33 47 34 9 70 2 68 73 53 63 60 19 54 5 44 21 75
    60 33 4 63 40 2 39 42 61 25 9 79 17 27 5 13 15 29 38 80 74 53 70 7 77 36 50 49 23 41 37 72 81 45 56 73 18 26 21 11 1 78 46 28 8 62 64 35 54 12 3 52 16 44 65 34 24 68 10 48 51 71 31 55 30 20 22 58 59 75 66 67 57 47 43 19 6 14 69 76 32
    41 73 69 38 11 33 62 39 19 80 59 27 58 50 49 18 56 10 63 46 24 64 67 28 42 60 5 22 77 57 48 47 25 53 34 4 1 21 30 43 6 52 54 9 76 31 17 74 29 40 14 26 23 65 16 35 32 20 3 79 45 2 81 75 13 51 36 68 61 7 71 37 8 12 70 78 66 44 72 55 15
    51 6 15 63 23 60 18 1 2 10 69 47 34 22 32 9 43 46 30 7 5 76 48 61 78 37 81 16 8 75 71 64 53 26 21 35 41 52 33 73 66 70 58 25 79 27 20 38 49 3 40 4 19 74 45 31 17 24 50 29 11 67 59 13 36 55 42 12 57 77 54 44 39 80 72 56 14 68 65 28 62
    11 19 10 20 6 47 74 62 22 44 77 28 48 9 13 50 58 46 76 66 25 21 63 30 26 4 67 36 70 60 71 1 59 75 24 3 64 34 37 15 69 53 29 2 40 23 14 17 55 51 49 39 31 35 18 72 8 79 45 54 27 16 5 61 52 38 42 41 65 7 32 81 68 56 73 78 33 57 43 80 12
    31 70 36 22 79 16 61 5 60 64 50 32 51 43 25 54 26 48 67 52 35 63 56 49 59 3 18 39 74 78 80 14 41 71 66 47 34 33 42 15 7 8 53 17 77 38 65 40 28 62 12 30 69 44 75 10 76 81 73 11 2 37 72 9 13 4 55 6 19 58 1 24 23 46 45 29 27 57 68 21 20
    25 63 19 54 51 65 39 5 38 6 67 78 42 26 40 68 69 2 30 27 79 81 72 4 41 45 48 32 74 71 52 28 58 44 64 15 66 18 3 75 59 60 11 53 21 1 35 14 49 77 62 16 73 43 20 56 17 37 57 10 70 24 76 31 22 61 29 12 46 50 34 47 7 33 36 9 55 13 80 8 23
    6 77 8 24 37 78 20 64 7 10 68 22 48 38 26 65 35 76 18 62 16 27 31 14 9 46 44 30 3 49 2 11 80 29 32 47 75 55 72 53 73 51 19 28 52 17 70 42 50 58 59 13 4 81 41 67 74 15 39 12 33 71 21 43 79 34 56 66 36 57 60 5 45 61 23 40 63 69 54 25 1
    55 39 13 61 49 19 33 30 73 42 34 22 24 41 10 77 2 32 23 6 68 65 35 12 51 5 17 31 43 79 26 50 29 48 76 4 54 15 27 58 1 80 74 53 59 45 81 44 70 36 25 16 57 8 46 7 20 64 71 14 18 40 78 72 21 62 9 37 11 67 56 47 28 60 63 52 38 66 69 75 3
    25 27 51 42 43 79 60 38 81 64 52 48 2 29 58 33 15 50 59 17 16 46 4 14 55 35 9 1 36 61 39 65 20 19 68 34 49 47 66 69 13 21 67 77 56 44 40 7 28 32 76 31 5 73 6 3 70 8 63 18 54 53 37 80 45 78 75 26 11 57 22 72 10 74 41 71 12 23 24 30 62
    35 73 52 5 17 21 23 14 48 10 29 11 76 37 60 9 62 43 41 13 74 4 61 7 63 58 50 70 15 55 51 66 27 53 2 44 1 25 69 65 67 59 8 68 47 20 33 71 72 24 39 49 28 3 12 64 34 80 22 42 26 81 31 38 78 18 77 6 19 16 57 40 46 32 30 36 56 79 75 45 54
    29 55 60 17 32 68 64 46 4 9 13 52 33 47 72 11 48 30 81 58 78 25 26 36 28 20 39 79 27 43 74 45 80 42 65 73 76 67 40 70 23 63 7 54 49 50 21 15 61 22 5 59 16 3 69 34 1 35 57 77 10 44 2 38 37 75 62 8 19 53 71 31 41 18 66 24 12 56 51 14 6
    51 73 49 22 28 20 46 66 74 21 40 45 52 78 31 32 19 81 55 18 2 23 43 69 15 41 1 53 75 35 64 39 54 76 38 50 29 47 60 62 68 57 70 24 4 5 10 27 26 16 33 34 9 42 48 72 11 56 14 61 13 12 79 17 44 80 77 25 63 59 58 36 67 8 3 7 6 71 65 30 37
    59 2 18 56 12 49 15 8 23 34 47 7 26 64 38 77 81 55 30 14 65 57 39 6 16 72 19 53 48 25 5 73 42 58 35 78 27 52 22 51 50 63 1 31 69 79 44 3 37 10 17 68 32 40 76 24 20 9 4 41 75 60 80 74 45 61 33 67 29 11 66 36 43 54 71 70 28 46 21 13 62
    16 61 1 18 24 48 31 43 47 63 30 17 65 46 66 42 40 73 8 50 15 80 32 54 33 64 12 20 60 56 26 23 49 67 53 44 70 59 77 35 3 11 2 6 62 29 38 81 28 75 72 4 22 5 41 71 36 10 21 45 57 69 78 19 27 25 58 76 74 14 13 7 55 79 34 39 9 51 52 37 68
    19 20 6 35 77 21 46 30 28 79 2 81 8 22 69 29 11 72 44 7 12 63 62 40 17 74 34 66 42 57 56 70 51 47 38 36 39 41 67 24 80 23 59 9 73 32 64 37 25 43 65 27 3 68 76 26 10 61 75 52 5 33 14 50 54 53 16 1 60 13 78 18 15 31 58 71 4 55 49 48 45
    80 17 54 7 31 70 32 73 10 45 61 24 18 34 4 46 27 81 76 69 19 62 67 1 51 72 23 60 58 12 74 11 50 63 30 43 44 78 55 79 6 25 52 21 9 40 29 22 13 35 59 41 64 28 42 26 20 66 14 39 38 2 5 15 65 37 33 48 71 16 75 8 49 57 68 36 53 56 77 3 47
    48 62 14 31 34 73 2 51 71 19 66 65 60 36 29 61 20 77 33 32 28 45 13 8 3 67 40 52 53 26 41 63 1 43 44 80 25 64 56 9 22 78 54 21 50 18 30 55 57 38 42 49 5 59 10 79 11 23 81 35 17 76 58 72 47 39 74 7 27 16 12 68 75 46 4 69 6 70 37 24 15
    16 25 1 2 36 79 57 14 23 3 73 26 33 15 60 53 55 45 37 46 68 80 71 50 21 72 75 44 52 48 66 31 78 65 63 11 56 8 76 40 64 29 58 27 24 38 30 7 28 39 13 17 43 34 22 19 35 5 12 69 62 20 59 10 6 9 18 4 47 42 51 32 77 70 54 61 49 81 67 74 41
    11 18 47 13 8 69 9 41 24 37 72 6 23 14 29 70 1 73 44 63 32 12 22 58 39 43 34 17 59 49 30 79 2 62 55 33 75 57 20 36 46 45 38 42 48 81 3 15 53 27 56 19 35 64 10 26 5 40 31 65 28 74 67 52 66 78 76 4 68 71 25 7 54 21 61 80 60 77 50 16 51

