82

    19 66 29 39 76 6 55 78 44 3 22 14 49 53 41 4 72 17 33 37 70 9 28 13 16 69 58 52 62 31 32 71 75 12 48 38 50 81 68 43 21 77 73 67 15 56 61 26 27 42 79 80 57 63 65 34 74 51 35 82 47 64 8 40 30 45 60 1 10 23 5 24 7 18 59 36 11 54 2 25 46 20
    18 43 66 80 2 37 47 22 74 15 51 61 8 45 50 49 5 29 81 60 76 25 9 59 67 75 26 27 68 77 46 73 13 24 31 65 64 30 63 57 58 32 54 44 7 53 69 21 3 39 42 70 17 28 72 34 20 56 1 78 16 10 55 52 38 33 36 11 35 48 41 82 4 62 19 40 79 14 6 12 23 71
    18 44 8 13 77 33 26 38 3 55 80 64 23 58 68 40 72 41 81 60 56 29 69 7 32 14 74 10 22 27 6 51 48 45 67 9 71 5 61 53 19 24 20 43 65 34 36 75 31 21 17 49 79 11 2 12 73 54 63 78 30 42 57 62 46 66 47 59 52 1 25 76 4 82 28 50 39 37 15 16 35 70
    17 32 11 50 53 27 64 12 2 3 52 66 43 68 56 34 36 59 80 13 45 30 15 73 44 28 5 81 37 6 20 22 57 72 60 38 41 42 4 76 10 79 33 63 7 78 58 25 14 1 49 23 26 62 29 82 51 69 70 24 35 61 77 48 9 54 31 75 65 46 40 19 67 55 39 18 71 8 74 16 47 21
    65 1 61 18 80 69 66 12 4 6 67 78 68 28 19 62 9 11 35 82 72 20 63 53 36 41 49 7 57 58 40 60 17 77 47 33 74 59 22 38 75 51 43 30 32 21 44 26 46 13 27 25 8 64 24 70 15 39 37 73 29 55 10 56 3 52 81 2 50 76 71 45 79 54 5 14 42 23 48 31 16 34
    52 35 49 4 45 44 57 25 40 61 3 34 66 67 11 22 54 31 14 74 30 75 65 18 13 63 21 56 62 43 7 8 50 2 36 53 51 69 73 71 38 15 1 20 23 5 32 10 33 37 64 41 81 70 58 76 9 12 80 79 78 16 60 29 28 24 82 26 39 77 55 59 42 72 19 46 47 27 6 17 68 48
    52 78 81 55 67 8 58 66 41 74 25 2 44 54 20 7 9 46 5 62 1 23 48 69 43 14 40 53 65 13 79 47 31 4 19 21 49 72 75 28 57 51 22 63 12 70 10 64 71 33 76 32 61 34 60 56 36 50 39 59 68 37 26 29 38 27 30 35 73 16 42 82 11 80 15 6 45 17 18 3 77 24
    19 14 39 1 38 46 73 16 60 71 75 55 31 61 72 42 53 35 34 44 76 67 63 30 4 57 62 22 33 66 37 68 11 36 13 59 41 58 69 80 48 20 45 23 3 7 27 15 9 10 12 25 52 78 6 79 50 56 8 21 51 17 40 49 77 29 64 65 26 54 43 28 5 82 81 24 74 32 18 70 47 2
    64 35 79 76 34 33 49 51 28 62 69 15 10 20 58 17 23 43 72 65 57 19 52 2 25 44 26 41 45 40 27 68 81 48 82 63 42 31 22 75 38 54 36 80 46 55 12 14 7 4 66 59 70 11 21 8 74 67 30 9 29 13 77 6 53 1 61 18 56 37 32 3 39 71 50 60 78 47 5 24 16 73
    74 82 52 78 1 61 57 3 16 54 70 12 29 23 6 28 71 31 47 72 69 2 76 77 64 56 40 58 21 51 67 66 17 13 55 20 37 19 7 42 34 26 68 36 44 30 80 10 22 49 79 32 45 59 43 46 81 18 48 73 50 38 27 39 11 75 60 35 25 33 4 15 53 8 63 9 14 24 41 5 65 62
    47 54 13 19 39 81 6 67 26 56 11 48 60 70 34 9 23 31 28 37 36 33 8 49 45 1 61 24 43 16 75 66 53 25 76 62 73 22 7 30 59 3 77 29 64 21 18 57 38 41 4 52 44 80 17 12 50 46 79 69 74 55 71 40 14 2 58 72 42 35 15 32 20 63 82 78 65 5 27 51 68 10
    69 62 36 52 59 38 17 19 70 9 30 73 55 13 65 35 74 48 53 2 45 56 25 18 22 63 29 60 41 68 47 50 1 81 82 71 46 23 61 37 57 58 39 51 26 4 24 54 79 6 12 7 78 21 5 8 75 3 15 16 34 40 31 76 20 66 14 10 67 77 64 11 72 49 32 80 33 27 28 43 42 44
    41 2 54 39 10 23 34 8 33 76 1 59 37 58 44 38 42 9 11 26 46 43 7 35 14 56 61 78 80 6 48 69 70 49 40 82 31 47 60 28 52 55 5 12 4 79 51 57 68 16 63 27 24 53 3 67 32 18 75 50 45 25 19 29 74 64 77 15 81 21 73 13 30 66 65 71 72 20 62 17 22 36
    44 2 64 4 54 13 50 12 55 79 40 70 39 69 56 9 80 63 22 43 20 23 26 38 14 36 75 5 7 51 62 58 8 27 59 21 6 42 66 68 72 60 61 25 78 11 17 1 45 30 73 49 34 3 74 76 24 15 41 29 33 16 37 46 52 82 53 48 19 18 65 47 35 81 31 71 10 67 57 32 28 77
    31 42 23 11 34 22 4 1 68 44 41 62 79 32 19 59 78 75 28 35 29 8 15 72 21 66 33 39 47 48 80 53 60 63 14 43 55 58 13 20 52 30 26 38 2 45 70 17 6 46 36 24 61 65 12 9 77 71 74 27 67 64 49 37 18 10 76 69 50 57 3 16 81 51 25 40 54 5 82 56 7 73
    60 78 47 69 23 34 36 64 62 56 25 75 77 76 19 17 16 65 14 9 82 80 68 50 6 21 12 67 70 41 52 13 31 72 63 53 61 18 20 54 48 2 35 46 27 15 71 37 11 22 39 45 43 40 1 32 58 30 66 74 59 55 51 8 7 28 24 29 5 33 42 4 3 44 10 79 73 38 26 81 49 57
    18 24 51 39 78 74 77 41 56 32 3 21 68 70 75 25 26 27 80 7 76 36 28 65 5 44 62 14 37 16 63 33 58 59 1 19 31 20 6 2 30 40 42 34 11 8 23 69 55 50 17 67 38 66 54 82 43 13 64 57 9 61 10 79 81 52 4 22 29 48 45 49 35 72 46 15 53 71 12 47 73 60
    52 37 80 64 53 63 77 61 47 56 21 19 7 17 82 60 49 76 65 57 20 78 9 81 79 15 11 72 59 5 3 36 58 23 43 68 50 34 75 35 14 32 48 22 66 6 41 74 28 4 16 46 42 45 67 62 1 38 55 70 44 39 10 33 18 31 27 30 40 71 73 26 2 12 29 54 51 24 25 69 13 8
    34 48 11 33 1 14 63 30 72 73 10 82 47 41 58 69 65 13 23 55 9 70 68 19 5 8 15 22 17 56 36 37 18 7 43 62 45 3 64 42 35 76 26 67 16 12 31 32 77 39 24 61 75 59 54 51 49 2 78 81 60 80 27 50 66 71 57 52 25 28 46 79 44 53 6 21 74 4 29 38 20 40
    48 17 5 31 76 12 51 41 80 56 82 53 44 49 35 37 36 61 70 64 33 60 3 6 2 24 58 27 7 40 81 39 77 62 74 1 38 69 26 57 63 46 13 16 55 59 47 15 14 20 11 72 28 4 10 54 43 30 21 9 22 45 23 66 68 79 42 34 75 29 65 52 71 67 73 78 32 8 18 19 50 25
    74 7 28 80 21 33 36 66 34 71 45 54 37 57 6 38 78 50 65 44 63 49 8 62 52 51 27 77 1 70 16 41 24 56 2 82 46 20 48 5 64 12 29 47 39 79 67 9 42 81 58 59 69 14 18 23 75 72 15 19 26 4 40 61 13 55 22 3 73 17 76 60 53 25 35 32 31 68 43 11 30 10
    26 46 23 51 24 66 73 44 32 48 11 37 22 80 41 16 64 81 69 1 43 56 78 77 30 5 63 3 10 9 39 61 21 4 45 8 54 7 58 33 68 75 40 42 19 34 52 28 27 18 50 17 82 36 35 76 47 60 25 31 72 14 70 53 62 74 71 65 79 67 55 12 13 49 57 38 29 59 15 20 6 2
    46 9 19 28 33 5 62 82 29 67 75 52 24 13 64 47 27 39 81 15 41 71 54 63 3 23 10 59 61 16 55 77 53 35 26 72 57 51 17 2 37 44 38 65 58 30 7 22 79 25 49 48 43 68 56 60 32 12 40 66 73 8 20 21 76 4 11 31 70 36 1 69 18 34 14 42 78 50 74 80 6 45
    18 73 65 59 10 25 32 49 52 42 61 58 38 37 19 67 24 27 75 51 15 76 74 31 80 7 3 12 69 13 6 77 41 1 78 8 5 16 55 4 26 50 14 71 11 81 22 9 54 21 23 17 39 70 72 44 47 30 35 43 34 68 20 45 2 79 46 64 60 56 82 36 57 63 48 33 29 66 28 62 40 53
    15 40 76 28 37 53 58 46 67 20 27 68 71 22 70 14 56 9 82 10 7 33 61 45 80 36 18 59 16 75 78 23 42 44 54 38 12 24 60 4 55 39 30 26 1 13 63 47 34 25 21 57 74 29 50 11 48 19 81 65 79 66 72 41 77 32 8 5 49 62 2 69 64 43 17 52 35 73 6 31 51 3
    20 52 23 46 18 4 73 21 60 19 36 49 57 63 44 69 54 56 33 55 14 79 35 5 15 2 72 25 42 48 78 3 81 24 32 65 67 50 75 1 61 45 41 11 80 64 62 29 16 66 47 13 51 31 68 71 9 8 59 34 26 58 28 6 40 12 7 30 77 27 17 76 10 74 53 82 43 37 38 39 22 70
    29 27 14 20 62 30 40 80 10 35 21 41 22 24 3 79 23 6 43 78 15 17 70 59 72 60 28 25 49 69 74 47 32 5 63 42 31 61 57 52 77 53 75 7 4 73 76 45 38 65 58 51 39 19 46 13 56 37 68 34 9 12 48 33 18 1 8 67 36 44 50 81 55 54 11 2 66 71 26 82 64 16
    60 26 8 4 54 50 44 33 53 29 63 74 6 10 39 12 14 22 1 19 49 17 64 38 82 24 76 20 51 25 23 70 43 28 78 81 11 21 9 36 18 40 48 15 42 72 7 32 34 56 30 58 71 46 69 57 55 41 77 79 66 31 16 62 67 61 65 68 35 75 27 73 59 13 52 5 45 3 80 47 2 37
    23 55 79 32 57 48 3 80 62 16 22 47 82 29 10 5 66 49 34 53 74 40 30 50 77 13 68 65 69 39 11 60 41 17 36 18 71 31 72 24 33 58 28 73 81 45 54 70 61 63 6 12 43 38 26 8 9 35 27 42 14 37 76 15 21 75 44 4 7 56 51 20 1 78 52 2 67 59 19 46 25 64
    45 54 33 27 21 65 37 73 9 52 38 15 11 39 82 51 2 7 63 1 61 4 14 17 43 18 58 57 55 35 46 56 41 42 81 66 70 26 13 78 24 28 80 75 74 71 48 29 16 34 76 49 22 25 31 62 23 30 53 68 20 19 5 8 59 44 64 12 32 3 72 69 67 36 40 50 77 6 60 10 79 47
    26 71 25 12 52 27 47 57 35 10 38 51 72 24 11 74 81 61 21 46 2 66 8 65 82 64 3 60 67 37 63 76 48 54 4 55 17 73 79 75 19 18 50 42 34 80 41 13 78 30 6 14 69 20 77 7 28 23 58 44 1 62 39 29 45 9 43 49 53 15 36 32 5 33 16 68 56 31 22 40 70 59
    17 59 76 54 47 15 23 5 45 74 56 31 69 11 14 60 57 21 80 40 51 78 48 77 62 49 9 13 61 53 26 71 29 19 27 75 70 7 20 30 44 18 34 64 33 25 82 35 3 16 66 1 68 67 38 72 63 42 24 6 12 50 4 81 39 2 10 28 46 36 32 41 22 55 58 52 8 73 37 65 79 43
    63 31 8 52 62 28 81 65 58 27 68 7 61 16 74 38 10 75 11 13 80 4 24 40 36 54 51 64 29 1 20 19 23 69 21 55 26 43 3 79 46 22 76 9 67 82 41 77 59 5 12 34 17 39 33 53 49 72 44 56 47 66 70 78 50 30 15 57 60 32 42 25 6 14 71 45 73 48 37 2 18 35
    40 51 59 75 37 74 6 32 71 20 45 34 25 35 76 8 69 66 33 22 82 48 79 15 23 5 29 44 53 7 9 80 26 78 24 42 57 17 39 77 43 73 49 10 54 11 21 67 47 2 68 55 14 72 1 52 4 46 70 41 18 3 65 81 63 56 27 60 61 64 16 31 62 30 12 13 36 19 28 50 38 58
    14 55 42 29 26 1 78 63 22 46 6 24 10 79 48 21 77 27 64 81 25 59 50 30 2 36 39 73 76 3 60 80 56 47 20 58 19 28 31 40 49 70 23 41 4 57 68 38 11 75 35 7 16 45 17 72 53 18 61 37 15 54 82 5 71 34 62 43 74 8 33 51 13 12 9 32 67 44 52 66 69 65
    82 32 49 31 30 28 74 81 67 55 79 42 66 13 77 47 19 46 50 16 68 75 14 8 69 34 51 63 35 29 65 18 40 11 17 37 12 20 80 44 15 38 3 36 33 23 27 22 45 39 54 24 59 57 5 21 48 25 78 76 43 61 71 62 52 6 58 41 9 53 26 72 73 10 1 64 60 4 7 70 56 2
    15 76 5 51 33 40 44 8 1 26 78 20 52 30 25 59 63 57 6 10 21 22 77 11 72 74 31 66 35 24 34 49 12 13 64 47 62 2 19 28 71 46 73 43 29 48 58 17 3 75 55 79 38 41 39 60 67 65 14 53 68 18 50 69 36 7 61 42 70 45 81 9 82 54 23 80 37 27 32 56 16 4
    34 14 63 48 28 46 68 59 16 69 79 76 67 60 25 65 61 82 52 55 12 7 33 39 5 20 29 11 71 23 40 74 80 2 51 21 37 45 4 41 47 62 18 53 49 73 8 64 22 35 6 81 10 66 58 44 31 24 17 38 36 19 30 57 54 26 50 27 9 72 78 32 42 70 43 13 3 56 1 15 77 75
    1 52 43 5 69 19 48 31 47 9 17 35 51 75 10 8 29 18 34 80 23 41 56 65 42 21 71 13 63 66 76 14 57 25 22 50 37 6 7 38 32 82 59 44 72 24 4 15 77 74 27 30 61 81 45 68 73 11 79 54 20 55 28 60 33 62 53 46 70 78 26 3 2 49 40 58 64 16 39 12 67 36
    50 77 70 63 5 28 49 81 51 3 45 56 21 35 79 11 37 44 27 65 72 75 4 66 64 52 12 29 34 48 59 62 53 43 16 2 25 68 54 9 73 19 18 74 46 67 41 15 61 38 31 39 13 30 14 1 32 8 55 69 7 36 40 58 24 78 20 42 22 80 60 6 26 10 47 76 17 23 33 82 57 71
    49 66 17 1 55 31 18 81 47 6 63 7 82 33 41 53 21 15 35 46 14 9 54 69 45 80 57 40 8 26 60 34 29 42 36 39 24 77 79 4 12 56 67 30 51 23 25 32 27 52 43 62 37 65 10 74 73 28 78 71 2 5 50 75 44 76 20 16 38 70 48 19 64 3 11 68 59 72 58 13 61 22
    8 29 79 69 57 36 72 66 35 82 68 65 67 25 77 45 33 13 16 48 4 32 53 74 70 64 7 42 23 5 22 9 26 39 55 59 81 19 46 18 34 62 44 52 2 12 61 41 31 60 71 43 76 58 75 11 28 20 1 50 49 38 37 15 14 30 56 78 10 6 3 47 63 51 27 21 54 80 73 40 24 17
    5 37 56 70 57 30 16 14 7 28 43 33 17 53 4 27 19 3 73 39 51 82 54 6 60 49 18 25 9 46 41 80 35 71 59 22 76 12 47 68 23 65 42 10 79 31 55 64 38 75 8 29 44 63 52 36 20 11 34 77 32 2 26 67 62 45 15 40 69 24 48 21 74 78 81 72 58 50 61 66 1 13
    40 31 75 62 63 9 54 1 77 22 70 16 64 60 53 30 32 6 46 8 71 55 4 67 45 42 52 69 61 18 20 38 35 3 41 23 39 25 82 11 26 59 14 56 51 7 2 50 58 13 33 79 24 19 29 74 80 47 43 68 28 73 57 10 21 48 15 17 78 34 81 65 37 12 72 49 5 76 27 36 66 44
    12 34 19 20 50 76 7 11 17 42 6 8 73 3 32 10 37 14 78 45 16 61 67 62 53 48 38 27 59 1 82 41 58 4 30 36 63 64 26 80 29 35 15 33 5 47 56 65 24 68 44 55 28 60 39 66 2 25 57 77 54 79 43 21 9 31 81 69 23 52 18 72 46 51 71 40 49 70 75 13 22 74
    72 64 5 1 58 74 46 28 68 18 31 29 52 13 36 27 45 21 25 62 10 8 33 47 30 3 48 82 12 7 24 57 6 61 40 42 19 51 16 59 50 49 63 9 71 70 67 22 54 38 69 78 56 14 66 60 17 34 41 75 53 76 20 43 15 39 35 2 77 4 79 32 26 11 65 55 81 73 37 23 80 44
    9 39 52 69 20 30 31 46 16 59 49 67 11 58 14 28 62 41 79 71 65 45 74 56 51 43 81 61 77 19 64 54 33 32 7 8 72 25 24 15 70 76 12 42 60 26 35 50 5 75 6 66 27 2 4 40 21 48 3 63 1 22 78 47 44 37 73 82 34 17 10 13 68 80 38 55 57 29 36 18 53 23
    82 36 24 13 73 21 59 71 51 55 67 40 26 64 48 68 31 10 2 66 69 43 20 5 75 37 12 72 14 22 1 32 35 46 57 8 54 53 63 7 44 70 52 77 30 29 18 65 9 3 6 16 62 33 17 38 25 80 74 49 39 11 19 79 41 45 27 61 76 56 34 28 23 47 60 42 50 81 4 78 58 15
    81 51 23 32 71 73 2 21 11 3 17 42 6 69 53 44 75 59 56 57 1 35 47 65 15 19 78 4 37 48 40 39 29 8 12 70 25 38 7 49 16 43 20 5 18 27 77 60 58 26 9 33 46 30 22 13 62 41 45 14 55 68 79 80 76 28 54 34 52 36 66 67 61 24 64 82 63 72 31 50 10 74
    39 59 18 17 4 69 2 19 32 71 28 5 6 49 45 15 61 53 68 3 38 34 46 41 74 7 75 55 10 80 72 52 12 51 29 82 63 11 13 36 57 30 24 9 58 54 47 76 8 33 1 22 25 26 73 21 44 62 67 27 70 77 40 14 16 35 65 31 23 64 56 20 37 78 79 50 81 60 66 43 48 42
    20 81 15 74 62 21 71 34 78 6 24 5 36 77 40 1 82 56 16 47 70 18 13 41 45 10 22 37 69 55 43 79 53 8 60 26 23 58 63 80 39 54 59 44 28 35 30 46 66 48 76 61 67 19 25 49 3 7 50 64 29 17 72 33 14 2 75 38 11 27 12 31 73 57 4 68 52 51 9 65 42 32
    30 36 81 9 44 12 75 8 69 26 73 16 18 43 6 53 70 27 66 49 51 11 37 55 5 17 13 52 74 22 45 2 1 63 78 79 71 19 21 60 42 82 25 15 33 28 31 57 64 38 39 54 62 35 61 32 80 56 24 23 29 20 41 3 10 72 47 58 76 14 40 7 34 50 46 59 77 68 48 4 67 65
    4 52 41 65 6 14 39 32 51 77 59 78 13 49 73 76 30 46 80 24 69 21 9 19 70 47 40 20 74 18 26 67 82 12 3 5 48 11 28 79 60 57 23 64 58 81 34 2 63 62 16 36 56 29 43 42 45 25 53 68 54 31 50 8 37 66 44 22 33 72 27 35 7 61 1 17 55 10 15 75 38 71
    75 21 23 36 14 24 12 51 50 49 18 47 74 31 53 29 26 65 80 32 13 16 60 48 46 9 72 58 45 22 54 38 73 56 71 10 15 57 67 76 35 40 69 19 11 2 62 68 64 79 20 6 30 78 77 7 17 81 33 59 8 43 61 39 63 28 4 42 41 25 55 1 82 5 3 27 34 66 52 37 70 44
    16 32 24 42 77 7 33 49 21 30 54 5 15 39 19 55 64 9 45 81 73 56 17 52 28 59 25 78 38 6 68 29 34 58 50 20 35 51 69 71 74 22 63 72 43 76 79 61 41 12 26 3 44 27 70 82 14 40 10 23 4 46 37 67 57 66 53 1 60 18 48 8 11 80 47 65 2 13 36 62 75 31
    62 23 20 63 40 54 36 34 81 47 39 82 53 24 65 66 28 64 19 18 74 29 14 44 69 58 57 12 72 31 68 25 35 33 80 59 45 78 15 22 56 60 38 7 51 48 6 8 1 67 71 30 77 42 26 13 37 32 11 9 55 16 76 52 3 41 4 49 79 43 50 75 10 17 61 21 70 46 2 27 73 5
    48 77 20 23 82 79 68 3 37 6 52 18 59 72 44 66 27 32 13 16 24 54 45 10 14 25 51 42 41 8 53 46 22 26 73 21 39 76 43 56 47 78 12 34 7 49 63 69 58 60 28 80 19 1 74 50 29 4 38 31 62 64 65 30 71 15 33 81 55 11 75 40 17 35 2 67 5 9 57 61 70 36
    60 70 6 30 82 54 66 15 29 59 48 57 23 25 65 9 8 67 52 4 32 78 18 2 13 7 35 49 39 62 1 46 61 11 28 72 36 34 38 58 5 47 31 80 75 73 45 53 81 77 40 42 63 55 20 24 41 74 50 51 21 14 37 26 19 71 17 3 44 22 79 69 12 43 27 16 10 68 56 76 64 33
    81 68 11 37 64 54 34 46 78 70 43 38 17 53 50 61 1 49 29 63 28 2 67 77 24 15 39 13 7 25 6 19 69 48 82 66 12 30 26 27 51 22 31 80 59 40 10 47 52 35 76 57 42 16 21 36 8 44 18 62 58 20 23 75 71 9 73 56 60 14 72 55 41 33 65 79 32 3 74 4 5 45
    36 32 65 22 5 48 75 70 59 1 14 19 35 49 31 34 76 71 6 15 25 81 23 68 24 74 45 46 4 30 10 58 55 66 21 33 50 20 27 51 40 47 79 73 18 16 42 38 8 26 9 11 17 82 64 77 72 37 60 43 56 62 12 39 7 28 54 44 3 2 13 63 67 52 80 29 57 61 53 78 41 69
    37 61 78 14 24 10 34 64 45 68 54 27 1 75 44 80 17 57 28 69 72 6 56 18 79 51 3 47 8 82 46 29 19 70 30 21 35 58 32 53 9 31 55 43 36 20 67 12 65 50 59 49 60 15 40 71 38 42 25 39 23 16 74 22 77 2 48 63 33 7 81 11 5 66 52 76 4 73 26 62 13 41
    46 2 52 42 21 71 56 75 69 66 6 72 30 81 49 16 32 1 62 48 10 3 17 67 59 29 54 68 18 15 45 14 64 7 19 22 38 31 47 80 82 63 20 24 65 44 74 43 27 79 73 41 13 50 39 34 55 23 4 37 26 60 36 76 12 9 78 5 33 58 35 70 57 11 53 77 61 25 40 8 28 51
    79 63 74 13 10 9 60 62 34 65 11 72 67 66 39 15 77 80 30 71 8 36 12 56 58 52 61 24 29 20 17 1 4 70 43 19 82 22 31 41 26 2 76 51 42 59 64 49 81 18 33 48 40 68 14 55 46 3 69 38 44 73 32 21 28 16 23 6 5 27 37 7 53 54 57 35 45 47 25 50 78 75
    81 42 4 34 19 29 33 23 79 70 3 10 48 74 78 41 61 52 66 38 22 82 2 40 77 49 28 57 14 44 1 69 17 7 11 15 8 76 27 12 43 73 16 71 30 65 46 72 20 75 60 50 36 64 53 45 35 18 13 26 63 39 51 21 5 24 58 67 31 54 6 37 56 80 55 25 62 59 68 9 32 47
    6 63 65 16 70 5 66 46 67 25 40 54 80 36 31 61 60 29 75 81 35 15 43 78 23 62 76 72 17 53 18 19 20 48 12 22 69 52 57 79 51 77 47 45 55 7 59 44 21 14 32 42 74 30 11 38 68 4 37 1 3 50 49 27 34 26 41 71 73 8 2 82 9 24 10 64 58 39 33 56 28 13
    60 15 14 58 69 25 52 37 2 68 24 71 78 75 65 53 11 30 73 66 54 23 32 19 35 47 27 28 18 64 72 10 20 57 31 1 13 51 79 8 48 70 67 6 46 9 17 38 61 49 36 34 59 16 45 26 82 22 76 55 43 29 41 39 5 40 80 42 33 21 74 7 12 3 77 44 63 56 4 81 62 50
    71 77 15 47 46 31 27 36 67 10 13 22 50 18 38 40 24 79 60 58 2 12 17 4 7 52 54 57 62 26 82 37 23 65 45 73 61 56 59 80 5 33 72 42 20 9 55 32 75 6 41 1 11 25 29 66 8 74 49 43 63 69 21 48 70 28 19 53 78 76 44 68 64 3 14 34 35 81 30 51 39 16
    68 2 78 36 15 37 44 18 49 13 71 39 81 48 33 45 30 53 10 58 32 80 52 26 20 7 23 40 54 77 38 57 34 46 22 6 79 60 41 25 76 82 3 74 17 63 21 59 1 11 72 47 55 4 35 64 31 65 43 50 29 69 5 42 9 56 24 62 28 67 73 70 19 51 14 66 8 16 12 27 75 61
    7 81 57 38 3 66 70 2 65 5 34 72 30 75 40 23 51 6 49 80 33 59 28 9 77 37 62 12 20 60 36 8 42 79 22 82 21 50 69 61 1 17 14 41 48 68 29 26 19 73 24 25 27 31 4 39 44 64 55 54 47 67 56 74 35 71 10 53 76 63 15 43 58 45 18 16 52 78 46 13 32 11
    62 75 65 46 9 31 42 74 56 67 41 64 21 15 16 82 66 76 70 4 61 48 55 53 17 6 12 27 36 47 43 79 45 20 18 3 49 28 39 34 23 63 37 72 10 69 68 58 30 73 78 22 38 7 77 59 19 24 35 8 11 29 50 57 5 2 14 26 71 81 40 51 80 60 13 44 1 52 32 33 54 25
    73 65 52 53 77 29 25 3 6 70 34 24 54 63 80 27 17 13 74 35 40 50 45 16 31 56 60 61 30 75 81 58 49 55 68 8 20 14 51 57 42 4 71 7 2 26 76 10 11 9 69 28 39 1 64 47 23 22 79 38 82 5 46 41 62 67 72 44 32 33 66 36 78 48 37 19 15 21 43 59 18 12
    47 73 82 78 67 46 40 51 60 79 13 31 52 38 24 4 64 25 2 1 53 8 80 69 48 75 19 59 14 54 58 26 23 5 68 66 28 10 27 45 35 55 65 57 77 76 44 36 30 42 50 71 49 3 62 41 22 6 34 81 29 18 9 56 17 61 15 12 70 7 11 20 63 72 39 37 33 32 16 43 21 74
    6 33 61 57 48 5 18 50 76 37 8 42 16 28 52 10 40 49 69 78 79 30 60 4 3 71 22 38 46 35 80 39 34 74 51 68 77 70 27 53 2 14 66 23 67 24 59 20 29 58 25 62 81 26 54 44 1 17 9 56 12 41 43 36 55 63 7 75 73 72 21 31 65 45 32 15 19 64 82 13 11 47
    68 53 5 72 78 66 45 22 24 71 25 4 81 38 20 10 42 12 37 13 57 47 15 46 33 74 73 11 59 54 77 7 8 26 14 28 52 2 23 61 30 31 48 80 76 39 44 40 16 64 58 69 75 29 55 36 17 49 62 50 41 65 1 63 67 6 82 79 3 21 18 9 27 32 56 19 43 34 35 51 60 70
    23 44 22 4 6 8 61 65 24 50 64 76 25 49 15 57 38 12 19 45 42 60 48 66 32 53 75 9 72 71 13 54 7 69 29 5 37 74 79 55 52 82 11 43 68 34 21 20 81 16 36 70 63 10 28 51 77 1 41 30 59 78 35 58 56 47 3 27 39 14 73 40 46 67 17 80 2 26 18 33 31 62
    75 41 53 54 29 50 45 55 71 34 68 30 60 1 36 44 25 33 40 73 42 48 3 6 78 63 76 31 18 72 22 28 47 10 52 79 46 24 81 49 2 59 19 67 64 35 15 23 12 38 37 82 58 26 39 27 9 69 21 32 13 80 77 74 65 14 43 62 8 51 61 66 57 70 20 17 7 56 16 4 11 5
    39 63 20 36 38 2 44 69 25 14 66 74 15 41 33 30 28 7 49 60 13 16 73 43 4 65 11 35 3 19 12 21 26 17 47 53 76 72 37 71 42 9 79 34 62 80 78 29 50 82 1 18 68 81 56 45 59 32 57 51 61 58 77 48 54 40 67 8 46 75 22 24 27 52 10 70 55 23 31 64 6 5
    7 25 26 18 56 50 33 51 28 2 22 59 80 49 57 60 70 10 46 17 6 11 48 77 19 14 81 13 23 68 63 43 1 44 45 67 21 54 5 72 78 62 24 15 34 75 61 74 3 36 64 16 73 55 71 12 76 79 82 30 41 35 8 58 47 29 38 65 69 37 66 4 39 27 20 40 9 53 32 31 42 52
    41 39 68 59 9 61 54 46 73 55 60 1 38 26 15 31 4 78 47 48 44 76 13 81 52 20 5 3 30 29 82 65 71 42 63 11 22 24 25 53 17 2 45 56 64 28 7 18 72 74 50 67 80 14 43 19 70 16 33 57 51 58 32 10 35 34 75 62 23 27 37 77 8 49 6 21 40 12 79 36 69 66
    2 29 71 24 8 22 40 68 33 6 45 79 16 60 27 48 74 10 49 73 54 30 72 80 23 1 76 39 9 69 65 59 38 42 14 81 78 58 36 64 52 31 19 82 7 75 61 50 15 53 41 26 46 28 57 70 5 47 3 11 63 21 37 4 43 66 20 51 13 18 77 44 62 56 67 35 17 32 34 25 12 55
    41 77 5 1 9 24 59 34 49 19 81 2 74 46 68 38 57 18 29 69 71 26 76 15 33 37 50 31 73 64 70 32 14 52 40 61 16 56 53 35 75 13 3 80 43 45 66 8 44 54 30 4 6 39 78 12 10 21 27 17 48 62 20 82 65 58 63 72 60 23 55 42 28 79 22 47 11 51 36 67 25 7
    47 63 15 80 19 40 22 20 72 25 77 21 17 16 76 45 39 4 54 29 59 64 26 36 35 74 42 67 75 60 55 33 1 6 62 50 28 79 24 18 11 61 69 8 12 13 5 10 56 3 32 46 68 78 27 23 81 57 49 30 53 14 65 51 38 2 9 52 66 48 71 44 7 41 31 82 34 43 70 37 58 73
    46 22 70 15 49 28 61 64 71 81 60 56 78 11 74 8 43 6 41 18 16 65 73 54 2 80 30 67 69 42 37 32 47 55 10 5 4 53 35 21 24 31 12 20 1 52 38 33 45 25 36 7 14 79 72 23 3 39 27 66 29 51 68 76 44 75 82 50 57 48 34 40 9 59 62 19 58 77 17 63 26 13
    20 15 31 37 66 80 76 38 68 19 21 11 27 51 43 54 32 1 26 70 79 58 71 62 34 44 64 23 50 48 18 69 65 5 3 41 46 13 7 61 36 55 77 63 6 40 14 73 25 59 74 42 49 57 29 52 28 67 24 56 75 78 2 47 33 53 12 39 35 72 10 45 81 16 60 8 9 17 30 82 4 22
    7 24 23 2 10 65 61 18 78 6 50 47 33 15 45 27 46 62 20 82 57 22 71 8 54 56 38 37 64 11 70 31 34 39 28 40 52 42 79 16 30 12 32 59 60 17 21 41 51 55 35 75 63 77 66 69 80 48 3 49 26 19 29 58 43 67 74 14 76 81 36 9 53 5 1 44 72 4 13 68 25 73
    34 15 80 2 25 26 69 41 23 56 79 22 75 13 8 44 30 81 73 49 48 47 37 50 33 42 29 60 3 43 55 17 74 65 63 77 16 14 82 7 57 64 58 27 78 51 39 21 76 12 9 36 68 20 45 40 46 32 18 52 19 4 53 54 1 61 11 35 24 66 10 31 28 59 72 67 5 71 38 6 62 70
    36 66 29 77 61 75 69 72 33 73 53 39 78 6 37 15 51 42 27 14 13 47 23 2 24 38 82 3 20 34 67 21 71 48 57 62 52 50 58 45 55 17 79 44 60 11 28 43 4 9 16 10 68 56 74 30 49 64 35 8 12 41 40 54 80 59 81 5 46 26 70 22 32 25 65 1 7 63 31 19 18 76
    65 44 30 3 27 6 7 49 82 14 5 46 70 9 17 39 32 16 47 13 72 1 34 81 19 28 56 25 51 61 23 11 77 79 22 63 80 68 57 4 12 10 74 31 42 21 33 78 45 41 52 38 59 18 48 71 53 24 29 67 35 37 43 76 40 50 36 26 64 15 20 8 66 55 54 75 73 60 62 58 69 2
    1 12 31 56 29 18 62 66 17 59 40 42 43 79 44 25 26 49 67 7 24 36 71 72 11 20 78 50 54 48 34 73 2 28 35 47 52 30 74 70 82 5 57 60 65 37 13 21 6 9 27 69 81 32 4 77 80 19 46 53 16 51 39 22 55 61 68 38 64 15 75 33 58 23 63 41 3 8 14 76 45 10
    16 19 82 4 61 62 54 18 1 28 26 27 5 31 36 64 11 49 2 70 50 30 42 15 37 41 77 20 65 56 57 39 43 78 79 60 73 44 32 67 3 55 10 21 45 23 40 53 66 71 22 72 47 59 14 9 17 63 34 24 76 12 25 38 74 8 48 68 80 35 58 13 46 81 6 52 75 51 29 69 33 7
    73 72 14 61 30 25 17 82 19 8 18 55 67 54 32 68 1 34 21 2 37 48 60 76 36 51 28 46 44 63 74 5 23 26 27 70 10 24 15 58 52 65 45 80 75 79 41 57 47 3 33 7 31 53 12 66 35 6 13 62 4 11 38 78 50 20 42 9 77 43 56 69 22 59 29 49 81 64 16 39 40 71
    21 44 38 81 31 34 29 66 42 62 22 8 19 45 4 63 33 1 18 26 40 70 14 52 24 13 35 7 58 10 50 82 37 43 53 75 23 17 60 20 5 11 78 27 3 15 72 79 73 67 71 16 69 54 2 41 77 9 28 39 65 55 36 56 49 61 59 51 46 57 47 32 74 30 48 80 64 6 76 12 25 68
    74 50 53 55 58 77 33 54 43 82 42 21 18 62 7 31 80 71 41 32 60 15 5 25 10 66 17 6 19 3 81 28 75 1 40 12 46 63 4 72 68 79 73 11 61 23 56 39 44 14 59 67 13 78 35 65 26 52 16 9 36 22 37 49 29 48 70 57 30 34 24 45 27 38 51 69 8 20 76 64 47 2
    37 57 71 52 63 43 75 65 51 27 38 28 70 19 76 47 42 68 20 69 55 14 32 11 7 30 35 25 21 17 59 58 60 67 78 36 39 2 80 8 4 6 72 81 40 56 24 13 5 26 46 9 31 44 15 82 77 54 45 74 64 53 10 49 3 61 41 50 48 33 1 73 62 79 16 34 66 22 18 29 12 23
    51 12 4 52 76 66 29 43 21 22 41 73 46 44 79 9 25 33 11 20 71 2 3 38 39 54 72 74 15 53 40 35 56 69 19 24 57 5 32 6 47 65 60 68 81 78 63 34 10 14 49 64 45 13 18 27 1 28 17 48 67 36 16 58 82 61 26 42 30 8 50 31 62 7 70 59 77 80 55 37 23 75
    60 59 61 81 42 67 35 66 11 52 7 18 37 16 3 70 4 2 32 72 54 46 62 25 14 45 43 17 39 19 68 8 41 27 71 9 40 69 26 48 6 79 12 15 80 64 51 28 76 74 20 24 53 23 13 57 22 82 78 56 63 49 29 58 47 77 44 38 33 34 75 30 73 36 55 10 5 50 31 65 1 21
    70 76 9 79 71 10 77 34 26 16 46 37 44 48 41 36 60 15 57 22 55 12 74 51 27 61 2 72 33 62 66 45 17 3 59 20 18 43 24 39 28 23 1 29 54 58 73 63 64 35 52 25 42 19 30 14 31 69 4 67 32 78 38 5 65 47 7 82 75 40 6 68 81 56 13 50 11 80 49 8 21 53
    52 49 57 12 3 37 77 55 46 1 42 44 23 53 45 14 82 56 33 39 22 47 66 13 79 54 72 21 35 76 71 73 10 67 51 58 25 17 63 5 31 68 60 29 19 80 16 6 40 32 62 20 38 61 64 43 28 4 74 69 81 9 30 70 11 24 26 78 15 34 48 65 18 27 75 41 59 36 50 8 2 7
    73 59 74 67 52 36 12 51 34 78 65 43 10 45 9 11 72 35 42 26 50 38 14 29 79 53 41 13 69 2 5 64 82 58 23 33 48 21 28 8 1 54 70 6 81 55 63 22 75 77 49 17 60 25 37 76 16 71 44 57 24 27 68 80 30 40 39 15 19 56 66 20 47 7 31 4 61 32 18 3 62 46
    46 58 14 63 31 48 70 34 21 32 68 60 16 12 10 64 72 82 53 65 39 33 5 59 1 19 57 41 50 75 23 38 35 76 4 15 18 29 55 44 67 45 40 47 37 9 26 81 30 27 28 77 66 62 74 6 22 80 54 11 43 3 20 36 56 51 69 61 13 7 52 79 2 73 8 24 49 78 17 42 25 71

