83

    33 52 3 1 54 62 32 43 9 29 58 25 71 63 82 75 65 38 55 30 26 15 72 42 34 22 20 6 2 5 68 4 24 21 46 11 41 40 76 50 60 37 36 81 74 28 13 8 12 53 57 73 77 16 44 39 78 66 14 47 70 80 56 23 61 19 27 83 31 45 49 67 69 7 17 51 18 35 48 59 64 79 10
    34 39 62 42 77 61 26 30 8 9 66 64 38 13 21 20 48 55 41 54 52 47 15 82 6 49 7 31 17 25 73 70 37 56 22 83 10 44 12 75 14 60 18 53 80 33 19 4 28 67 59 57 24 27 46 76 45 36 74 81 40 43 16 69 5 63 71 79 11 68 78 58 23 35 50 29 72 65 51 3 1 32 2
    83 10 70 42 19 72 41 34 64 33 44 36 75 40 56 1 58 69 45 63 47 31 11 71 61 80 13 43 76 55 7 14 62 3 28 24 6 53 52 18 35 54 22 16 25 66 82 79 4 59 21 65 29 78 9 67 15 74 8 68 51 5 73 48 2 20 77 38 60 23 30 12 81 50 26 39 17 27 46 32 49 57 37
    19 71 32 29 63 67 1 36 39 26 78 4 82 47 45 7 38 76 54 53 22 48 27 40 70 66 37 11 81 41 34 21 28 25 49 8 14 60 57 68 17 10 64 23 18 73 33 31 75 50 20 43 69 61 72 16 55 2 35 51 62 44 15 24 56 9 30 12 83 3 52 77 13 80 5 42 58 46 79 59 65 6 74
    54 16 36 24 1 80 23 19 4 14 34 67 56 11 38 42 15 39 28 57 52 21 71 8 51 59 43 12 20 78 79 46 53 69 55 7 72 60 5 25 9 70 35 75 66 47 13 27 62 30 61 17 45 3 32 29 41 22 83 77 64 82 65 63 40 68 81 73 44 31 10 76 6 74 50 26 48 2 49 18 33 58 37
    16 37 61 64 55 71 20 68 12 75 33 80 2 38 19 28 73 45 44 6 54 51 7 27 3 1 8 35 77 9 65 52 17 36 69 82 70 5 40 76 79 60 22 66 83 13 49 48 81 39 32 50 74 67 25 72 29 18 42 31 11 26 24 62 41 57 23 46 59 53 4 43 58 34 21 30 63 78 15 10 14 56 47
    3 61 31 8 17 59 77 11 66 62 75 27 53 10 69 37 35 82 78 64 57 67 71 42 46 13 1 22 16 7 34 74 28 79 56 52 40 70 24 48 5 68 60 6 47 58 45 44 54 55 73 72 21 80 20 30 19 76 41 36 12 38 14 25 4 15 29 2 81 65 49 63 39 51 83 32 50 18 33 9 23 26 43
    77 27 35 10 42 1 41 18 74 15 19 11 12 75 83 50 17 61 54 3 34 14 25 56 47 48 16 51 40 9 73 46 43 26 21 29 81 64 70 67 32 4 30 23 33 72 60 38 71 66 2 65 58 22 36 39 82 79 44 37 62 53 78 52 13 24 69 49 59 68 63 80 6 76 8 28 5 7 45 20 55 31 57
    70 24 53 27 43 46 36 47 2 32 9 82 3 4 37 51 81 26 30 25 75 19 17 56 14 31 35 23 52 63 69 44 48 34 74 20 12 10 73 1 22 59 21 42 58 49 8 6 28 77 71 38 11 45 39 29 55 68 5 41 67 65 78 83 80 33 7 50 57 62 64 66 13 40 60 79 18 72 76 54 16 61 15
    9 16 46 79 19 47 77 80 39 56 38 36 26 75 15 1 82 72 6 40 34 2 71 70 27 57 51 69 33 63 30 50 78 10 76 32 44 73 66 12 25 3 24 55 31 53 83 58 28 20 61 62 21 67 17 7 41 8 13 43 37 11 22 60 65 45 29 14 42 68 4 54 48 81 52 49 59 18 74 23 64 5 35
    6 58 18 17 73 4 36 56 63 10 74 48 1 64 35 68 79 54 46 76 19 82 5 47 69 24 65 28 29 77 26 45 21 52 32 8 42 51 39 37 13 59 25 67 78 49 40 30 9 62 20 41 72 3 44 7 57 23 22 43 75 15 27 50 70 31 83 80 81 60 12 55 38 61 34 66 71 33 16 14 53 11 2
    70 30 75 8 32 27 52 18 54 23 41 3 56 31 42 72 51 53 44 24 67 7 50 22 77 4 29 61 81 6 78 65 83 26 43 40 79 37 66 46 58 60 2 47 1 74 33 71 34 39 28 12 11 25 10 73 57 19 13 55 20 63 48 35 45 80 17 15 9 64 21 62 49 36 16 69 68 38 59 5 82 14 76
    26 6 2 9 51 3 1 73 48 47 16 76 82 60 83 41 53 54 57 15 29 68 75 50 77 31 64 40 65 43 79 11 59 55 17 67 80 52 35 34 4 36 44 24 66 28 10 58 5 19 18 13 37 20 42 21 14 12 62 46 61 49 56 70 81 30 22 69 72 23 33 45 8 27 38 7 74 78 63 25 71 39 32
    47 28 50 80 33 66 26 19 44 63 48 56 21 17 61 16 10 4 71 39 9 49 41 35 12 32 77 59 38 1 24 36 82 74 15 31 34 40 57 64 58 5 22 81 8 75 73 43 7 20 67 3 13 14 72 62 55 78 37 42 45 18 65 52 79 76 83 30 68 69 60 70 23 54 46 51 11 53 2 29 25 27 6
    19 3 48 73 64 39 4 74 10 51 70 83 33 36 50 6 77 7 62 5 81 13 82 22 23 12 14 69 63 45 65 59 26 80 54 52 72 17 57 16 2 78 25 67 18 31 41 32 56 55 1 47 27 53 40 38 46 11 37 28 15 8 9 21 29 34 20 35 60 24 68 43 42 30 71 75 66 79 76 61 44 49 58
    58 34 19 12 2 81 15 69 5 55 6 50 38 3 72 51 25 65 66 68 46 73 75 78 39 37 49 35 60 70 57 1 30 16 33 44 21 24 53 13 26 10 28 64 61 41 11 77 18 67 20 54 74 47 56 59 71 22 48 31 23 27 9 14 40 79 82 7 80 17 29 4 42 45 83 63 36 76 43 62 32 8 52
    36 71 52 76 4 37 73 55 63 62 16 18 81 74 13 69 48 80 33 77 41 57 34 83 5 44 54 29 24 21 46 8 60 45 1 49 27 25 42 72 39 12 30 20 68 14 61 7 78 6 11 38 79 64 43 31 70 47 75 66 58 35 19 2 50 3 32 22 28 15 17 65 9 82 10 26 56 40 59 23 53 67 51
    29 34 13 46 42 17 71 74 82 28 43 69 61 14 12 70 37 39 22 7 49 75 60 81 16 40 15 76 57 73 35 52 72 54 55 5 31 9 25 4 79 80 6 58 20 62 38 41 3 24 10 47 67 64 45 77 68 50 36 19 26 11 8 30 21 18 44 33 2 32 48 53 23 63 51 1 83 56 78 66 27 59 65
    9 6 14 1 28 12 45 39 4 17 58 50 72 34 25 65 21 10 32 18 24 70 43 64 3 63 2 80 15 73 40 79 19 74 23 82 67 51 33 78 47 81 55 42 69 77 5 22 75 35 53 37 13 66 56 41 30 68 44 52 59 60 29 46 11 61 20 26 71 49 48 31 62 57 16 27 54 38 83 7 8 36 76
    47 75 30 53 18 14 49 61 35 70 69 42 44 73 56 37 2 54 43 67 68 17 79 62 12 65 78 45 16 63 33 81 72 21 55 27 60 11 7 36 52 22 39 46 64 57 80 6 31 66 25 76 1 15 74 20 4 29 24 13 34 50 71 58 8 82 10 19 40 28 77 32 9 83 48 3 5 23 38 41 51 59 26
    23 61 60 66 27 55 57 20 32 18 17 10 21 28 74 58 48 7 33 24 40 64 45 14 11 8 42 49 77 35 80 34 51 37 82 63 68 54 19 79 76 16 62 2 69 78 43 81 25 50 41 5 65 52 67 72 71 47 46 73 30 56 26 44 36 83 13 38 3 75 9 15 31 53 4 22 1 12 59 29 39 6 70
    54 62 10 19 17 26 7 9 29 79 3 2 13 75 16 66 24 80 55 81 18 34 58 56 39 76 37 70 5 15 48 64 14 27 52 60 46 25 38 8 69 36 12 78 42 67 53 83 47 59 30 11 32 65 71 4 72 33 74 49 1 63 77 41 21 61 44 23 82 45 20 73 40 35 31 50 51 43 6 68 22 57 28
    50 61 70 67 10 9 55 20 5 16 78 43 56 80 37 7 40 48 18 28 82 12 64 27 30 63 25 2 23 31 52 22 74 62 1 69 11 38 45 41 24 71 13 60 79 8 36 39 77 65 21 57 76 14 35 44 17 42 59 53 81 49 75 15 3 66 46 4 34 83 33 32 26 54 51 29 47 68 58 72 19 6 73
    25 49 11 77 53 56 14 52 8 66 26 75 37 35 19 54 64 12 72 76 10 67 41 23 44 83 2 59 29 57 55 28 31 70 63 60 38 73 30 32 6 22 9 82 24 21 39 62 36 46 15 33 1 71 4 81 61 80 42 58 79 7 78 65 45 16 27 34 51 3 40 17 68 69 74 43 47 50 18 20 5 48 13
    51 69 53 64 73 2 40 12 71 27 9 25 76 24 42 54 41 80 4 49 18 45 22 48 21 28 15 66 16 55 29 56 35 46 72 63 6 82 38 79 68 60 43 62 23 61 37 20 5 36 11 7 19 52 17 58 57 3 32 77 50 75 31 47 78 65 26 1 13 14 59 44 10 39 34 67 83 70 74 81 30 8 33
    3 8 63 49 42 46 21 71 64 53 33 83 61 66 59 26 65 22 29 6 45 67 39 81 51 75 77 68 14 82 60 74 25 57 10 1 38 70 32 80 37 7 73 24 44 79 78 41 69 47 62 2 13 31 58 52 40 56 4 15 27 54 30 28 72 23 36 43 34 50 48 11 9 18 19 12 20 5 55 17 35 16 76
    67 11 15 1 14 13 58 10 17 43 41 37 57 9 63 27 71 19 72 22 66 20 21 60 74 80 46 59 76 42 38 68 34 31 16 65 5 18 32 77 23 83 12 4 75 7 2 62 56 24 70 48 6 8 51 53 40 44 81 78 54 50 49 30 35 3 47 26 25 79 69 64 55 39 52 73 82 45 28 61 29 33 36
    32 5 72 82 4 81 76 1 78 35 59 18 29 42 37 51 80 66 20 52 26 28 15 40 31 24 12 16 43 13 68 70 74 2 34 7 83 30 21 58 56 47 57 49 71 25 53 27 22 19 14 60 33 41 79 73 50 44 10 55 11 65 39 46 62 61 63 48 17 75 9 64 6 67 45 3 36 69 8 54 23 38 77
    75 20 54 58 61 12 17 68 16 67 70 8 18 2 1 47 74 57 4 15 45 19 22 23 29 13 83 42 69 82 59 21 46 65 55 37 79 3 25 80 36 26 62 51 49 38 30 24 35 66 10 41 50 64 44 40 27 9 34 7 48 32 5 71 63 11 28 43 33 76 6 78 81 60 14 39 53 77 72 56 73 31 52
    24 52 74 13 78 29 19 38 63 9 23 54 81 1 56 83 58 49 60 77 59 79 12 26 2 31 65 41 70 4 5 62 6 71 50 32 76 55 14 64 28 43 10 8 80 39 17 3 37 46 44 7 73 20 72 61 51 48 40 18 66 33 36 25 30 27 16 53 35 34 69 68 47 57 15 82 42 75 21 11 45 22 67
    81 57 31 70 73 48 38 4 45 83 1 20 13 42 63 77 18 34 69 43 66 7 71 5 40 62 19 12 55 9 44 61 15 46 53 37 58 33 23 21 82 11 8 35 64 51 6 30 52 65 72 10 26 79 25 29 14 80 28 2 36 78 32 3 56 41 59 16 67 24 47 54 60 49 75 68 74 27 22 76 39 17 50
    45 68 65 9 10 71 23 33 66 32 42 43 13 4 26 18 53 54 62 83 55 76 6 48 44 14 79 50 31 72 5 29 35 56 63 3 80 19 77 17 40 70 41 21 24 61 78 51 58 82 67 69 7 34 60 73 15 52 47 37 39 36 8 74 2 30 81 20 12 59 22 49 27 38 75 16 57 28 11 46 64 1 25
    38 41 24 3 63 66 60 34 75 32 45 58 14 27 6 17 54 13 30 61 18 4 53 49 48 35 67 80 20 15 29 76 51 2 7 57 69 64 62 37 52 43 39 50 44 59 23 10 55 77 46 26 82 81 25 11 78 22 31 47 74 36 79 28 56 83 16 9 73 68 1 8 12 33 72 5 19 21 71 65 40 70 42
    74 78 8 10 80 50 35 67 22 53 46 1 6 73 58 21 72 11 42 68 13 71 34 61 39 38 59 3 43 31 17 60 65 24 55 9 36 44 30 5 4 23 27 70 37 2 75 7 41 52 76 12 29 77 26 49 32 19 15 81 45 63 47 57 20 64 83 69 56 25 54 18 40 33 66 16 48 62 79 82 51 28 14
    72 49 59 21 42 12 28 2 24 69 46 1 55 61 3 74 11 56 26 64 51 35 52 53 17 5 65 68 75 73 38 80 62 19 36 44 4 76 7 82 41 25 16 9 71 22 34 78 32 83 37 33 13 70 60 58 40 77 54 23 31 27 6 66 15 39 48 50 67 63 10 14 57 47 45 30 20 18 81 29 79 8 43
    18 73 1 28 51 69 39 17 52 70 14 40 63 50 35 16 58 19 11 42 6 27 43 55 5 56 81 37 26 21 31 15 24 7 65 38 61 76 33 41 53 77 78 13 80 48 54 32 49 44 29 64 83 23 4 22 57 60 25 3 66 82 2 72 36 34 46 30 59 9 8 75 67 74 45 10 47 68 79 71 62 12 20
    40 29 55 52 14 73 58 36 68 79 62 7 18 19 3 30 23 50 32 13 33 77 24 31 6 22 64 44 67 71 56 26 20 37 2 70 54 41 83 46 72 45 82 51 38 81 39 65 25 78 12 35 43 16 47 69 49 80 74 63 42 75 9 61 59 10 34 53 21 1 15 57 5 11 28 60 4 27 17 66 48 8 76
    58 73 59 49 17 35 41 81 60 40 12 5 63 50 15 22 27 11 64 75 14 28 67 72 37 61 55 30 23 1 4 16 54 6 46 74 68 70 83 78 82 19 34 3 65 31 13 42 53 76 32 56 51 39 62 57 69 47 44 38 77 48 24 36 7 8 80 2 26 71 20 25 29 33 43 18 21 9 79 10 52 45 66
    53 31 16 28 72 83 33 62 42 25 65 78 37 8 5 14 1 51 10 76 66 27 55 44 56 26 18 63 23 75 9 34 79 17 20 3 32 6 54 39 12 29 46 22 24 82 47 61 80 68 11 13 7 21 77 2 36 52 73 50 15 43 35 40 4 30 64 19 81 58 45 69 41 70 38 59 49 60 67 71 74 57 48
    4 10 16 55 34 56 2 33 23 44 62 24 9 76 1 49 60 35 52 14 82 36 12 46 80 17 29 69 42 53 64 15 20 26 57 50 58 67 30 38 74 25 75 8 70 48 18 41 63 59 51 54 77 39 5 28 65 3 71 72 6 79 83 43 11 27 68 32 22 45 47 78 31 13 81 19 37 73 40 7 61 21 66
    3 4 48 30 46 50 12 36 57 14 5 41 73 40 24 45 74 72 19 26 75 60 43 38 25 81 9 23 8 51 67 7 13 42 6 32 65 20 54 27 62 33 37 34 15 39 64 28 61 22 83 76 68 44 80 16 58 10 66 56 71 35 29 31 1 52 49 17 21 18 11 59 55 78 2 82 79 63 69 53 70 77 47
    47 33 13 75 64 57 82 34 44 58 65 41 3 51 73 52 12 50 63 78 77 15 11 56 42 17 30 21 10 37 71 26 43 62 5 29 80 20 28 19 40 54 61 39 81 25 48 32 22 68 4 60 83 9 23 24 67 55 53 1 45 74 2 18 36 14 16 66 8 69 27 59 76 72 49 70 35 38 46 79 7 31 6
    33 22 35 57 56 34 83 13 1 24 10 67 2 4 42 19 20 79 6 82 39 47 41 31 26 54 45 38 59 46 65 62 44 58 3 48 70 7 21 68 73 5 69 76 66 50 75 25 32 12 55 40 37 52 72 77 81 16 60 49 8 27 30 23 61 29 14 17 43 36 64 15 18 28 51 53 11 71 63 78 74 9 80
    9 66 16 6 29 65 46 62 47 39 71 4 22 10 78 59 7 14 32 54 61 73 44 3 30 81 74 52 42 20 18 48 35 64 24 58 23 69 2 21 41 15 38 76 60 51 53 34 26 31 72 33 12 79 40 70 56 19 77 83 8 36 13 45 67 75 5 27 49 25 1 11 43 57 28 82 37 80 63 55 17 50 68
    22 4 83 35 78 11 28 75 8 68 32 73 23 60 42 1 71 48 24 67 59 82 25 13 3 80 12 77 45 69 65 53 36 62 18 20 61 19 47 49 6 52 70 27 30 16 39 63 2 81 15 41 21 72 29 5 10 43 58 38 55 17 9 51 33 57 40 46 66 56 79 44 34 26 31 74 64 7 50 76 54 37 14
    42 57 52 39 18 28 73 80 78 17 5 63 70 74 29 82 24 11 44 61 50 6 53 58 31 43 10 33 38 54 8 36 16 75 26 2 49 77 83 81 41 35 45 64 79 21 19 25 56 32 66 12 40 76 72 1 7 48 13 67 47 59 46 23 15 60 62 71 37 4 68 30 51 14 55 9 65 27 34 69 20 22 3
    27 8 25 4 22 58 42 59 41 74 36 13 31 49 56 28 10 47 76 1 38 82 57 2 35 46 79 40 50 68 14 15 5 78 63 61 20 81 53 51 62 69 7 18 23 54 37 80 29 33 16 21 19 44 34 45 11 55 26 73 17 70 30 72 75 64 66 39 67 6 52 24 9 3 83 43 71 60 12 32 48 77 65
    79 39 15 80 78 1 32 53 26 62 69 24 54 56 11 27 67 29 35 28 55 14 30 73 74 19 34 59 68 83 65 7 77 22 4 70 5 81 50 13 44 58 12 9 43 42 57 36 20 21 45 37 23 72 60 76 63 2 75 52 25 17 8 6 18 64 47 71 66 46 41 16 49 48 33 31 3 51 40 82 61 38 10
    64 7 78 63 19 44 56 57 17 60 68 20 36 62 51 37 33 28 65 81 46 25 34 22 21 31 35 12 23 10 38 83 14 40 47 4 48 45 58 3 67 77 32 55 1 41 80 54 27 15 49 26 76 18 24 75 43 6 16 2 13 50 29 30 74 61 59 42 71 70 5 82 11 69 9 8 72 66 79 53 39 52 73
    64 7 4 9 31 19 2 24 42 27 70 18 65 77 81 79 21 16 14 63 5 45 52 11 43 75 66 48 53 29 69 13 51 50 6 17 32 54 76 30 74 72 36 58 78 59 41 1 33 49 44 34 38 56 22 35 12 20 23 55 82 10 47 46 25 61 68 80 26 15 62 8 37 60 28 3 57 73 67 39 83 40 71
    10 27 33 75 53 62 9 13 61 19 7 52 32 65 78 38 68 42 51 40 14 80 47 21 45 71 3 26 64 29 48 2 58 34 66 57 16 77 59 81 67 23 43 82 24 30 31 18 56 15 72 50 25 20 60 74 6 35 44 11 70 49 83 4 76 17 63 79 1 22 46 28 8 73 12 54 69 36 39 55 37 41 5
    31 57 14 66 68 36 67 17 24 29 70 78 63 23 34 4 73 82 50 27 6 44 22 15 3 54 32 42 53 58 47 80 33 12 60 56 20 49 38 28 77 19 37 30 59 48 39 7 83 55 71 65 79 18 21 81 62 64 13 75 69 26 43 51 72 52 16 10 25 35 1 40 76 61 41 2 11 74 45 8 9 5 46
    70 64 11 59 30 5 57 35 24 61 71 38 82 15 22 45 51 1 7 18 46 28 83 10 19 21 2 34 76 75 6 72 78 33 26 54 69 65 29 81 60 47 79 14 31 4 73 42 43 56 55 39 32 16 52 62 37 44 50 3 36 80 25 58 20 8 41 66 13 23 53 49 63 74 40 68 27 48 67 77 17 12 9
    75 41 38 78 54 55 76 73 7 19 59 12 20 6 51 21 33 65 39 69 35 66 25 4 81 17 63 37 16 48 10 22 1 34 23 29 64 57 83 56 72 14 53 15 30 3 68 62 67 79 5 28 82 58 50 71 43 42 70 27 13 24 46 60 2 32 36 44 47 18 8 74 9 31 80 11 40 45 52 49 77 26 61
    47 13 65 12 63 68 7 64 16 2 62 8 20 55 73 44 1 53 45 81 60 26 4 46 48 33 50 80 22 82 27 41 57 58 9 70 75 10 29 43 54 76 49 30 74 66 25 39 83 6 36 11 24 61 52 71 59 34 51 78 21 18 42 14 17 37 23 77 5 28 15 67 32 56 79 72 19 3 35 40 69 38 31
    21 53 76 12 10 75 1 11 66 7 14 43 18 8 3 28 52 49 77 60 24 29 61 2 34 51 9 45 42 81 41 63 39 69 30 82 47 20 70 35 16 23 58 59 19 31 17 44 55 40 4 74 27 26 15 57 36 6 32 54 48 65 80 78 79 62 13 25 50 37 83 73 68 33 22 56 5 67 71 38 46 64 72
    28 71 15 45 20 13 79 81 31 48 6 42 75 52 29 51 76 46 47 65 78 41 23 24 80 17 38 57 33 3 7 69 30 74 26 39 36 72 27 60 16 37 50 64 4 66 82 44 77 8 14 58 68 21 18 70 9 49 2 32 73 12 10 40 62 1 63 35 54 19 59 11 61 83 22 53 55 43 25 67 34 5 56
    73 5 3 83 34 79 25 23 66 26 7 74 43 62 45 47 17 60 72 41 65 82 40 24 12 52 59 39 8 50 55 15 14 11 44 56 1 18 28 67 64 30 6 46 77 42 13 2 75 49 37 19 10 53 69 76 81 27 54 16 31 9 63 36 48 68 38 58 61 4 78 51 35 20 71 32 57 80 22 70 33 21 29
    60 44 70 54 1 9 74 14 28 21 66 23 39 37 65 42 3 32 22 64 61 31 11 73 53 52 35 46 15 19 34 76 17 26 24 81 75 83 72 79 45 69 63 4 27 80 56 57 5 38 48 13 49 25 58 71 41 51 47 6 77 2 55 82 40 62 10 68 16 59 50 67 33 8 20 78 12 18 7 29 30 43 36
    37 44 30 49 43 72 71 47 42 80 32 70 36 21 10 61 20 12 46 83 38 8 77 51 64 65 81 14 27 13 11 34 59 56 82 76 7 29 50 67 41 62 63 17 24 1 22 73 6 48 45 35 75 18 31 60 2 15 78 3 25 28 9 16 54 69 52 4 19 26 53 33 55 23 66 5 58 57 68 39 79 40 74
    39 69 11 60 19 1 80 82 8 42 83 58 5 29 6 57 7 22 16 2 17 14 72 36 73 76 9 20 54 67 43 30 53 74 38 47 21 70 62 71 37 35 28 49 66 13 31 81 27 63 48 32 79 64 40 24 65 77 46 26 3 18 59 41 25 56 75 51 50 78 34 61 12 52 23 4 10 45 33 55 15 68 44
    58 72 75 8 44 28 19 38 6 43 78 65 15 26 55 62 24 52 29 56 37 61 23 31 4 54 18 45 5 46 13 83 51 22 3 73 82 41 40 25 10 11 17 27 21 80 32 79 33 39 69 12 71 81 30 47 76 53 74 48 9 36 57 7 42 77 67 68 14 2 35 64 70 20 63 49 16 1 66 60 59 50 34
    20 4 5 83 3 39 15 42 50 68 10 47 66 63 36 61 80 82 13 16 65 44 17 72 29 74 48 1 6 67 81 62 19 64 23 59 41 60 8 54 35 73 77 33 57 32 46 27 51 26 40 18 49 76 45 7 53 30 58 9 22 34 55 11 31 56 38 21 2 75 78 69 70 52 14 12 24 25 28 71 79 37 43
    57 31 55 63 6 80 7 67 62 59 13 34 61 36 14 49 4 52 27 8 68 41 47 73 42 33 39 30 9 16 28 11 66 10 78 22 72 77 23 79 1 12 65 25 83 3 53 70 45 69 20 74 58 75 32 15 54 76 60 19 38 64 37 81 56 26 43 44 35 50 24 21 5 17 18 48 71 51 29 2 40 82 46
    12 32 56 44 39 49 78 65 18 36 9 54 77 20 62 14 47 30 60 83 19 55 75 68 48 51 45 28 42 43 71 46 50 38 61 79 70 35 63 69 67 34 33 64 21 66 59 10 80 1 29 24 25 74 23 72 15 82 76 57 53 7 13 41 37 26 5 31 73 52 2 81 6 27 4 17 3 8 11 16 58 22 40
    8 39 81 48 80 19 31 3 35 74 25 66 57 32 6 41 50 52 76 68 46 27 78 17 53 42 28 75 70 36 12 22 59 79 38 20 51 23 7 5 18 72 1 54 34 14 64 37 43 61 29 16 2 69 47 21 62 55 44 40 11 71 77 33 45 73 56 15 4 30 26 13 49 9 60 82 67 65 63 58 10 83 24
    65 3 14 44 53 21 13 77 68 48 34 67 81 19 40 17 64 26 33 41 43 49 38 7 36 80 42 12 45 23 55 47 2 11 8 24 1 28 59 56 18 71 79 58 29 72 20 10 60 66 73 57 76 39 61 70 37 30 35 82 69 5 74 15 25 78 4 16 52 22 63 27 6 75 9 31 46 83 54 62 32 50 51
    21 43 69 70 17 22 10 11 56 59 81 54 73 49 32 76 25 64 60 75 58 38 74 78 33 19 46 20 53 72 9 14 31 28 24 27 30 1 52 8 51 44 45 18 61 39 66 40 35 63 36 13 16 71 34 47 37 23 83 82 77 67 29 3 79 41 62 7 55 48 57 42 4 12 68 26 5 15 50 80 65 6 2
    71 56 57 36 4 2 70 5 48 51 16 54 73 72 30 55 59 53 64 40 74 22 43 17 82 34 62 28 24 79 37 75 12 32 60 39 23 52 14 25 19 65 46 76 69 3 45 38 50 68 33 9 80 1 6 20 49 8 18 67 11 10 35 31 83 61 77 66 21 41 78 44 81 42 15 47 7 63 58 29 27 13 26
    19 57 28 67 3 71 36 70 81 14 22 75 82 48 58 8 26 13 21 5 45 40 6 43 44 16 61 38 24 80 54 15 33 69 12 60 56 83 11 63 27 76 55 47 68 72 17 62 50 52 66 1 23 31 73 34 2 29 18 77 37 53 9 39 74 20 32 41 10 64 25 30 42 35 7 49 59 4 78 51 79 65 46
    75 76 58 29 42 11 49 28 60 32 78 30 39 83 62 55 27 17 81 37 13 71 36 3 45 80 7 26 52 59 72 12 43 22 65 38 66 67 21 10 1 53 50 44 57 74 9 48 23 5 35 77 73 82 40 61 4 2 31 54 56 79 16 34 14 15 41 33 47 24 20 18 63 64 46 68 70 69 19 51 6 25 8
    81 27 62 41 36 24 8 4 79 53 44 34 74 10 58 51 42 48 20 64 38 69 33 54 63 50 70 60 59 75 65 80 16 9 23 83 67 31 7 22 35 73 25 11 6 68 21 26 37 5 3 46 52 28 32 43 30 19 12 71 82 72 13 61 56 49 47 78 55 29 77 45 76 57 14 2 1 18 39 66 40 15 17
    45 19 62 39 28 11 23 12 77 15 65 67 6 50 49 68 69 47 8 2 37 9 7 48 53 51 46 36 56 82 35 5 76 71 54 33 31 63 43 72 26 1 44 81 41 20 61 13 57 64 25 30 18 70 59 21 14 60 29 74 27 17 83 78 73 79 55 10 4 38 32 3 66 40 58 80 52 24 34 16 75 22 42
    75 3 26 22 2 74 53 46 44 63 39 51 67 38 45 48 30 24 80 70 10 25 71 66 83 37 28 36 73 82 57 69 68 19 81 12 33 56 61 14 13 50 42 1 77 21 78 55 58 17 32 15 7 16 20 64 18 35 34 47 41 52 27 54 43 59 79 31 9 11 6 29 8 5 62 49 72 65 76 23 60 40 4
    27 79 5 38 68 65 33 58 36 47 77 54 66 46 2 35 69 13 67 74 22 3 16 49 41 71 45 9 83 21 53 12 7 29 63 70 37 72 64 80 75 8 40 61 44 20 76 55 59 17 23 14 62 24 56 19 11 32 48 57 82 30 6 26 60 52 39 1 25 28 42 78 31 43 15 73 4 81 10 51 34 18 50
    41 12 13 14 43 5 62 64 26 77 24 68 10 66 39 35 53 15 67 28 48 3 82 79 21 2 11 51 1 20 47 4 52 56 7 50 76 32 60 65 46 75 69 83 40 81 61 49 80 63 42 37 57 18 55 29 25 27 44 36 38 74 9 72 34 45 31 22 23 19 17 71 30 6 16 33 59 54 8 58 70 73 78
    71 27 59 45 34 44 64 53 39 61 80 74 33 21 28 72 49 22 16 60 46 58 79 2 66 12 25 55 81 13 43 7 11 42 56 41 15 1 57 6 23 75 83 24 70 17 52 36 78 48 47 65 54 9 3 29 37 31 18 8 19 76 68 40 26 10 62 51 38 14 50 20 69 82 5 77 32 67 73 63 35 30 4
    79 53 7 73 49 80 57 71 37 46 8 33 60 83 62 4 18 56 48 59 61 47 29 63 31 10 69 58 17 74 19 27 75 65 45 76 40 24 72 28 5 38 30 64 68 16 51 77 1 52 36 55 82 70 22 3 54 39 35 41 50 32 25 66 34 2 9 67 13 20 11 26 23 12 81 42 15 43 14 44 6 21 78
    53 40 73 22 49 2 4 67 41 38 17 11 62 45 7 71 81 18 46 23 43 31 14 27 82 56 76 37 1 10 20 8 16 33 13 66 15 77 55 21 80 6 29 54 52 44 60 68 70 28 9 35 39 32 75 48 12 5 25 57 26 47 83 72 58 78 34 36 51 24 64 79 30 19 74 59 3 61 42 69 63 65 50
    4 81 57 2 26 64 12 43 51 72 5 28 67 50 66 45 44 19 55 37 78 49 27 69 29 71 18 21 48 23 20 15 75 79 54 83 63 16 70 32 10 59 1 9 76 34 80 58 61 11 8 47 42 24 17 46 53 74 65 77 13 73 30 60 35 39 41 62 31 36 68 38 25 14 52 6 40 22 7 33 82 56 3
    66 67 16 49 65 6 8 21 45 73 71 40 35 75 56 4 50 25 47 22 76 7 70 15 41 42 10 83 24 51 38 39 43 9 78 64 2 77 82 1 61 11 48 31 72 81 28 36 59 20 30 80 60 55 12 14 32 54 79 3 52 68 26 37 27 17 74 29 18 46 34 62 58 53 69 33 63 23 13 19 44 5 57
    78 76 20 52 77 62 18 70 56 60 29 14 79 19 26 2 72 24 31 7 51 46 54 39 74 35 30 23 9 68 81 34 15 45 6 55 48 10 41 67 4 80 69 8 71 47 17 11 37 64 63 43 53 58 82 40 73 36 59 33 49 21 66 5 42 65 44 27 28 38 75 13 3 22 57 32 1 16 25 83 12 61 50
    72 31 21 51 1 17 69 54 38 18 34 29 66 35 43 23 2 19 6 7 65 5 67 9 62 33 45 49 8 63 10 28 80 44 52 71 48 47 41 26 74 61 13 83 24 25 76 42 81 78 70 82 60 57 27 15 12 53 75 3 50 58 22 46 37 20 40 39 4 14 64 77 11 68 56 32 36 16 73 30 55 79 59
    81 32 14 4 29 21 74 58 5 13 24 30 10 79 36 66 31 57 8 50 25 45 15 34 78 55 59 56 7 19 35 62 49 28 64 83 38 72 53 82 44 54 47 69 6 76 75 42 11 77 27 52 63 16 71 17 2 67 68 46 48 18 12 65 37 60 9 23 20 80 1 26 40 33 70 51 39 22 3 73 61 41 43
    58 18 12 19 69 10 36 66 27 76 68 15 46 21 13 49 41 67 39 22 70 47 29 54 51 14 64 11 59 5 79 7 31 40 82 32 26 6 45 77 37 61 30 34 43 50 9 80 48 17 55 60 62 25 28 71 8 38 2 16 53 23 65 75 1 44 72 42 3 83 78 35 4 52 56 24 57 63 73 20 81 33 74
    73 42 31 1 26 41 32 8 34 15 78 70 27 17 7 79 81 66 55 38 48 82 52 59 28 71 24 30 6 10 46 25 56 43 60 51 50 65 23 22 13 64 61 37 57 2 63 39 72 67 11 80 33 35 62 75 21 12 54 69 36 49 4 47 58 74 76 19 16 83 9 14 40 29 68 5 45 20 18 77 44 3 53
    73 72 33 50 64 29 81 8 78 17 24 60 5 45 43 22 6 58 26 9 48 63 36 3 77 7 35 14 74 11 39 83 62 40 2 51 57 18 66 4 71 76 79 15 25 61 10 12 52 42 1 59 21 56 41 31 44 13 34 55 30 49 82 65 53 19 32 28 16 70 20 80 23 37 68 75 27 47 46 69 54 38 67
    28 11 50 65 54 45 42 6 4 15 27 29 19 78 3 39 47 58 22 32 69 35 1 23 62 67 31 73 13 66 41 43 49 12 25 63 59 2 53 83 20 17 7 40 34 16 74 5 21 61 46 71 80 68 82 18 52 24 72 60 33 48 55 44 8 9 57 37 79 30 36 10 14 51 76 64 75 81 38 70 77 56 26
    29 39 51 61 15 13 69 82 16 67 9 62 2 37 1 52 7 53 49 21 36 3 4 40 54 47 8 34 45 70 12 65 73 35 50 42 71 27 26 63 6 30 32 80 11 43 10 46 48 81 44 56 14 33 57 64 31 28 78 25 24 68 55 5 18 20 23 17 59 72 83 58 74 76 77 60 38 79 66 19 75 22 41
    52 15 65 58 69 80 56 74 39 66 47 35 17 54 36 57 5 76 82 83 22 72 37 53 43 46 51 63 34 73 32 33 68 81 19 78 60 21 6 9 11 18 12 8 77 24 38 79 10 50 62 31 42 25 3 29 4 70 7 75 71 1 27 2 44 67 45 23 14 28 20 61 64 13 30 55 40 41 16 49 48 59 26
    83 51 70 72 75 39 15 13 9 80 25 2 76 6 74 14 62 54 41 61 12 71 77 27 28 64 43 11 17 44 26 68 45 10 29 79 30 63 8 18 65 36 32 58 31 42 3 38 33 57 66 56 37 4 49 73 50 22 81 67 55 1 47 19 24 46 78 16 59 48 69 23 20 52 82 60 53 7 5 40 34 35 21
    4 11 32 69 31 29 24 49 68 1 7 56 70 63 77 35 13 62 26 34 5 12 2 41 72 67 75 45 40 57 47 23 6 74 3 64 25 42 80 52 83 27 33 9 21 38 19 79 37 55 48 78 10 76 46 73 60 15 59 28 50 8 44 71 58 82 51 36 22 81 53 16 30 18 66 43 61 54 65 14 39 17 20
    45 12 32 30 71 58 60 17 79 81 16 80 5 26 74 50 57 77 52 55 38 33 21 42 36 75 65 73 47 62 14 49 78 35 24 25 20 7 54 37 29 2 8 43 23 9 68 19 11 61 56 15 40 64 34 27 41 13 28 46 10 6 70 53 83 48 1 59 18 22 44 4 63 67 76 72 82 69 51 66 3 31 39
    56 74 35 19 16 60 49 66 12 10 45 47 40 18 20 31 39 24 63 51 30 48 54 28 37 80 15 57 75 62 64 42 34 41 73 71 76 79 8 9 7 11 59 26 55 2 27 50 78 53 4 69 43 52 81 33 46 77 72 36 3 5 1 17 61 21 13 25 44 67 6 32 65 82 22 68 14 23 70 38 83 29 58
    3 49 52 6 42 14 24 53 30 36 16 34 43 31 64 38 68 25 77 33 75 59 15 60 48 45 27 76 32 46 78 5 55 13 37 56 80 47 71 70 51 4 23 67 1 82 21 26 83 61 74 81 44 57 40 41 73 69 10 20 28 11 19 22 35 17 8 7 65 66 29 79 12 62 63 58 72 18 39 54 50 2 9
    82 69 78 49 58 8 61 73 57 62 81 16 39 72 34 22 77 48 79 63 35 14 1 17 19 25 54 43 64 23 53 47 70 18 83 46 12 15 44 32 66 45 71 59 60 9 42 5 56 30 31 37 27 80 33 26 68 52 4 2 36 75 41 29 50 13 10 21 28 20 11 3 65 51 24 76 55 6 67 38 74 40 7
    64 22 30 68 57 26 46 39 19 79 44 10 8 58 70 18 29 72 75 69 76 12 83 25 48 43 65 49 4 60 1 77 74 40 42 31 35 9 59 34 28 33 3 37 51 55 71 20 80 41 62 63 73 32 54 5 15 6 78 66 61 14 67 38 11 27 52 23 81 47 7 2 50 17 56 45 21 53 82 24 36 16 13
    17 30 19 55 4 69 34 31 72 75 23 67 10 13 24 81 20 63 65 79 83 39 49 7 8 48 11 57 29 32 64 68 16 61 52 33 80 62 27 15 1 51 53 59 25 50 45 18 5 56 41 26 21 43 47 9 70 46 71 35 14 73 42 66 74 77 38 60 2 82 54 22 36 28 78 6 76 12 58 37 40 44 3
    39 32 27 53 79 30 35 58 41 9 31 48 22 21 72 14 40 12 24 81 47 19 74 70 63 66 50 60 77 11 46 75 33 44 29 17 10 62 25 3 56 57 69 59 28 18 37 8 38 5 83 73 13 49 55 67 2 43 51 16 76 6 42 61 20 52 26 71 36 68 54 4 64 1 15 7 78 82 65 80 45 34 23
    47 55 2 37 58 24 18 26 68 66 43 5 62 71 11 73 77 31 22 29 52 28 56 74 12 6 69 65 83 4 42 57 70 1 54 3 51 10 39 14 34 64 49 45 25 59 79 15 36 9 41 63 30 76 19 75 8 38 78 33 17 53 35 21 72 61 50 16 40 82 80 7 13 60 20 32 48 46 23 27 67 81 44

