84

    33 66 77 71 3 51 38 39 68 82 54 4 19 26 50 24 49 13 60 9 34 59 48 41 16 44 78 17 23 40 27 46 29 43 45 63 15 56 11 81 32 57 7 67 28 55 37 74 83 61 69 30 8 21 58 20 12 84 65 75 52 64 25 76 70 79 5 80 1 47 18 2 22 72 62 42 10 53 6 73 36 31 35 14
    35 80 24 15 84 27 37 65 23 32 64 73 68 72 55 75 63 33 16 5 44 4 10 46 62 36 7 56 79 45 18 38 14 52 77 54 69 50 67 39 40 21 53 71 51 47 19 81 78 22 25 2 83 57 3 1 49 8 6 74 48 41 42 43 11 70 61 82 29 66 20 58 28 60 17 34 13 31 26 59 30 76 12 9
    77 23 72 41 45 31 33 52 6 81 2 32 34 4 37 50 21 25 78 5 39 3 43 75 61 13 71 54 58 82 80 20 62 8 53 27 46 76 84 63 36 68 65 44 48 67 83 49 35 30 24 19 51 64 55 10 69 1 59 28 70 38 11 9 14 17 47 73 7 15 40 66 22 79 16 42 29 26 56 74 60 12 18 57
    78 52 69 31 12 36 28 5 25 81 19 45 56 3 21 82 50 39 11 22 79 61 47 71 34 62 1 6 54 55 46 7 18 67 60 66 43 63 41 75 16 27 13 53 26 35 59 20 42 76 65 4 32 58 24 84 29 14 77 10 83 33 9 38 48 23 70 72 68 2 40 49 80 74 17 57 8 15 73 44 37 64 51 30
    77 72 26 67 29 19 41 55 49 65 80 73 78 70 53 60 18 28 7 34 68 64 43 50 62 10 1 9 11 59 75 27 48 23 45 4 71 5 21 8 40 83 63 54 42 14 12 37 38 52 47 84 44 17 74 39 79 20 24 57 69 56 61 82 16 32 35 58 2 13 31 46 6 66 25 81 3 22 30 33 36 15 51 76
    72 31 52 80 68 15 58 69 41 9 70 28 74 40 76 65 23 4 83 29 27 51 11 1 46 17 60 16 81 45 26 71 6 61 20 56 78 21 54 39 3 43 49 44 22 53 63 2 38 7 5 14 57 82 32 75 47 62 19 55 79 24 64 73 30 77 33 50 66 18 42 10 8 34 12 48 67 36 13 84 25 37 35 59
    72 41 67 74 55 18 81 69 56 6 38 82 78 58 75 61 51 10 11 70 59 57 20 7 29 40 19 80 30 31 37 49 28 79 62 66 32 73 63 24 60 36 12 42 21 33 43 3 22 39 65 9 25 26 13 16 47 14 4 77 64 44 8 27 1 48 15 68 71 54 53 76 35 17 52 23 84 83 34 50 45 2 5 46
    50 53 61 43 84 31 56 7 73 9 1 39 33 59 27 60 72 12 77 51 32 44 3 76 21 47 83 38 17 57 6 52 54 35 18 45 19 22 49 67 20 13 58 16 55 29 14 63 23 82 71 68 34 8 69 46 78 5 4 28 11 25 40 79 70 41 74 24 75 64 42 30 80 62 37 48 15 36 81 65 66 10 2 26
    17 9 32 46 74 59 65 30 50 44 13 5 57 1 61 45 56 33 41 43 75 24 66 68 11 40 79 47 18 70 14 2 34 7 76 67 15 6 16 42 3 25 31 72 60 38 20 35 27 51 82 71 12 8 29 4 49 78 69 73 53 52 37 63 55 77 28 26 23 19 10 54 80 64 22 84 62 48 81 39 36 58 83 21
    46 3 40 57 33 77 80 43 73 36 26 63 5 21 32 28 22 2 12 69 20 52 72 7 44 11 4 66 74 8 62 71 6 14 35 34 68 51 15 64 76 83 38 25 41 10 65 16 67 50 55 49 47 37 13 58 24 79 31 48 42 29 78 53 70 9 30 54 56 60 18 19 81 61 27 39 82 17 84 23 75 1 45 59
    3 79 16 36 54 42 19 2 65 25 12 28 5 39 63 23 67 40 55 64 58 38 30 17 43 75 69 45 57 41 21 83 32 68 6 34 59 74 9 52 78 14 77 70 48 71 7 10 62 29 35 84 20 4 15 76 53 56 46 72 44 49 51 80 81 13 27 18 73 26 61 50 11 82 22 8 47 60 31 37 66 33 1 24
    50 8 68 32 23 53 18 35 47 63 71 29 72 43 38 83 59 66 69 26 52 15 62 77 41 54 57 44 22 14 36 58 2 1 12 21 70 46 20 31 67 5 64 61 33 79 13 37 6 27 24 28 25 11 82 74 49 39 75 78 34 56 10 73 55 3 65 42 4 81 30 60 76 7 16 48 45 84 17 51 80 19 40 9
    41 50 30 25 77 82 3 67 10 8 65 57 32 40 68 19 5 24 60 37 56 58 17 45 12 62 51 78 18 47 2 38 36 73 7 1 81 20 11 83 49 28 15 63 72 13 35 48 53 14 23 42 80 55 52 69 27 43 9 34 74 33 29 54 44 59 76 31 6 84 21 61 75 16 66 22 4 71 64 79 46 70 26 39
    47 12 15 58 69 7 54 49 80 55 73 57 4 32 74 30 67 72 33 71 61 38 6 70 2 39 52 28 8 75 78 29 10 77 20 27 60 22 44 83 43 13 25 36 14 82 50 24 59 68 62 17 16 35 3 63 18 19 64 9 81 37 41 53 1 26 76 42 51 46 66 84 23 56 11 40 21 5 34 31 65 45 79 48
    59 5 36 11 8 34 10 24 58 64 51 84 12 18 70 17 20 80 4 69 37 76 38 40 19 49 57 53 60 50 21 6 31 7 67 73 63 23 22 29 55 30 42 35 43 33 65 68 66 25 46 28 13 71 44 32 72 26 77 79 74 9 54 52 3 56 15 48 2 41 14 1 45 39 61 27 47 75 16 82 78 81 83 62
    49 54 48 74 26 67 12 62 44 68 15 42 30 70 8 64 41 21 1 73 22 31 24 65 6 77 2 17 76 66 20 84 9 19 33 69 40 71 83 25 35 51 32 43 78 34 60 38 18 28 59 13 36 7 50 37 80 45 3 57 75 53 10 61 63 14 23 72 79 52 29 46 5 4 56 27 47 39 58 82 16 81 11 55
    41 56 34 23 48 30 55 60 37 20 75 29 16 83 5 65 53 39 21 57 54 68 2 33 31 42 3 43 59 62 71 11 13 15 32 46 6 12 78 84 49 76 7 9 72 44 73 35 17 63 51 8 52 67 19 38 14 25 18 27 26 82 81 50 28 36 47 1 24 69 64 61 45 74 10 4 79 40 80 66 77 58 22 70
    64 52 51 71 48 11 45 37 25 24 53 83 22 34 67 79 62 74 16 30 17 84 39 43 73 36 80 78 59 1 18 35 26 13 49 82 47 58 42 27 32 66 60 20 69 10 28 63 31 9 61 56 23 6 7 15 72 8 41 3 21 29 76 33 2 77 68 5 55 19 57 14 40 50 46 54 44 4 81 75 38 70 65 12
    43 69 73 9 34 14 64 61 56 13 78 32 81 40 3 62 72 80 6 82 35 15 44 66 71 57 31 65 27 25 2 39 75 11 5 24 12 48 84 29 37 53 36 4 26 23 74 47 38 19 49 7 59 30 42 41 68 77 8 46 18 55 21 79 83 10 20 17 51 54 60 58 22 52 63 45 67 16 50 28 76 33 70 1
    1 73 64 37 21 62 60 8 45 27 49 74 29 41 22 12 82 26 58 61 54 71 67 70 66 11 79 65 81 13 46 10 43 31 2 15 9 3 32 18 25 52 84 40 28 68 80 19 48 69 30 44 78 83 63 76 14 4 6 33 7 75 77 57 35 17 51 24 39 55 34 5 72 20 42 56 53 23 38 36 50 16 47 59
    2 46 30 61 80 52 78 7 74 31 59 64 40 48 54 3 4 9 28 69 32 67 39 25 34 50 19 10 24 43 16 21 51 60 72 14 17 6 47 8 36 82 38 63 5 20 75 84 62 33 76 66 27 45 77 49 44 41 29 42 56 12 1 35 37 83 68 70 22 71 57 15 58 11 79 13 18 53 23 55 65 81 73 26
    33 43 36 60 83 44 65 52 27 17 3 49 64 40 31 4 41 28 9 75 74 78 26 46 5 24 21 11 29 1 51 77 79 12 82 71 48 55 73 84 38 80 59 2 10 58 42 13 72 22 50 20 34 57 14 69 47 30 70 39 37 32 62 76 54 61 19 25 23 8 63 16 67 18 66 45 56 35 6 81 7 68 53 15
    7 50 2 51 59 9 53 1 29 11 52 32 5 30 38 20 21 75 41 25 68 55 43 64 12 61 49 71 69 8 77 72 76 78 67 16 13 80 60 73 42 83 40 57 6 10 22 81 70 18 33 45 47 58 54 39 19 24 66 31 36 4 23 65 37 74 82 46 26 48 14 79 84 3 17 56 34 44 63 62 27 15 35 28
    49 81 22 56 25 11 70 57 58 61 68 3 9 79 42 20 64 10 40 21 6 63 41 54 15 4 78 75 66 83 60 84 53 65 28 32 23 7 26 50 1 12 19 33 82 43 38 24 31 5 36 34 52 8 30 59 51 73 14 13 48 74 69 55 16 45 80 37 76 47 29 2 72 67 39 46 71 27 35 44 62 17 77 18
    28 82 57 72 41 32 70 8 23 12 15 14 58 34 76 71 78 44 24 59 64 79 42 17 69 53 80 61 30 50 9 13 18 27 73 38 83 45 22 65 75 11 49 62 5 36 47 52 48 66 33 67 37 21 56 46 26 39 6 81 74 77 31 43 84 2 19 60 35 54 4 16 29 7 3 1 68 25 40 10 55 63 51 20
    13 6 58 77 69 26 48 30 49 18 39 84 50 21 17 53 2 55 81 36 15 33 20 19 16 1 37 82 75 68 14 22 57 41 8 46 56 43 11 35 54 45 72 60 42 47 24 5 52 64 61 10 51 78 38 4 83 70 65 31 66 79 34 23 32 74 29 59 67 62 63 27 7 3 12 73 71 40 9 44 76 80 25 28
    44 80 43 5 76 23 49 25 56 18 24 42 8 47 41 27 34 61 63 38 75 29 55 40 50 19 15 7 67 30 35 57 52 1 46 48 60 13 17 54 66 10 74 26 11 62 58 21 36 77 4 73 78 9 3 84 69 82 64 72 53 79 83 68 12 51 22 16 2 32 70 59 31 37 71 65 20 14 6 39 45 81 33 28
    78 38 77 14 64 39 76 74 33 67 83 16 8 13 71 27 3 5 49 68 32 70 48 79 62 66 25 41 52 30 51 42 72 54 69 60 2 40 19 55 28 57 10 56 20 84 18 36 17 45 9 46 35 4 73 11 63 80 50 22 53 58 1 81 75 65 34 44 15 59 82 31 37 26 21 6 29 23 43 7 61 47 12 24
    71 3 60 4 1 62 34 8 16 50 9 79 65 25 45 44 21 77 69 31 14 36 20 51 18 6 63 74 81 70 75 35 11 59 61 47 10 56 26 19 12 43 33 32 28 41 55 17 5 30 39 68 27 84 83 15 24 67 53 40 2 46 54 64 72 22 48 23 82 80 73 29 49 52 57 78 13 66 7 76 42 58 37 38
    46 75 68 59 49 67 39 26 72 6 27 77 16 73 81 40 13 62 79 34 51 45 78 38 33 19 10 52 54 30 74 17 8 4 84 32 64 66 36 55 47 35 48 37 7 18 57 76 3 21 53 1 56 24 11 2 25 9 69 82 20 44 42 80 41 14 60 15 22 12 5 83 70 29 63 58 61 23 43 31 71 65 28 50
    18 24 28 79 72 68 47 35 39 7 74 44 9 38 64 49 5 67 66 69 53 23 73 80 82 60 57 25 84 81 8 78 33 41 19 30 6 17 22 11 77 3 40 65 54 16 29 32 13 26 37 20 50 4 52 61 31 45 75 56 59 2 62 1 51 15 70 63 14 76 83 55 36 21 43 27 34 48 58 12 10 71 42 46
    60 25 6 77 80 28 11 48 83 41 14 62 5 20 9 18 39 19 51 15 22 49 30 35 17 66 53 65 57 76 63 10 74 13 33 81 43 26 59 2 21 54 1 82 4 69 34 32 3 75 23 42 46 8 58 24 61 27 64 84 47 45 68 37 7 50 72 55 36 71 52 29 44 67 56 38 12 16 78 73 31 70 79 40
    66 44 29 23 62 45 77 56 79 25 37 10 41 82 84 3 26 20 68 67 38 33 65 71 42 30 60 70 16 59 69 36 8 12 32 31 47 58 2 4 63 61 72 15 75 27 57 52 53 17 5 34 54 74 48 76 18 83 80 51 24 6 1 9 46 81 55 13 14 11 28 19 43 64 35 40 22 39 7 21 49 78 50 73
    43 31 81 39 1 3 84 23 80 50 22 5 11 71 77 9 7 52 51 78 54 29 46 12 28 33 59 32 40 70 36 67 2 83 27 8 24 61 6 66 64 10 37 57 38 74 56 63 17 69 30 58 15 44 41 21 13 73 75 25 68 48 42 49 20 79 26 65 62 55 35 47 16 34 18 60 76 14 4 19 45 82 72 53
    68 19 18 74 39 10 78 44 52 47 45 82 21 80 63 57 58 38 20 12 17 50 71 32 73 66 70 72 54 36 55 51 77 5 53 62 1 75 69 33 49 11 28 22 27 31 60 2 84 24 42 59 43 9 65 13 7 16 6 25 56 76 29 64 79 81 3 30 15 35 26 40 67 48 14 8 4 37 46 61 34 83 23 41
    23 28 2 11 46 83 12 58 66 6 24 38 65 44 7 51 9 5 81 43 25 4 29 13 55 32 67 62 15 63 80 74 1 61 79 75 72 71 76 42 41 60 35 77 37 10 31 47 26 70 14 8 30 64 3 56 40 59 27 39 54 52 78 82 20 68 49 17 21 33 18 84 34 22 53 50 36 69 45 73 48 16 19 57
    71 41 18 65 25 32 81 1 15 4 33 23 51 39 67 45 82 11 50 43 7 30 54 8 77 29 68 36 19 83 78 60 26 57 5 53 74 13 3 21 34 52 62 70 55 84 46 79 6 66 14 28 22 44 20 80 17 69 59 63 2 9 56 75 38 10 61 27 40 42 76 35 37 12 64 58 48 47 24 49 73 72 16 31
    12 19 29 22 25 52 31 60 26 49 75 11 10 84 39 3 14 76 83 32 20 73 27 21 16 47 38 7 15 37 50 57 43 66 54 68 4 71 23 82 28 74 36 58 69 6 17 24 44 80 67 45 18 79 33 41 62 53 64 63 2 78 77 46 40 72 61 59 8 42 35 9 34 81 30 1 13 55 5 51 56 65 70 48
    5 33 62 29 8 81 26 68 38 64 13 57 17 82 77 83 32 14 48 59 19 58 22 71 70 16 80 74 72 84 79 65 9 6 63 37 45 46 20 36 69 42 25 73 55 60 15 53 1 10 61 75 11 41 47 40 78 76 39 23 56 12 4 24 35 54 21 52 3 66 28 67 50 31 43 2 7 18 44 30 27 51 49 34
    57 80 36 54 55 73 8 84 77 14 83 74 79 60 39 63 64 24 58 53 22 44 1 49 19 38 78 62 16 52 10 2 18 75 32 26 31 17 48 81 47 46 56 35 21 76 45 40 69 33 20 4 71 61 51 67 6 66 28 23 42 34 9 72 37 41 3 13 11 59 27 70 82 50 12 7 68 43 65 29 5 25 30 15
    37 3 79 78 83 84 24 18 66 48 25 62 70 82 9 34 69 76 57 44 39 5 22 80 7 71 58 14 28 55 56 53 49 67 10 38 50 11 73 17 43 36 33 52 19 77 68 54 26 72 51 41 47 1 21 27 6 40 16 81 8 4 12 35 32 15 61 2 65 42 74 63 60 23 75 45 30 59 64 29 13 20 31 46
    7 53 18 72 62 63 56 2 32 16 61 22 68 30 38 25 73 78 12 37 64 1 54 23 8 45 33 6 81 3 80 34 41 57 13 50 67 49 59 79 48 58 40 4 74 31 29 17 27 83 84 44 28 43 14 47 5 24 26 11 70 69 39 20 46 51 66 77 9 42 10 76 36 55 52 60 35 82 21 65 19 15 75 71
    26 1 62 60 72 33 29 69 43 24 58 39 34 19 41 70 75 65 15 76 61 9 30 74 23 5 63 20 80 50 57 11 27 42 32 55 16 28 73 45 54 6 79 81 25 36 59 12 3 21 78 35 56 49 68 47 31 40 48 53 37 18 71 2 14 52 84 82 10 8 17 13 83 4 67 51 66 7 22 64 77 44 46 38
    23 66 18 69 84 21 9 32 15 78 29 7 11 2 39 19 35 37 82 46 6 41 70 62 36 68 56 44 81 54 30 50 25 34 24 12 28 45 61 4 17 13 27 42 16 75 14 10 77 5 3 63 60 52 8 26 73 38 80 33 79 71 76 43 59 67 74 51 40 53 31 49 48 58 1 22 55 20 64 57 47 65 72 83
    58 55 77 37 43 27 8 1 6 53 60 68 22 76 25 52 2 62 30 46 59 75 71 51 31 38 65 69 80 72 5 47 34 36 84 7 23 74 29 11 14 54 49 16 24 70 12 18 26 79 33 44 48 3 81 21 66 40 15 63 42 17 82 4 13 78 56 57 19 28 41 50 83 32 61 67 9 35 20 64 39 73 10 45
    76 69 24 1 34 46 35 54 21 45 19 26 67 57 23 28 29 38 31 2 55 16 14 47 33 18 63 43 30 59 37 77 72 41 75 68 62 51 44 83 64 3 39 42 25 56 4 13 7 70 53 11 8 49 27 80 50 12 36 40 15 79 9 17 58 48 65 60 32 20 6 81 78 73 22 82 52 74 71 66 10 5 61 84
    30 84 36 49 44 68 70 65 8 62 7 4 33 57 16 81 50 1 74 59 32 17 21 78 20 10 55 37 60 29 38 67 13 26 12 22 48 58 51 34 47 41 23 40 75 11 56 39 24 25 61 83 28 43 66 2 14 77 71 45 6 79 52 18 54 31 42 19 63 27 35 9 76 80 53 82 69 72 73 46 3 15 64 5
    32 70 23 42 41 16 79 3 52 53 33 25 44 17 35 64 1 59 48 5 22 12 80 77 58 49 30 13 46 20 10 63 84 11 69 9 47 62 19 4 39 71 2 36 37 73 24 57 29 51 15 34 26 76 14 72 38 18 31 75 8 28 45 74 83 81 65 67 56 68 66 54 82 21 7 60 50 27 61 78 55 40 43 6
    54 32 81 66 25 12 78 51 30 71 4 68 70 5 22 8 48 64 26 21 74 63 75 33 23 17 45 55 15 62 46 67 31 59 34 56 52 36 61 3 27 80 58 57 20 44 7 72 18 37 28 41 35 53 39 19 6 24 13 50 84 79 38 83 73 60 2 40 82 43 42 76 9 65 1 16 10 77 14 47 69 49 11 29
    53 54 25 57 62 23 49 46 65 12 76 40 22 32 24 43 61 31 84 72 30 77 11 8 70 19 67 78 47 26 74 38 63 1 21 18 36 14 2 73 80 35 83 29 42 39 5 69 82 75 10 66 20 4 7 81 68 44 58 71 37 51 48 64 34 15 3 16 6 33 55 45 60 17 9 56 50 27 59 28 41 13 79 52
    55 28 23 54 77 51 40 67 38 10 53 2 46 12 72 43 57 65 56 41 27 25 82 79 24 35 44 34 45 60 11 70 20 81 30 68 47 50 75 16 83 48 71 42 8 21 49 13 1 9 66 36 14 69 3 22 52 63 76 80 61 18 59 78 4 64 39 84 33 19 6 7 74 32 62 58 73 26 5 29 31 15 17 37
    5 57 13 36 42 6 14 67 32 60 73 29 69 70 23 35 65 79 84 21 58 39 50 55 9 15 8 24 51 4 80 33 76 34 83 52 2 82 37 81 3 30 10 1 43 19 66 31 48 16 47 68 12 61 44 64 46 11 74 63 78 45 75 54 28 49 56 17 71 41 27 20 40 77 62 53 25 26 72 18 7 59 22 38
    72 78 15 75 22 9 27 36 17 50 56 7 30 57 52 35 33 71 2 73 63 65 10 16 19 81 34 54 47 1 48 61 69 24 6 29 11 25 76 23 49 80 60 64 79 37 67 20 40 77 12 68 66 83 21 74 39 55 70 14 31 45 59 44 13 41 53 18 42 46 58 82 43 4 62 26 3 8 51 84 28 32 5 38
    16 10 74 82 55 19 39 70 3 20 72 22 81 78 21 37 64 34 63 27 30 29 69 5 2 13 12 73 26 66 68 45 38 33 46 48 61 49 42 53 1 52 32 7 58 11 6 25 36 47 9 4 43 24 51 56 50 57 75 76 8 28 40 14 31 84 17 79 23 67 35 18 62 44 15 54 71 65 83 80 60 41 77 59
    83 47 68 59 77 48 22 12 26 14 69 7 37 61 27 2 67 65 15 4 20 34 21 60 25 74 80 76 39 16 50 43 57 46 56 51 18 36 35 32 58 13 40 71 63 5 23 42 24 78 31 8 81 33 44 52 54 10 29 3 49 70 11 73 19 41 6 72 84 1 30 64 9 28 66 79 75 53 55 45 62 17 82 38
    70 50 80 73 29 2 75 7 23 1 27 3 15 12 60 53 58 11 48 19 25 33 5 14 61 52 43 26 22 6 18 77 55 63 51 71 40 74 31 44 13 34 10 35 47 24 72 36 28 67 8 83 41 17 37 4 65 49 9 69 82 78 64 45 79 81 59 57 56 16 20 54 46 76 30 21 38 62 68 84 32 42 66 39
    28 40 36 16 35 3 34 66 44 9 58 64 31 50 84 47 23 51 73 18 62 56 30 71 67 38 46 24 27 70 11 76 20 80 22 60 25 39 5 32 75 65 41 4 37 26 55 54 59 29 21 49 81 48 13 6 72 15 77 14 61 69 52 45 42 2 1 57 10 68 19 83 33 82 63 53 43 17 79 12 7 8 74 78
    48 14 38 8 25 83 24 68 45 15 35 39 26 36 41 49 18 2 60 31 61 22 76 46 17 27 16 42 78 20 65 80 3 4 84 7 30 64 13 63 1 10 33 23 72 5 54 43 66 62 12 58 59 40 53 81 21 70 34 51 69 6 75 37 44 71 52 55 9 67 74 79 19 77 28 47 29 50 73 11 32 57 56 82
    36 26 16 74 14 80 3 15 84 81 47 27 19 50 8 28 43 60 6 29 1 73 39 20 23 31 38 30 12 10 76 57 63 44 46 78 35 5 13 52 64 82 49 66 7 34 67 22 17 69 53 71 45 25 2 37 40 18 21 11 48 62 58 56 68 9 75 24 83 51 65 42 77 70 54 41 72 61 32 79 4 59 55 33
    45 66 77 76 23 57 41 37 32 69 39 47 74 51 61 22 50 18 8 72 16 26 21 14 71 12 13 62 80 46 38 44 11 20 49 40 1 52 70 3 65 31 58 15 54 56 48 19 64 55 60 67 25 84 82 17 27 81 78 24 30 83 79 42 36 33 63 73 5 28 68 29 53 34 10 75 59 6 2 43 9 7 4 35
    74 24 3 15 44 50 62 26 84 79 47 54 41 66 80 73 76 78 29 1 17 14 67 83 7 57 16 70 27 58 52 53 69 4 32 39 56 72 22 65 8 18 71 82 75 23 77 81 12 51 2 36 60 31 6 34 55 43 9 61 5 25 59 37 64 13 10 33 45 11 49 35 28 42 21 19 38 48 40 46 30 20 68 63
    24 37 78 5 83 19 50 45 68 31 6 2 40 4 54 51 38 64 8 23 53 16 67 72 61 30 22 14 46 75 18 9 52 26 12 43 57 76 66 48 56 70 77 73 71 7 21 13 10 82 20 59 35 29 47 3 58 39 63 55 79 33 62 65 44 28 41 34 15 42 32 11 27 81 69 80 25 49 84 17 60 36 74 1
    46 66 7 67 49 69 22 18 72 70 20 5 6 39 74 51 62 73 40 77 16 75 80 33 10 26 38 17 37 31 68 84 58 63 56 12 44 25 42 76 9 47 64 23 11 43 29 30 15 52 55 41 53 57 21 24 8 48 14 78 45 81 60 32 34 83 1 82 19 65 28 2 59 35 27 4 13 50 54 79 36 71 61 3
    75 56 58 48 44 46 33 3 40 66 50 17 53 41 1 76 7 24 6 78 39 80 61 10 28 83 59 57 69 51 13 31 26 34 14 45 49 54 25 82 12 47 8 65 42 18 70 67 19 81 30 35 38 16 36 74 29 11 64 2 84 72 4 73 79 20 22 27 77 71 52 63 9 21 62 37 43 5 23 32 68 55 15 60
    19 32 66 43 48 77 52 51 26 82 31 57 30 74 42 4 59 33 80 71 63 13 58 2 28 55 18 11 41 10 8 50 54 36 69 6 79 21 56 15 38 9 29 73 45 60 1 14 35 53 64 67 16 49 72 62 76 65 17 39 12 20 22 5 34 61 83 3 23 47 40 81 25 37 78 27 75 44 84 46 70 68 7 24
    16 82 12 32 17 2 24 44 52 28 18 13 75 20 15 80 21 73 4 14 66 70 36 34 5 7 45 81 51 79 31 33 72 11 84 74 23 49 42 58 43 59 78 39 1 30 19 29 40 60 10 47 6 37 35 46 83 55 61 77 25 69 67 38 56 65 8 3 64 62 41 26 50 48 57 71 68 27 54 53 63 76 22 9
    14 41 64 48 70 65 28 59 72 73 60 75 45 37 5 53 18 55 47 84 16 2 22 42 69 50 81 15 49 13 39 46 31 21 36 33 35 4 6 51 20 74 71 82 78 30 8 67 19 3 52 44 23 54 80 1 76 12 62 43 79 10 40 61 63 24 34 26 29 56 25 83 9 58 77 7 11 66 38 68 17 27 32 57
    33 4 23 30 57 47 56 34 81 69 45 74 65 18 44 77 54 68 26 38 42 37 80 51 29 63 48 40 16 25 66 73 75 12 15 14 79 60 17 7 8 49 46 78 50 1 61 36 67 59 82 2 19 3 58 10 71 76 31 72 53 39 21 52 83 70 20 24 11 27 64 43 6 32 28 22 55 35 84 62 9 41 13 5
    20 42 37 29 68 83 26 71 39 28 1 45 77 15 61 49 60 18 41 64 58 5 79 19 80 33 43 27 30 6 50 23 47 63 7 22 9 12 69 75 11 57 62 52 2 16 72 31 55 65 56 81 82 67 84 51 66 13 36 59 10 24 4 17 44 38 73 21 35 53 78 8 14 70 46 74 32 76 25 48 3 34 54 40
    24 82 36 5 23 75 31 10 57 78 53 2 33 9 25 69 54 14 44 58 61 74 13 15 20 72 77 17 65 46 4 60 50 35 80 16 8 21 18 47 29 40 19 28 45 3 49 79 52 48 56 26 37 68 7 42 39 51 64 81 66 76 32 38 83 30 27 12 73 11 34 1 43 22 70 6 41 62 84 71 67 59 63 55
    82 2 71 54 31 32 3 18 47 8 27 60 16 17 41 49 65 76 28 78 4 15 22 55 24 40 61 67 62 7 70 45 1 58 57 59 33 66 9 64 12 29 10 50 19 36 68 56 79 13 21 46 20 44 53 34 37 69 51 26 81 77 75 6 63 43 72 74 52 11 14 83 73 84 48 39 30 38 42 25 35 23 5 80
    19 76 77 70 3 72 38 30 22 81 50 15 20 4 51 36 47 53 42 83 84 28 65 45 59 24 61 16 17 18 37 11 21 32 68 40 7 33 57 10 52 79 35 54 39 2 1 74 14 60 73 41 82 8 29 23 63 58 66 75 25 27 48 34 69 44 31 13 78 62 46 80 71 5 64 43 49 56 26 67 9 55 6 12
    44 18 41 66 4 79 5 59 55 61 2 17 10 31 65 38 22 48 84 64 51 12 68 3 19 54 63 46 25 35 81 8 37 83 7 45 70 82 58 43 24 16 52 29 75 33 20 60 49 15 80 34 28 76 73 69 26 30 78 36 40 56 72 67 9 71 13 74 42 57 14 11 23 53 50 21 62 1 27 39 47 6 77 32
    27 41 52 8 73 54 74 1 10 45 5 7 49 51 68 75 44 32 24 25 48 69 33 19 40 56 61 58 38 62 28 76 26 70 55 82 29 59 71 50 12 47 63 84 37 57 65 17 53 72 35 21 9 79 22 30 6 11 31 80 83 36 3 18 42 78 67 13 77 66 20 81 34 15 43 60 4 2 64 39 23 46 16 14
    13 16 4 14 42 47 44 68 7 18 23 11 31 35 77 82 75 79 21 67 73 37 61 19 83 80 2 33 69 15 52 64 6 8 66 50 40 43 56 62 29 27 41 58 54 48 12 10 45 9 39 74 70 3 38 32 20 55 22 65 72 30 17 24 63 34 81 57 51 26 76 28 36 60 71 84 78 53 1 25 5 49 46 59
    51 45 27 50 84 11 10 14 24 31 41 17 63 1 62 38 75 72 66 57 56 43 3 33 21 81 46 80 4 15 6 52 44 67 37 47 12 49 23 40 77 42 71 8 61 22 13 79 82 69 29 36 7 60 35 39 19 16 34 9 65 74 28 64 76 48 55 70 59 25 32 5 83 18 26 2 20 78 53 68 54 30 58 73
    44 49 41 59 16 36 33 82 17 9 23 38 48 32 81 77 69 84 40 65 18 83 47 78 12 1 42 27 3 79 80 54 15 13 53 62 14 11 64 10 34 19 51 50 22 45 39 52 68 63 60 75 61 5 46 8 66 7 6 70 2 74 31 29 55 26 20 21 28 72 25 58 37 73 35 56 24 43 76 67 57 30 4 71
    43 6 76 65 71 32 84 18 62 39 48 23 83 22 20 37 25 12 55 77 54 10 16 38 5 36 59 57 72 15 13 27 53 80 45 28 60 79 49 58 78 63 31 61 67 68 56 69 73 40 64 81 50 11 24 52 30 47 42 70 21 46 2 4 34 14 66 51 33 41 29 9 82 35 74 19 75 44 17 3 1 26 7 8
    29 52 27 11 57 21 54 35 19 42 8 75 81 14 65 18 79 34 6 32 39 24 83 41 63 28 60 84 7 31 56 67 20 47 40 69 58 3 78 61 59 36 2 55 74 16 68 50 46 70 45 9 76 33 77 64 12 10 51 5 15 30 62 82 17 26 22 53 73 44 80 72 38 66 23 25 48 4 43 37 49 1 71 13
    36 14 44 17 80 51 56 67 55 15 64 23 29 6 68 57 47 62 35 49 69 84 52 34 39 42 12 24 81 22 37 40 32 66 76 75 16 77 72 73 33 1 7 19 53 30 70 82 28 61 45 18 74 50 58 48 27 43 31 59 2 10 60 13 63 71 46 3 38 11 65 79 78 26 5 54 20 9 4 21 41 8 25 83
    27 83 54 67 48 30 84 47 64 76 29 33 41 21 2 73 12 22 34 26 81 46 10 74 49 39 61 32 80 79 25 6 66 50 51 52 9 65 59 4 37 70 53 77 78 68 69 58 13 16 40 63 56 5 36 71 8 72 17 7 57 75 35 1 38 20 31 3 18 11 24 44 45 60 42 55 19 62 23 82 14 43 15 28
    19 56 29 30 48 72 34 9 1 24 82 11 79 17 28 2 65 58 70 68 69 13 15 83 33 77 25 74 64 18 35 60 62 47 32 46 3 45 73 41 36 6 78 75 38 12 23 39 55 51 4 5 66 10 8 7 14 61 54 81 21 37 67 57 43 59 31 26 22 40 80 42 27 63 76 49 52 71 44 84 53 20 50 16
    71 46 83 75 60 14 37 43 81 51 74 42 44 80 5 21 79 32 50 28 10 78 52 6 24 18 84 12 16 25 1 82 65 40 59 41 2 64 9 8 49 67 76 72 23 48 3 70 38 55 77 26 58 22 11 57 61 15 36 56 73 68 33 4 31 66 7 19 63 34 27 45 53 39 35 13 20 62 17 30 29 47 54 69
    58 44 51 69 68 61 4 24 80 1 57 63 28 33 25 20 11 60 16 49 84 30 12 13 27 14 31 70 10 34 54 17 82 35 21 50 62 39 5 6 83 2 36 7 8 65 22 73 32 47 78 72 53 76 77 71 74 19 18 29 46 48 9 81 15 75 64 38 55 41 67 52 66 37 42 79 45 40 59 23 3 43 26 56
    83 38 35 84 4 15 60 17 6 5 82 18 42 67 33 43 59 69 57 78 40 19 74 7 23 53 14 63 72 81 70 16 25 31 41 51 21 58 8 47 77 52 11 24 29 36 61 56 62 50 32 3 44 22 37 28 55 68 73 13 79 46 30 76 39 27 65 12 2 80 75 66 10 45 71 54 34 26 48 49 9 1 64 20
    17 47 71 49 7 80 39 36 68 34 4 9 22 81 1 58 62 76 5 43 28 37 14 12 57 61 23 52 78 24 33 82 56 72 75 45 83 44 16 21 32 74 65 11 69 15 84 25 55 8 60 30 63 13 20 41 31 77 46 10 66 18 79 29 73 26 48 38 67 2 27 70 42 3 6 50 35 51 64 19 54 59 53 40
    23 44 1 74 15 56 81 46 40 33 35 41 17 27 67 57 21 12 20 26 82 5 36 11 51 3 32 14 60 65 49 59 70 13 68 8 52 9 18 69 75 31 16 38 7 83 71 79 62 76 25 39 66 77 34 73 47 61 28 54 45 6 30 84 22 2 24 42 63 48 58 80 10 78 72 50 19 64 4 37 53 55 43 29
    81 29 7 71 19 28 6 66 33 68 63 22 41 31 20 77 53 35 79 61 73 64 74 49 14 3 48 9 82 50 5 27 8 51 44 1 75 76 83 15 67 70 46 38 84 55 23 36 39 42 58 13 40 65 54 43 24 2 30 26 25 78 69 47 12 18 80 52 60 10 21 72 57 16 59 4 62 37 45 32 56 34 17 11
    68 20 19 63 8 67 49 42 46 56 52 44 51 24 64 66 30 2 59 48 18 47 25 72 23 10 84 37 14 28 13 80 5 78 41 34 40 65 81 70 43 73 61 58 12 53 32 22 16 15 69 75 39 57 27 79 82 6 76 21 54 60 11 31 55 35 1 38 17 9 74 71 3 7 26 77 36 62 33 50 83 45 4 29
    35 84 64 67 24 46 22 8 83 12 44 36 82 41 6 11 5 27 1 74 71 15 72 39 47 28 49 73 55 58 69 21 59 9 53 63 60 26 43 16 45 68 10 81 13 37 14 62 76 32 23 34 18 79 40 54 25 4 3 7 75 52 33 80 38 19 51 17 65 66 57 70 29 30 56 77 78 2 61 50 31 48 42 20
    73 33 74 80 42 30 38 55 79 9 13 72 59 2 39 34 25 70 64 56 24 83 36 66 68 1 77 6 48 4 22 75 16 51 26 43 47 12 28 10 27 60 67 84 78 52 76 31 45 81 32 41 21 18 46 40 63 58 61 35 62 54 69 11 7 19 15 82 5 65 53 20 3 44 71 14 57 29 23 50 17 37 8 49
    17 18 49 41 34 75 73 23 48 24 80 1 54 30 11 29 39 14 38 76 70 50 84 32 74 77 46 4 68 53 65 40 51 58 63 71 19 15 28 52 25 67 10 42 83 36 79 61 12 72 47 66 33 3 13 44 62 21 5 16 7 9 64 60 27 20 31 82 69 78 57 2 43 6 56 35 59 26 8 81 45 55 22 37
    7 70 11 68 47 54 71 52 56 15 64 34 33 78 28 50 69 3 77 82 12 48 66 58 37 51 8 14 13 57 75 25 4 10 55 23 21 79 42 9 41 16 6 59 62 65 5 83 43 39 45 44 20 26 31 17 46 63 2 24 81 35 73 29 84 60 53 22 1 27 76 67 61 36 18 38 72 74 19 80 49 40 32 30
    76 79 33 82 55 54 23 51 24 26 21 73 19 35 27 31 47 81 28 52 44 18 37 69 60 29 65 9 12 3 8 38 80 5 53 78 50 56 67 34 64 1 83 66 20 75 40 4 13 7 59 68 74 17 6 62 70 32 57 41 11 30 63 71 16 77 22 48 2 14 10 36 46 43 45 42 39 72 61 15 49 84 58 25
    74 79 44 43 75 7 49 68 37 38 48 11 30 58 3 73 67 65 4 10 52 76 25 12 51 16 53 64 54 78 62 63 39 59 82 26 19 46 2 66 34 29 5 50 21 32 83 70 27 13 8 33 35 57 72 81 60 80 41 20 17 14 28 47 84 69 56 71 61 22 15 18 45 40 77 36 1 6 9 42 23 24 55 31
    82 12 84 48 32 8 79 14 80 62 1 54 31 81 74 26 66 17 38 56 77 20 75 65 60 53 69 83 40 71 24 55 3 46 16 42 28 37 63 9 64 45 33 78 59 2 47 29 10 6 61 11 35 18 50 44 25 7 23 15 27 68 39 73 4 76 30 19 34 36 72 51 67 43 13 22 70 21 57 5 52 58 49 41
    20 6 78 62 56 7 34 48 23 67 31 26 24 43 1 39 74 77 76 73 11 37 36 69 2 53 65 9 52 33 38 75 60 28 5 82 49 14 51 29 40 50 45 13 32 57 47 64 66 70 16 54 41 12 18 83 58 61 79 42 3 10 46 80 71 55 35 30 17 44 68 15 81 22 84 72 27 59 19 63 4 8 25 21
    40 54 27 7 71 46 68 31 80 24 43 82 10 58 38 33 75 22 74 36 64 42 55 63 19 34 32 60 13 78 12 79 11 20 47 57 81 69 44 16 39 83 45 28 66 18 5 21 62 49 4 65 3 1 56 51 72 84 61 73 48 25 26 15 53 37 14 6 41 76 70 67 23 35 9 29 59 17 77 30 2 52 8 50
    83 44 15 66 8 63 6 48 34 37 5 58 72 47 56 25 74 30 33 39 79 64 62 60 81 55 40 23 42 21 41 71 2 43 12 24 13 7 76 51 36 50 45 26 49 52 35 82 69 46 77 38 18 68 59 14 61 78 73 75 65 80 19 32 22 57 3 4 10 9 31 84 67 17 20 29 16 27 28 1 53 11 54 70
    61 18 47 68 72 50 71 3 31 33 67 63 37 60 62 9 74 20 26 82 27 5 73 41 19 22 64 52 49 1 35 7 6 48 53 78 55 39 80 45 46 24 8 25 36 57 28 44 2 66 23 54 40 11 75 16 56 59 81 83 29 30 76 17 38 32 77 65 34 10 14 21 51 84 4 42 13 70 15 58 43 12 79 69

