85

    14 75 70 2 15 63 6 85 5 45 72 11 61 21 64 54 1 59 30 27 7 77 26 65 10 32 12 84 23 52 56 4 47 22 18 78 73 35 60 17 50 82 37 48 57 66 19 13 16 39 80 44 83 43 41 58 51 40 36 68 79 29 62 71 74 42 34 8 38 49 69 67 33 24 9 25 31 3 46 28 76 55 20 53 81
    10 18 15 3 24 64 21 16 75 76 83 33 45 52 72 55 58 17 46 73 57 74 35 69 22 71 53 20 80 43 7 65 81 27 12 68 2 23 84 4 67 38 19 82 47 36 51 78 63 6 44 1 62 41 59 28 13 32 40 25 14 29 48 34 54 8 70 49 37 85 66 50 77 31 79 56 30 42 39 5 9 61 60 26 11
    72 69 43 45 17 26 49 29 31 71 54 34 40 37 41 3 75 38 35 52 50 1 16 14 59 2 53 27 51 7 5 39 79 83 28 11 84 13 47 66 55 33 65 68 56 76 42 6 80 24 30 32 48 18 57 10 63 8 74 12 9 70 85 22 81 44 64 20 19 67 25 78 58 73 15 4 46 60 61 77 23 21 62 82 36
    13 69 46 77 43 29 19 41 83 50 16 32 37 58 36 18 48 52 85 6 81 78 35 15 7 3 23 67 8 2 38 47 55 76 39 34 12 71 40 14 51 1 73 11 80 84 27 61 82 26 24 68 5 28 66 56 42 60 79 22 53 70 57 25 49 54 30 4 74 72 45 9 21 10 44 64 20 17 75 59 62 33 63 31 65
    24 42 67 17 78 34 66 65 49 25 58 36 29 55 82 26 4 37 1 83 74 57 72 71 18 80 75 45 70 84 59 68 12 44 39 16 28 73 40 53 8 21 14 30 46 20 54 61 33 77 15 32 27 7 13 63 6 69 38 23 11 62 9 76 56 35 48 2 31 81 85 60 51 43 52 19 41 79 3 5 10 64 50 22 47
    39 29 85 41 50 5 79 1 84 69 31 66 49 14 17 80 53 82 3 40 43 37 21 19 13 44 45 47 30 67 38 59 22 8 51 65 23 15 78 42 35 34 71 83 7 24 75 6 64 18 68 16 20 70 26 62 60 48 27 81 9 76 12 32 63 11 52 28 2 36 58 4 73 33 72 61 25 46 56 54 10 57 55 77 74
    68 53 10 13 46 76 29 64 15 14 74 34 77 47 36 21 50 2 63 22 23 71 52 79 24 7 19 43 54 28 26 35 55 80 9 4 51 62 85 5 1 72 66 57 38 44 81 84 17 41 37 82 49 11 8 39 30 70 6 73 60 56 33 16 31 65 45 78 3 18 27 59 75 83 32 69 48 20 12 67 40 25 61 42 58
    48 1 25 79 29 58 21 10 82 19 16 67 57 56 72 39 46 20 64 68 8 33 70 51 32 36 27 26 18 74 75 63 42 53 71 30 66 15 83 47 76 73 37 49 28 11 59 62 2 80 4 40 5 6 3 81 13 60 14 78 44 38 24 45 50 65 61 55 22 7 23 34 52 69 77 54 84 85 17 9 41 35 12 43 31
    44 73 13 80 7 42 68 35 27 74 8 19 53 79 41 72 29 60 70 71 50 9 77 12 1 34 58 63 61 16 43 23 54 48 45 57 36 11 46 56 40 85 10 32 82 25 66 26 18 33 64 59 83 28 81 47 49 76 24 22 31 78 65 20 14 84 75 3 17 55 52 67 4 5 6 69 2 21 51 38 62 30 39 15 37
    31 30 66 38 34 70 28 62 17 45 71 11 14 23 5 75 53 85 43 24 80 74 54 13 36 49 18 9 84 72 76 32 44 29 35 2 19 41 58 79 60 67 57 81 48 33 73 21 26 47 39 77 4 46 6 12 27 61 37 83 1 8 52 22 20 68 78 51 56 50 59 15 40 42 10 63 25 7 55 16 82 64 69 3 65
    57 14 31 40 17 72 27 45 9 10 76 85 26 51 1 80 38 32 77 18 60 42 41 22 11 79 6 73 37 74 46 3 35 55 8 30 29 78 2 61 4 53 56 54 70 19 25 5 48 13 24 64 7 39 16 15 71 65 36 83 81 67 49 82 12 75 58 62 20 50 43 47 59 52 68 44 21 28 66 33 69 63 84 34 23
    85 74 14 12 20 73 63 7 36 70 16 65 8 33 79 22 37 64 13 84 17 49 68 4 1 56 83 62 47 15 54 34 32 26 57 43 51 50 24 41 31 40 45 46 28 82 10 78 42 53 77 48 9 67 11 35 6 25 30 21 69 3 81 5 18 76 80 66 19 72 39 60 29 58 27 71 61 44 23 59 55 52 75 38 2
    47 29 27 17 77 67 79 28 65 64 15 8 14 33 13 48 22 20 35 59 56 58 53 49 71 55 3 72 10 23 39 24 37 38 57 41 81 2 82 83 1 60 46 4 44 21 31 74 54 19 18 26 45 80 9 25 34 70 68 61 75 73 30 7 32 63 69 42 40 36 76 43 11 16 66 78 52 62 85 51 84 50 5 6 12
    75 31 19 45 74 23 67 54 77 56 58 16 60 39 5 18 11 15 24 55 33 41 12 40 9 3 65 37 13 35 64 8 73 81 44 51 38 46 42 26 28 17 82 76 79 63 21 71 83 52 84 53 48 62 49 14 6 68 7 85 50 61 4 27 10 20 70 47 1 80 32 66 22 30 2 34 36 59 29 72 69 57 25 43 78
    49 54 16 51 1 41 68 55 79 83 25 23 67 39 48 5 80 30 3 73 61 78 72 8 19 45 65 12 76 31 69 24 26 81 63 46 32 62 50 22 29 14 64 4 36 20 71 38 40 77 28 84 58 52 44 21 70 17 33 43 27 42 56 53 35 74 2 60 82 13 34 11 6 57 15 7 59 75 10 37 9 66 85 47 18
    61 63 42 47 54 32 39 26 33 48 59 81 69 79 57 58 2 60 13 6 1 50 28 43 67 68 16 73 30 55 18 5 15 49 46 45 24 14 85 77 53 72 20 34 74 36 84 41 83 8 29 65 11 51 56 40 82 62 44 27 23 19 52 9 21 4 64 10 76 17 35 7 71 12 75 70 66 22 37 38 80 31 78 3 25
    71 37 14 51 70 54 68 17 13 2 25 41 83 5 81 73 45 16 12 38 56 28 7 31 72 66 63 35 52 47 32 82 79 18 40 85 50 10 78 43 3 22 34 76 8 55 36 84 27 65 19 46 44 75 57 67 69 59 62 48 42 58 26 11 80 6 23 61 1 21 9 39 29 74 4 53 24 30 64 20 77 15 60 49 33
    46 73 70 7 62 64 35 30 29 17 55 37 11 50 26 20 71 39 43 21 1 51 19 8 33 68 32 57 49 61 84 31 69 36 52 5 53 54 65 18 79 78 14 77 58 45 60 67 47 81 66 25 56 44 24 48 22 76 34 12 85 82 13 28 4 83 23 6 74 75 42 41 80 27 40 59 10 15 38 9 16 72 2 63 3
    6 16 63 28 4 70 85 52 80 81 54 33 41 24 45 48 26 59 5 30 29 73 61 67 21 10 44 84 49 37 22 34 35 55 83 8 38 82 77 56 1 32 60 40 53 57 69 62 11 46 20 9 71 43 79 12 3 15 31 14 25 2 19 39 68 50 64 13 58 27 76 66 72 18 42 51 36 47 23 7 78 74 65 75 17
    24 1 39 55 76 29 49 75 68 64 28 25 40 33 23 34 6 70 9 79 20 4 81 8 45 2 60 85 42 73 13 50 10 15 66 72 83 77 69 84 80 48 11 37 71 32 30 54 58 14 57 44 41 52 47 16 31 3 46 53 7 61 12 43 51 35 27 38 18 56 5 82 36 65 21 67 74 62 78 59 22 63 17 19 26
    65 51 4 42 53 28 20 73 1 16 27 39 66 54 5 58 11 17 41 62 26 14 15 61 38 70 10 30 64 59 75 81 13 44 56 22 3 43 7 40 46 35 24 84 50 72 69 47 76 78 34 67 57 55 49 63 6 19 45 52 33 68 77 71 80 21 12 85 18 83 60 9 8 36 25 23 32 48 31 74 79 37 82 2 29
    77 9 25 80 73 78 13 16 51 79 68 24 82 1 54 57 62 2 18 38 29 35 53 32 20 46 11 19 6 55 21 47 34 15 41 28 43 42 12 22 37 45 61 8 56 74 66 10 3 50 4 44 85 5 17 59 23 14 84 60 33 76 58 65 26 27 64 70 40 48 39 69 67 36 49 52 75 83 31 71 30 72 81 63 7
    85 5 34 75 72 41 65 42 15 50 78 21 19 37 80 81 52 83 79 71 23 4 12 11 24 20 56 13 60 36 32 26 70 55 82 35 59 57 22 69 16 46 67 68 9 73 1 29 17 76 31 43 44 7 30 58 39 2 62 66 74 51 8 49 14 48 54 84 45 77 25 53 40 27 18 28 61 63 64 6 10 33 47 3 38
    82 44 32 50 17 68 63 14 73 74 35 80 20 33 19 6 69 60 18 4 9 56 21 57 30 79 22 39 26 65 66 5 72 55 15 71 3 25 48 34 81 62 36 11 40 24 77 2 13 7 84 64 45 41 8 78 70 1 43 10 58 23 47 16 31 52 53 61 67 59 51 54 38 85 42 12 76 75 46 29 37 83 27 28 49
    13 34 7 84 85 49 55 61 2 32 79 19 48 14 54 77 72 42 3 63 23 51 38 1 45 56 64 40 33 76 15 12 67 30 73 39 50 36 37 78 5 47 29 24 57 22 21 31 35 41 6 16 70 80 62 46 83 9 20 59 43 75 71 65 26 66 28 58 11 4 82 74 81 53 52 69 18 17 10 68 60 8 27 25 44
    55 9 63 32 39 77 3 40 7 42 38 46 18 70 67 31 4 19 52 43 78 50 53 68 15 6 49 8 24 74 73 60 69 80 1 34 10 72 51 14 59 17 27 47 26 36 28 65 79 71 64 16 61 12 44 2 56 66 84 5 37 21 83 41 57 81 20 58 54 13 25 35 30 76 22 62 45 29 82 75 33 23 85 11 48
    81 8 72 67 53 38 2 39 31 51 66 57 28 11 85 19 80 46 45 30 42 56 76 27 65 25 68 37 48 7 23 78 12 71 63 14 75 26 79 70 33 22 60 29 69 6 35 13 58 34 44 52 54 50 16 49 20 17 5 55 9 84 74 82 15 61 21 59 3 10 18 62 64 40 41 83 73 43 32 4 36 47 24 77 1
    62 49 12 3 48 59 18 16 82 34 36 79 20 13 67 2 28 32 66 17 26 51 81 77 65 14 73 6 58 10 37 44 61 70 71 22 75 30 23 33 84 5 47 63 64 46 42 21 55 85 31 43 76 54 19 57 9 69 60 39 35 53 41 15 50 7 74 24 72 11 29 4 38 8 25 40 56 1 27 45 80 68 83 52 78
    51 77 30 14 20 81 9 43 2 52 13 17 64 15 63 25 80 33 71 60 3 10 73 40 22 65 85 26 44 62 57 58 19 48 50 28 67 53 45 76 84 18 37 55 12 31 21 69 79 49 54 78 23 27 11 41 34 7 47 36 8 38 72 6 29 4 61 24 75 56 74 16 1 39 66 70 35 82 42 32 46 68 59 83 5
    79 65 27 75 74 47 82 38 55 46 43 25 6 18 26 81 44 58 15 80 51 5 1 36 33 70 67 60 11 57 56 31 2 53 52 63 23 37 72 73 68 39 29 84 49 24 34 21 14 42 41 3 20 54 40 61 32 78 76 19 7 35 48 22 13 9 8 85 66 4 30 16 12 64 71 69 10 77 28 83 17 62 59 50 45
    11 83 17 27 14 63 5 49 35 6 2 76 64 74 26 42 52 85 48 47 19 21 37 59 8 30 71 34 12 67 45 77 18 28 73 22 1 82 68 3 23 54 51 66 4 61 38 62 41 84 65 7 70 72 50 56 33 16 24 79 58 75 20 29 44 80 69 53 15 13 46 55 32 78 40 36 39 31 25 81 43 57 60 10 9
    72 35 76 47 44 30 70 33 60 41 59 15 36 63 55 53 3 56 7 28 37 83 65 31 42 50 67 32 4 14 82 51 21 11 49 26 52 62 75 80 39 66 71 64 10 27 69 12 73 17 81 19 84 78 13 5 40 79 23 6 34 9 24 22 61 43 38 57 2 48 18 77 20 68 16 45 54 85 74 1 25 8 58 46 29
    31 39 60 27 45 19 68 69 54 41 38 34 81 40 44 67 61 56 9 82 2 32 33 3 4 42 73 25 57 13 7 65 63 6 22 47 20 37 53 59 43 24 10 8 36 15 18 46 77 58 75 21 49 23 11 80 48 28 83 5 76 74 29 1 85 17 55 70 71 79 12 52 66 78 51 35 30 50 64 26 62 16 84 72 14
    12 49 70 82 35 59 6 75 54 50 55 14 19 27 24 18 76 44 40 2 21 85 51 34 56 29 23 7 26 1 81 58 3 64 36 37 65 46 80 57 16 52 72 74 78 69 9 79 71 10 28 17 15 31 13 45 22 48 4 67 38 84 32 66 83 63 33 42 47 60 61 5 62 68 20 77 41 73 43 53 8 11 25 30 39
    50 15 31 67 56 40 38 78 47 57 26 73 36 6 69 18 14 71 17 63 45 1 84 4 70 9 54 81 12 58 76 48 29 5 28 7 51 59 49 11 65 34 64 44 52 68 2 77 62 19 82 66 55 24 75 43 35 41 16 13 85 21 39 60 22 32 8 30 20 72 37 79 74 27 3 42 53 83 61 80 25 33 46 10 23
    61 74 18 81 75 41 71 14 76 17 29 77 20 63 10 6 8 65 23 3 26 9 85 69 24 79 80 60 57 38 11 34 35 52 66 83 78 50 32 36 62 40 27 46 12 55 51 16 4 37 53 54 1 58 64 25 30 28 68 56 15 33 59 48 5 21 73 47 31 39 49 2 19 13 22 45 43 44 42 84 67 82 7 70 72
    21 18 74 40 64 27 3 83 35 25 43 24 57 49 11 15 60 61 9 31 52 38 39 37 1 46 84 66 48 53 6 12 36 22 47 34 32 13 30 62 23 55 58 78 82 20 19 73 10 59 17 42 76 80 56 65 44 28 71 68 70 29 63 79 16 26 77 33 8 50 51 69 85 5 41 81 67 14 75 72 45 7 54 4 2
    83 79 75 4 63 76 1 31 80 39 53 44 13 61 85 28 19 36 37 78 5 48 24 18 34 3 26 41 16 15 69 30 32 58 22 40 72 29 9 60 68 74 45 2 35 50 59 27 62 84 8 51 55 33 23 67 12 56 65 42 7 20 6 77 11 47 46 64 10 21 81 17 71 70 25 49 52 82 66 73 54 43 14 38 57
    36 83 73 11 32 61 14 53 18 64 29 44 75 4 31 6 33 20 23 10 56 76 35 60 1 28 38 37 15 62 48 3 43 19 34 71 65 30 40 72 22 77 70 42 2 57 78 50 66 84 59 25 54 45 27 16 55 5 85 51 68 13 49 82 63 12 74 39 52 26 9 46 81 69 7 67 8 17 58 21 80 79 24 41 47
    33 51 77 48 39 55 22 70 30 82 62 2 9 80 32 4 6 44 10 40 57 64 43 69 27 15 1 35 14 34 8 71 13 37 23 60 63 65 78 46 67 83 61 54 50 59 53 17 75 36 81 20 31 72 45 16 68 11 49 24 76 25 7 21 26 52 41 38 19 74 56 29 85 79 73 66 5 84 42 3 47 58 18 28 12
    77 75 82 48 68 8 39 66 50 83 62 9 41 70 24 56 35 67 45 40 30 14 79 18 72 29 73 38 71 17 34 74 42 51 26 84 58 52 60 22 7 81 76 53 78 12 69 19 13 32 6 1 20 4 31 85 43 10 44 23 63 3 64 5 57 65 37 49 21 16 11 46 54 25 47 27 2 61 55 15 28 36 80 59 33
    74 22 30 21 32 45 26 73 10 61 69 28 78 29 60 6 25 31 35 67 44 46 41 84 72 82 9 48 34 13 65 4 36 20 17 77 83 24 18 16 12 64 75 55 76 37 79 19 85 3 53 14 8 71 43 50 58 66 1 33 81 59 70 2 62 27 52 40 5 56 7 51 42 47 39 68 11 23 15 57 38 63 54 49 80
    31 9 27 74 42 8 85 70 53 64 45 19 14 73 80 29 37 24 68 48 35 10 23 49 76 1 72 12 52 61 2 40 66 65 13 21 6 75 60 47 26 57 4 62 22 67 11 30 41 33 5 7 43 36 81 20 82 46 51 79 78 58 71 63 39 59 55 34 54 69 38 28 3 56 18 84 77 50 17 15 83 44 16 32 25
    40 15 27 7 29 60 56 2 85 46 65 83 35 66 84 50 14 69 3 31 82 44 36 17 49 32 81 68 73 76 77 38 33 8 23 21 80 22 37 64 30 10 58 78 57 72 20 71 70 28 4 12 61 48 24 42 45 53 43 79 19 18 39 13 1 51 25 26 74 16 67 11 6 34 41 55 52 5 75 62 59 47 54 9 63
    67 41 3 24 36 55 31 82 54 71 10 73 29 28 40 16 65 8 63 22 79 60 6 43 75 80 33 32 85 77 18 15 27 11 49 17 45 20 9 2 51 78 25 34 64 21 46 76 39 62 70 74 37 42 83 72 5 57 1 69 30 58 26 56 68 47 66 38 53 13 23 59 44 12 81 61 14 50 19 35 48 4 84 7 52
    81 71 12 72 45 51 55 50 16 2 46 76 20 56 83 25 57 13 70 4 30 62 1 11 67 7 79 65 41 80 74 85 78 64 8 10 27 54 19 29 21 36 49 68 59 48 18 6 69 34 61 15 43 39 26 82 58 9 66 33 53 84 24 47 42 3 37 5 14 73 60 40 77 31 52 75 23 32 44 63 35 22 28 38 17
    2 52 32 45 50 44 18 42 14 63 19 54 82 84 72 46 25 60 12 80 38 74 11 24 68 61 56 53 8 85 9 76 67 36 66 77 15 65 17 81 78 83 79 70 29 55 39 4 30 33 62 49 58 40 20 1 13 73 28 69 43 21 10 64 22 5 71 51 16 35 3 7 59 47 37 31 57 27 75 41 6 26 48 34 23
    48 54 53 51 71 12 49 58 31 72 13 32 63 11 84 85 82 35 52 76 70 18 25 37 42 44 3 83 80 55 29 26 40 73 60 64 38 81 17 21 10 2 14 43 1 45 15 36 8 57 75 69 50 30 20 59 74 4 16 41 67 78 9 33 28 23 34 47 68 24 65 77 22 39 66 79 27 7 61 19 46 62 6 5 56
    69 63 26 58 82 7 66 62 34 83 22 39 45 5 46 77 85 32 37 61 60 81 1 20 50 30 15 57 79 47 18 49 36 51 76 68 11 29 84 41 64 75 24 70 2 80 72 3 65 78 12 71 8 27 44 35 31 48 40 55 13 56 14 21 16 67 28 4 17 6 9 10 19 52 59 74 23 43 53 25 42 38 73 33 54
    80 34 81 15 75 4 30 29 7 58 3 50 59 35 64 20 56 25 9 71 8 45 33 24 72 57 13 48 38 27 2 55 69 78 66 41 42 21 1 62 63 44 68 61 79 32 53 6 84 12 47 5 54 43 26 65 73 77 67 10 85 18 19 51 76 17 83 23 82 52 39 14 74 22 70 40 36 46 28 37 16 11 31 49 60
    15 51 58 26 53 18 4 57 68 75 69 1 59 77 8 84 30 12 79 40 28 45 61 46 42 19 22 31 62 72 55 21 14 76 41 50 63 38 33 25 10 73 27 74 24 52 67 13 56 2 66 80 48 82 44 65 9 29 7 47 85 3 64 71 78 16 49 34 32 70 20 5 83 81 39 6 43 17 35 54 11 23 36 37 60
    46 84 76 38 50 9 36 45 56 37 32 24 22 48 47 77 27 42 20 83 66 35 60 43 26 23 82 74 63 57 53 10 4 81 8 1 2 15 73 16 67 75 55 7 71 25 13 33 64 69 19 72 54 59 3 14 17 31 34 51 80 65 21 52 5 85 28 62 29 79 44 61 6 12 11 30 70 40 58 18 41 49 78 68 39
    50 26 68 16 35 33 74 73 29 40 24 3 75 1 82 58 13 14 77 57 67 18 22 66 11 17 46 80 39 41 27 78 53 28 62 64 15 72 5 7 20 30 44 61 79 70 36 42 84 51 25 59 21 38 47 8 63 10 76 4 85 69 81 56 65 37 83 6 52 48 2 12 34 19 60 31 9 23 49 32 54 45 43 55 71
    70 18 47 26 17 9 45 3 37 65 30 79 38 49 7 31 8 68 13 24 54 61 11 60 43 15 62 67 84 6 58 83 40 56 19 48 82 74 63 80 85 34 28 50 52 77 14 71 35 10 64 21 42 76 44 20 25 69 73 36 53 57 72 29 41 32 66 59 12 5 33 22 23 4 75 2 16 39 55 81 27 1 51 46 78
    11 60 6 7 2 59 23 53 38 5 64 30 25 74 32 29 1 73 67 55 83 35 51 36 75 72 41 31 14 62 16 9 77 4 54 48 47 82 81 12 40 39 63 24 21 26 20 61 66 71 3 50 78 57 8 46 58 34 68 84 85 19 43 27 80 44 18 69 79 52 45 17 28 13 70 10 65 76 42 49 33 22 37 56 15
    6 63 41 28 2 27 71 58 55 9 20 51 24 39 33 23 79 70 74 48 7 38 47 19 15 60 44 49 30 62 64 69 32 4 52 34 83 1 54 67 36 65 77 45 68 17 53 73 3 22 43 40 26 42 18 82 84 61 37 85 75 72 29 46 78 57 5 56 50 35 25 8 11 21 81 31 13 80 59 12 10 66 14 76 16
    59 71 16 21 63 53 31 66 11 67 45 72 80 85 38 12 69 25 10 70 6 13 65 9 34 15 35 75 51 46 17 7 50 8 73 26 57 20 76 47 33 84 42 36 41 14 19 58 27 62 78 23 24 22 4 43 74 5 82 1 79 32 52 44 55 28 18 54 83 40 3 61 39 77 60 30 49 64 81 37 68 56 48 29 2
    28 71 65 38 41 85 25 81 78 10 34 69 64 49 84 26 51 80 14 37 5 56 8 46 44 30 45 3 13 24 83 73 57 1 39 36 43 22 12 47 15 54 74 50 11 63 82 61 20 29 55 17 6 59 58 68 42 70 33 19 32 7 53 31 66 77 9 48 79 35 4 16 23 2 18 52 62 60 75 67 72 21 76 27 40
    78 73 62 67 5 68 57 20 74 71 15 10 42 48 12 14 61 53 17 79 3 39 43 22 4 25 56 63 77 55 1 9 40 59 27 84 29 2 54 85 51 35 80 52 46 44 76 65 72 23 70 36 19 6 34 26 31 8 83 66 21 11 82 41 24 7 75 18 38 37 69 81 32 30 45 33 50 49 60 16 13 64 47 28 58
    68 4 34 70 76 41 65 61 32 72 14 56 45 42 24 22 2 73 33 49 3 8 54 29 21 66 5 7 20 9 35 58 19 40 13 80 23 57 1 74 16 10 17 79 75 15 83 59 50 63 52 11 51 67 36 27 64 28 18 62 37 6 85 38 25 44 12 39 84 46 82 43 26 30 55 78 31 48 47 71 53 69 81 60 77
    17 9 78 28 12 53 35 51 4 83 54 26 2 48 70 73 21 11 24 31 66 32 13 81 55 68 18 7 72 67 36 20 62 15 27 59 74 58 45 71 42 3 69 76 44 43 56 33 25 61 23 19 65 77 30 39 64 63 34 8 41 14 46 75 80 29 79 84 50 57 49 82 52 85 47 10 40 60 1 38 5 6 37 16 22
    37 62 36 9 78 50 55 3 39 68 2 64 13 65 77 40 30 53 67 28 45 4 82 21 26 1 18 60 27 42 48 8 38 59 17 31 72 7 20 41 71 23 32 14 85 58 15 56 16 34 5 11 84 43 44 35 6 47 29 69 74 75 70 61 19 54 24 12 79 33 83 10 46 49 81 80 51 22 66 57 52 63 25 73 76
    51 52 24 59 65 19 66 64 9 21 74 68 25 82 73 79 36 29 44 45 4 54 70 31 7 3 81 49 72 80 48 5 15 10 2 62 28 46 85 34 78 38 14 58 1 60 50 13 71 33 55 67 20 16 8 42 37 47 23 57 18 83 63 30 35 17 75 32 11 53 27 6 26 56 77 76 22 43 61 41 40 39 12 69 84
    26 19 62 41 71 44 20 57 74 50 24 4 47 77 79 63 17 78 13 3 51 31 75 7 55 60 39 48 18 38 67 84 34 32 25 73 59 11 85 64 29 81 37 27 23 70 43 76 53 14 68 54 36 1 28 52 61 12 9 16 80 83 40 30 42 58 49 66 65 10 6 2 8 82 21 33 35 45 5 22 72 69 15 56 46
    1 39 83 22 46 48 65 77 82 15 34 14 44 50 54 41 74 29 32 35 72 80 2 68 27 55 71 21 66 26 51 12 64 10 59 58 8 84 47 38 63 76 31 18 45 25 36 20 62 17 43 75 53 7 78 5 85 30 37 81 40 19 42 4 16 69 73 49 79 24 61 57 56 70 52 60 6 33 23 11 67 3 9 13 28
    6 59 55 21 23 43 38 44 31 27 46 65 48 56 73 2 19 36 76 18 81 12 35 69 82 61 52 60 79 15 39 41 29 26 32 49 14 47 74 54 25 64 72 33 63 68 28 37 57 34 78 8 3 7 67 84 24 50 70 85 1 71 4 66 83 80 16 62 45 11 51 17 42 40 20 58 10 77 30 5 9 13 22 53 75
    41 9 18 81 80 4 11 63 52 47 39 72 21 15 40 8 44 35 70 7 55 78 22 74 79 24 38 12 76 60 26 16 75 54 66 27 3 57 73 64 10 42 65 56 13 33 83 34 37 46 51 50 77 25 59 36 84 19 71 1 48 49 17 14 28 20 69 31 53 6 68 5 45 85 67 58 23 32 61 82 29 43 62 2 30
    5 42 49 44 38 85 57 45 70 13 40 31 23 10 65 46 30 60 80 11 15 51 82 18 12 68 59 35 83 2 55 67 32 6 47 58 36 50 27 74 66 78 61 33 20 56 7 8 24 77 64 63 41 16 17 43 25 19 29 39 79 14 73 37 69 21 62 3 48 71 81 52 54 72 4 1 75 34 26 28 53 22 84 76 9
    52 58 57 69 71 5 23 45 31 35 75 85 16 4 60 14 61 83 55 48 32 12 19 62 70 25 8 11 72 21 26 49 20 43 67 54 3 18 77 68 15 17 47 44 10 66 27 64 78 79 34 2 6 73 51 84 80 40 38 63 65 30 81 42 76 1 50 82 59 56 39 33 74 9 37 53 7 46 29 24 28 41 36 13 22
    35 56 60 84 14 74 44 32 81 8 82 1 5 9 66 31 72 55 33 85 2 59 78 30 65 58 75 29 80 25 36 63 50 24 51 6 15 79 49 62 27 16 28 21 83 37 68 40 73 38 47 57 43 70 53 20 77 11 19 13 46 76 41 45 54 7 48 4 22 52 23 17 69 18 42 71 61 64 67 10 34 12 3 39 26
    60 30 58 15 71 45 61 22 38 31 40 70 27 82 1 36 41 32 46 65 9 78 75 10 3 26 6 35 13 34 7 49 33 12 66 59 4 25 18 55 83 76 50 53 56 24 19 84 79 28 64 8 62 85 43 47 16 37 14 48 29 52 51 42 57 2 39 69 74 63 77 20 5 17 23 67 54 11 44 68 72 21 73 81 80
    1 84 30 7 68 79 21 80 64 10 37 71 67 39 81 26 41 51 19 14 40 83 28 70 34 63 82 46 45 77 15 24 55 47 66 59 61 6 49 33 56 38 42 22 36 29 85 74 13 31 44 65 43 53 48 50 57 73 16 3 32 4 8 12 11 23 20 5 60 27 72 58 54 75 35 25 78 76 52 69 9 62 2 18 17
    70 14 55 75 78 59 4 73 67 10 54 62 30 19 50 24 13 83 38 2 44 40 65 80 76 81 51 68 36 11 34 7 31 12 45 33 43 37 25 74 48 6 61 39 9 63 29 23 22 64 26 47 1 17 53 3 32 42 57 27 49 20 18 41 69 82 28 16 84 79 72 21 52 85 77 35 66 60 15 8 46 56 5 71 58
    51 66 29 11 76 14 81 58 35 6 46 53 61 57 64 19 20 42 31 23 74 27 56 63 80 33 82 72 71 17 1 78 55 73 2 16 13 41 79 34 15 43 7 65 12 8 69 28 75 36 54 26 60 37 25 45 62 39 32 59 47 24 22 4 5 44 49 9 67 68 38 70 10 48 85 40 18 50 77 84 83 21 3 52 30
    6 83 72 32 74 28 8 17 41 71 13 82 77 57 31 19 23 42 29 1 75 34 79 30 40 62 58 24 12 4 27 38 63 44 22 76 33 65 53 39 16 10 20 54 56 85 64 51 25 46 15 18 67 69 50 7 66 48 9 80 37 21 11 68 55 61 35 60 73 52 70 5 78 59 45 49 26 81 84 2 47 43 36 3 14
    73 42 80 79 26 55 46 9 85 39 21 78 5 54 22 34 33 12 64 61 48 53 17 8 71 84 49 20 25 59 81 18 60 16 1 38 52 29 23 44 66 3 77 68 13 74 37 51 7 10 56 67 45 41 36 19 76 65 28 72 83 70 14 35 2 6 58 11 57 24 32 69 43 75 40 27 82 4 30 47 15 63 50 62 31
    55 85 73 82 3 76 60 26 18 28 15 41 10 12 17 81 61 36 78 58 56 51 37 8 4 84 62 54 16 45 53 52 46 69 72 65 2 77 23 67 75 50 48 34 14 32 27 35 9 31 22 21 63 29 40 80 24 74 20 47 71 83 1 66 5 42 57 11 68 25 7 13 38 64 44 19 33 59 30 79 70 6 43 49 39
    44 1 4 42 64 15 76 12 38 16 2 49 82 58 61 13 22 19 72 84 51 31 37 68 8 55 33 27 50 60 11 66 79 7 62 69 70 71 59 45 39 63 32 23 29 41 74 26 53 14 47 81 34 75 10 48 80 40 43 56 3 28 17 73 67 21 25 35 20 85 77 9 46 30 78 36 6 18 57 65 54 52 5 24 83
    17 66 12 16 18 39 60 3 19 55 20 32 81 75 1 56 11 68 4 76 69 31 33 74 71 50 78 10 37 48 67 64 80 72 25 6 28 30 79 9 83 36 63 58 54 70 5 61 15 24 62 14 35 53 2 26 49 44 23 45 57 59 42 13 52 51 77 47 43 73 8 27 22 40 34 65 7 38 21 84 46 29 41 82 85
    61 13 48 21 79 7 24 63 60 40 62 54 2 78 33 30 34 58 73 10 82 50 51 59 66 26 49 9 56 16 37 36 68 45 55 3 39 44 19 83 72 20 47 57 77 65 29 12 41 17 80 38 35 53 74 18 85 25 27 70 67 23 81 75 14 1 71 22 43 11 32 46 6 64 84 28 15 42 52 69 5 76 4 8 31
    51 52 33 65 85 6 31 35 64 63 15 24 50 82 42 46 45 83 47 80 13 66 76 60 11 25 19 30 43 71 39 81 74 54 23 37 58 49 53 7 12 3 20 62 36 29 34 4 38 75 22 44 69 48 28 40 32 26 14 5 72 84 18 77 78 1 61 56 2 27 10 9 59 67 55 70 41 57 17 16 79 73 68 8 21
    27 18 9 51 52 49 81 71 36 28 33 16 10 38 75 69 20 40 12 82 62 13 21 64 65 32 74 43 24 14 39 80 59 47 78 54 4 77 63 11 25 48 61 15 84 1 34 7 67 31 79 5 60 30 19 50 8 37 56 29 46 68 44 26 73 66 41 83 53 85 2 58 23 72 6 17 57 35 55 42 76 22 45 3 70
    69 49 2 32 26 61 53 43 31 35 34 56 7 21 58 38 27 80 5 16 12 14 22 51 64 63 52 36 13 42 78 46 73 55 28 23 30 47 84 62 85 77 82 45 8 11 68 50 67 81 29 70 66 15 74 10 6 1 44 33 39 3 79 18 54 59 48 9 76 57 41 20 72 83 65 19 75 4 37 60 24 17 25 71 40
    21 42 48 61 78 11 72 58 37 14 65 41 62 56 70 4 83 73 53 17 18 29 1 49 33 40 30 63 25 66 51 60 43 38 44 2 50 77 76 71 45 67 6 3 26 39 27 82 9 80 79 36 75 10 24 52 54 8 55 5 34 74 35 64 47 19 59 84 57 69 28 68 23 16 7 85 20 12 46 15 13 81 22 32 31
    19 30 72 48 37 38 77 83 75 84 51 27 17 63 79 71 64 35 36 57 62 14 40 26 21 41 65 52 9 80 54 23 39 61 58 43 59 16 12 8 69 34 46 28 5 66 6 85 50 67 45 73 32 11 55 13 15 2 60 25 10 7 29 1 33 24 82 4 56 20 3 22 47 53 44 78 81 70 42 74 18 49 68 76 31
    35 64 17 2 83 42 43 3 56 78 18 6 37 73 38 14 31 53 36 74 12 22 79 40 80 81 45 11 75 84 62 61 46 39 20 30 50 77 4 60 69 33 16 34 52 44 48 19 82 24 76 29 15 51 68 13 57 47 23 5 32 70 9 72 59 58 85 27 1 8 21 54 67 10 28 49 63 25 55 71 65 26 7 41 66
    80 79 2 43 70 85 15 9 14 55 73 64 77 49 75 19 12 78 23 29 52 59 76 17 44 40 50 82 36 34 53 24 8 21 63 33 67 58 27 81 28 30 54 32 48 6 74 72 84 20 18 71 61 41 47 65 38 51 5 25 37 13 16 35 31 56 45 42 60 26 4 46 66 11 1 22 39 69 3 83 68 7 62 10 57
    85 16 12 45 56 39 83 1 73 82 5 72 19 51 63 14 74 78 69 77 9 13 52 21 48 59 8 7 38 26 62 3 2 24 22 11 58 46 28 34 80 4 40 57 65 30 43 41 70 20 54 35 17 47 42 27 33 81 84 36 6 44 75 67 64 50 68 10 37 61 49 15 60 71 31 66 29 76 32 18 79 55 53 25 23
    50 52 23 57 19 25 10 2 62 16 48 77 65 39 4 40 30 7 84 76 69 85 18 12 59 17 36 24 55 73 28 58 8 42 75 3 1 56 82 67 79 53 46 14 68 29 9 11 41 15 38 74 63 13 22 37 31 54 32 83 45 61 60 49 35 78 71 5 26 21 6 43 47 81 70 33 44 64 27 72 20 51 80 66 34
    68 39 14 37 30 84 7 70 53 74 64 2 80 11 77 12 75 4 46 51 3 15 65 43 54 24 25 44 34 42 8 73 58 17 48 76 16 20 33 21 59 71 29 40 27 83 49 57 38 60 50 19 56 23 85 52 69 31 10 78 18 36 6 66 72 47 28 55 61 81 32 13 79 62 67 63 35 5 1 22 82 26 45 41 9
    24 28 84 73 70 41 60 4 82 51 80 75 53 59 9 40 10 12 14 63 77 21 56 25 71 35 47 8 74 36 45 50 3 76 31 17 1 38 61 37 7 57 62 18 44 15 13 78 34 29 42 22 64 20 58 27 54 49 81 2 66 85 72 43 65 6 23 83 55 67 39 30 79 68 69 48 46 32 52 19 33 11 5 16 26
    29 31 45 12 63 83 70 32 72 27 50 80 78 14 76 36 77 25 51 21 9 10 59 62 1 65 20 46 73 75 42 40 81 57 17 84 41 22 71 15 60 82 19 37 11 53 24 34 3 35 43 49 52 56 33 47 74 79 6 13 61 85 8 30 64 5 38 16 55 2 23 7 48 18 69 26 68 39 66 58 28 4 67 44 54
    19 23 46 38 70 18 25 78 34 66 12 5 17 61 8 44 7 50 59 65 84 83 80 21 82 9 14 4 26 60 24 29 55 31 56 41 42 13 75 49 85 68 64 32 43 36 69 51 67 74 30 33 35 79 15 45 53 16 20 11 47 73 27 6 58 28 57 40 63 10 52 54 71 48 72 37 81 62 76 3 1 22 39 2 77
    35 39 66 36 82 51 28 2 6 25 26 60 53 23 79 77 29 68 12 67 41 49 83 61 46 58 27 3 59 65 73 20 54 38 70 13 76 34 22 15 43 30 14 78 33 47 10 17 32 19 85 40 69 75 24 64 5 81 42 9 56 71 55 21 80 62 84 37 57 48 4 72 45 8 31 7 1 50 52 11 63 18 74 44 16
    12 6 2 39 62 61 81 14 27 42 72 31 57 1 8 53 23 43 16 33 22 15 65 13 75 50 25 76 20 38 30 7 49 5 77 85 83 60 52 82 21 35 48 11 63 45 66 74 70 71 34 37 59 78 80 18 24 67 19 9 68 29 58 64 46 79 36 40 51 41 3 56 28 44 26 32 54 4 10 55 84 47 69 17 73
    28 33 73 18 74 66 20 85 78 62 11 3 31 12 63 57 7 4 14 70 43 55 71 47 52 25 17 40 24 46 45 58 79 64 34 23 35 13 68 29 53 51 69 39 6 76 56 15 72 49 48 8 5 22 19 32 61 83 42 60 75 2 9 30 50 16 38 81 26 27 36 80 54 44 67 1 77 82 21 10 65 59 37 41 84
    63 56 54 33 51 44 15 7 75 21 31 1 35 55 9 16 23 74 3 22 62 58 46 30 24 42 18 70 34 12 29 48 76 59 72 77 73 8 27 39 26 13 37 78 19 79 10 11 71 57 45 83 53 52 36 25 80 84 85 38 68 2 69 65 6 32 14 43 47 40 41 61 81 17 50 64 4 82 67 5 60 28 49 20 66
    43 46 19 44 2 36 85 42 41 1 72 13 62 27 33 10 82 56 77 74 64 37 11 30 55 53 26 49 61 20 8 67 40 80 29 58 35 9 47 31 28 79 73 78 17 21 7 52 18 57 45 69 51 23 24 5 3 14 32 65 48 76 70 22 84 6 34 83 75 16 66 39 81 71 12 50 68 59 15 38 4 54 60 63 25
    50 46 13 39 76 79 64 69 68 66 6 85 17 4 10 60 8 22 63 26 70 82 57 59 15 30 7 37 23 71 12 3 33 9 14 73 56 84 80 18 54 40 81 72 25 51 62 29 47 78 41 83 31 16 74 28 1 43 49 24 38 45 19 32 52 2 58 44 75 48 34 11 42 27 36 53 77 20 61 65 21 55 67 35 5
    5 57 14 69 53 50 13 76 56 59 67 75 21 42 27 33 1 24 64 9 84 68 2 71 10 83 79 7 80 63 58 32 37 78 77 73 4 25 47 51 17 66 26 30 54 39 22 15 38 19 48 8 41 72 70 43 44 36 29 34 16 52 23 61 46 81 49 20 65 55 12 11 28 45 40 62 3 18 85 74 31 60 35 82 6

