86

    46 61 38 76 26 33 58 23 34 14 16 63 29 6 83 85 11 2 30 71 45 54 27 43 28 4 8 84 73 51 21 52 53 78 19 64 67 9 80 13 17 81 25 57 5 15 1 44 24 62 3 10 56 68 65 82 70 79 37 42 20 41 59 49 60 12 32 39 48 22 75 77 66 31 74 36 86 50 72 47 55 40 18 69 35 7
    33 54 55 85 68 62 43 51 56 32 3 63 46 26 53 23 4 75 42 18 86 44 11 12 50 57 73 82 49 34 67 37 19 47 15 52 80 69 83 21 20 24 14 7 8 17 81 2 6 70 64 9 72 22 45 5 59 77 35 78 27 71 28 84 66 58 79 13 76 29 1 36 39 16 61 74 30 65 38 48 40 60 31 25 41 10
    27 60 51 79 34 28 18 16 17 64 43 29 44 39 5 2 47 25 36 69 8 6 26 33 59 11 37 13 15 12 78 71 9 72 76 68 67 65 38 84 7 21 74 50 46 31 82 4 58 52 77 61 85 53 41 32 3 1 83 66 30 40 62 57 45 35 75 24 19 23 80 49 14 81 63 70 86 20 54 56 55 73 22 42 48 10
    49 38 1 40 28 60 48 35 9 54 18 5 26 45 69 10 86 8 7 76 79 44 3 71 41 36 83 34 2 42 51 50 22 52 6 32 47 55 25 30 82 27 63 13 15 20 37 53 84 16 80 31 66 23 70 57 62 33 29 85 11 75 17 46 4 72 68 65 74 78 58 67 64 19 77 61 81 24 73 12 14 39 59 56 43 21
    53 43 1 10 47 17 54 35 77 82 13 59 62 25 78 22 40 63 11 2 9 15 28 55 68 23 85 86 41 70 69 30 58 52 83 4 16 48 50 60 72 20 33 51 38 84 71 56 67 24 7 80 14 31 34 6 36 8 49 19 42 45 37 75 65 66 26 46 3 5 32 27 64 21 44 61 12 57 29 81 73 18 79 76 39 74
    76 70 84 25 37 78 28 83 62 71 30 55 35 15 3 39 58 64 67 18 63 24 54 14 65 23 19 51 52 13 33 12 17 29 41 46 4 50 48 72 53 6 20 11 44 2 43 77 81 60 80 49 8 74 1 21 82 36 86 85 56 7 27 9 45 79 75 34 42 32 22 10 73 5 59 40 57 31 26 69 61 47 66 38 68 16
    12 81 43 45 73 6 14 37 78 34 46 69 24 56 55 61 36 16 27 9 7 26 18 11 41 29 74 25 31 83 8 15 35 48 72 47 2 49 10 75 71 85 76 77 21 62 1 79 44 4 68 22 59 51 50 84 86 80 39 40 53 63 42 5 28 58 20 32 23 30 54 57 17 82 33 70 19 66 3 60 67 38 52 65 64 13
    16 20 57 14 74 43 53 85 47 19 64 12 50 26 79 66 51 60 56 42 21 67 8 38 40 30 23 22 52 78 63 27 70 62 84 5 24 7 37 32 83 6 11 39 46 68 18 72 33 44 73 36 31 55 59 15 45 61 1 71 48 4 34 81 10 58 2 69 77 82 25 80 35 54 3 17 29 13 76 49 65 9 41 75 86 28
    80 43 1 86 7 20 47 73 14 28 2 66 79 64 9 82 24 75 65 8 52 72 26 56 10 69 6 60 57 40 18 27 19 17 34 84 67 31 32 16 44 62 61 48 37 50 63 85 23 68 25 3 22 33 59 12 45 76 49 41 71 13 78 38 58 35 21 77 5 81 55 51 42 15 4 36 53 29 11 46 70 83 30 74 54 39
    63 36 13 82 69 46 41 19 4 26 48 84 55 30 2 9 77 59 33 52 14 61 1 62 34 18 28 47 56 42 74 44 76 68 38 7 78 12 80 75 17 15 65 83 22 53 5 79 23 50 54 16 72 70 6 49 58 39 32 81 27 3 25 10 85 73 40 29 31 37 51 86 8 67 24 66 21 57 20 71 45 60 64 43 11 35
    1 15 67 25 31 10 46 32 18 8 12 63 6 66 56 83 85 45 79 78 38 37 60 72 73 33 11 68 86 74 65 52 51 9 70 64 7 22 69 42 59 4 29 75 44 55 19 5 58 43 82 30 23 16 53 81 20 54 39 50 27 34 24 28 48 2 57 61 47 77 71 26 36 84 14 49 21 62 41 17 80 35 13 40 3 76
    40 16 61 13 74 63 24 9 43 15 59 36 58 2 76 81 79 8 23 3 14 60 26 84 73 29 62 41 46 82 71 77 1 27 75 5 25 70 34 22 80 78 54 44 39 31 4 56 35 21 45 49 85 12 32 47 28 7 18 20 19 42 55 17 65 50 83 11 37 38 67 69 64 57 68 53 30 48 86 33 72 6 66 52 10 51
    54 80 4 42 56 19 76 7 59 58 45 44 16 74 37 75 8 1 25 40 3 22 81 5 18 46 20 69 79 78 9 29 77 15 51 70 2 31 34 85 65 68 36 62 53 10 72 50 26 63 41 27 83 24 28 86 13 71 49 66 6 64 73 17 61 57 55 32 12 14 23 48 38 33 11 43 35 52 60 30 84 82 21 39 67 47
    17 35 65 28 39 44 29 47 4 38 63 8 3 84 57 52 13 55 77 78 20 79 73 71 7 34 83 62 53 81 46 21 80 40 14 69 15 31 43 11 68 82 1 45 18 27 16 32 85 24 30 37 2 67 25 61 10 58 72 5 51 41 49 12 23 22 75 56 59 74 64 76 26 6 19 48 36 66 70 33 42 50 86 60 9 54
    66 49 34 85 62 22 74 33 83 20 48 37 65 11 72 67 24 19 80 64 71 84 47 43 6 38 13 60 35 12 32 73 54 45 55 51 18 41 56 40 23 9 31 36 15 59 10 14 7 76 26 63 58 57 3 5 69 27 25 17 8 86 1 2 53 81 70 16 77 21 79 68 75 61 44 29 30 4 82 50 28 52 78 42 46 39
    41 76 65 46 60 40 9 47 51 26 33 21 67 31 29 48 49 66 45 2 43 50 23 42 34 84 27 80 17 53 58 4 68 5 83 3 6 56 71 8 54 70 25 14 15 10 37 36 79 1 64 86 59 73 7 12 63 55 81 16 52 13 24 62 72 77 75 11 44 57 22 61 38 30 85 69 19 18 74 28 20 39 82 35 78 32
    76 35 61 66 31 86 6 83 34 37 2 49 3 69 57 70 43 14 59 44 40 8 22 74 54 42 80 32 1 39 53 62 7 75 52 71 46 38 45 67 11 78 19 20 47 56 9 21 18 4 64 85 30 73 15 58 17 51 10 77 41 33 25 81 29 28 65 26 50 55 60 72 23 82 5 48 63 24 36 68 12 79 13 27 84 16
    24 5 46 44 76 21 50 34 6 77 62 79 78 70 61 64 16 58 68 52 1 12 54 53 83 9 18 22 19 47 17 3 35 38 29 81 30 37 42 74 43 32 73 4 63 20 55 84 25 2 33 8 7 39 59 71 10 82 15 27 49 56 36 60 66 13 48 69 26 85 86 80 40 45 75 51 72 28 41 57 14 31 67 11 23 65
    2 21 31 49 60 59 10 5 18 37 46 29 30 63 74 68 6 8 57 80 86 26 43 42 78 70 3 41 39 77 81 56 4 16 76 54 15 83 34 67 14 32 52 27 85 11 71 69 62 84 44 66 35 23 28 47 7 9 64 75 36 72 33 45 12 1 61 48 73 50 82 19 22 38 13 17 20 79 40 51 58 65 24 55 25 53
    16 37 62 43 34 51 84 59 81 20 30 11 8 69 71 42 63 21 83 79 75 73 66 5 67 24 47 15 76 85 4 27 55 86 23 9 35 40 19 2 49 48 25 46 57 28 32 29 33 41 44 22 7 10 18 6 65 58 36 14 61 31 72 78 82 54 52 74 60 45 80 68 3 1 39 77 50 13 12 64 53 70 38 26 17 56
    44 42 61 24 58 19 45 8 11 59 57 12 50 80 79 18 17 25 66 51 13 5 48 7 76 23 27 70 39 73 37 4 64 72 22 6 60 85 32 78 75 40 16 54 69 67 21 55 26 3 53 1 83 9 31 30 74 82 29 52 36 34 56 62 84 68 63 49 28 47 15 2 20 86 14 46 38 77 43 35 41 33 65 81 71 10
    40 54 70 67 13 64 63 6 22 9 34 83 23 58 60 76 12 16 10 17 39 65 62 52 14 72 48 79 57 59 73 32 61 81 2 36 26 74 50 82 41 28 8 77 4 51 31 55 15 68 38 80 56 1 86 30 37 85 66 7 35 20 42 19 27 5 29 69 11 46 33 24 53 44 3 43 25 21 71 45 75 49 18 47 78 84
    73 52 26 16 79 11 7 43 46 61 45 35 56 82 41 12 68 83 30 31 29 18 3 51 47 25 55 84 67 42 37 50 53 27 8 20 62 86 54 85 69 58 23 49 24 78 4 13 66 32 33 77 80 71 63 2 65 19 72 75 64 36 76 34 60 44 59 74 22 6 14 38 9 28 17 1 21 70 48 5 57 10 81 39 15 40
    52 76 18 40 37 57 46 64 39 24 29 79 53 69 36 9 65 43 21 66 47 45 74 32 86 17 15 42 41 4 12 55 77 28 54 85 51 50 61 58 2 11 63 20 81 34 48 49 25 22 10 60 83 59 44 71 26 80 33 82 75 70 19 84 62 72 13 30 14 56 16 67 31 5 68 73 1 35 8 6 38 78 27 3 23 7
    11 36 31 46 30 5 3 10 38 28 54 57 73 22 50 29 39 43 82 75 58 15 60 86 59 81 12 84 40 61 70 26 49 41 80 19 68 69 37 72 64 55 21 27 14 2 13 83 67 6 33 76 44 53 25 62 56 20 8 32 77 85 63 1 34 48 52 78 47 18 65 23 74 24 17 71 9 4 79 7 45 51 42 35 66 16
    31 46 45 30 80 22 7 67 58 36 25 19 33 15 21 61 3 56 51 82 74 69 39 20 54 28 32 71 26 1 43 70 18 64 85 24 35 27 16 17 44 37 49 8 5 75 55 57 14 63 83 62 86 76 12 77 79 42 50 2 29 53 81 48 72 59 52 68 73 6 78 34 11 4 23 10 41 65 60 66 40 84 38 47 13 9
    45 32 7 67 37 11 74 28 17 86 41 59 1 38 83 10 47 31 82 70 81 57 15 25 24 26 22 4 13 72 64 51 79 9 66 39 14 77 5 16 6 58 3 50 53 60 40 12 69 8 63 71 2 52 33 75 61 54 62 43 56 55 36 73 34 30 19 35 48 84 80 68 42 78 46 49 85 44 27 23 21 76 29 18 65 20
    34 17 63 62 44 8 68 75 59 72 21 38 61 14 9 47 28 66 20 2 33 11 64 13 16 86 58 85 31 41 55 39 82 80 53 79 54 29 65 25 67 74 69 26 73 49 19 6 36 3 5 22 60 15 27 48 52 71 70 42 12 37 77 81 83 76 45 46 18 35 32 50 7 56 4 78 10 1 84 51 43 24 23 30 40 57
    14 68 82 53 13 35 79 81 29 19 31 45 85 22 39 62 23 66 52 56 25 78 40 75 10 49 26 28 69 20 5 8 64 32 73 17 2 50 38 57 65 34 83 4 18 61 1 48 36 59 16 27 21 12 3 7 72 6 54 60 77 43 42 86 46 30 15 70 67 71 84 80 74 63 11 41 76 24 37 55 44 33 51 58 47 9
    54 55 15 18 57 62 68 9 53 21 52 45 41 27 16 29 17 78 11 56 84 77 76 48 8 66 38 67 30 82 58 85 26 24 40 25 75 5 20 23 1 14 36 13 28 39 51 74 50 12 70 47 37 35 64 46 2 43 7 65 61 4 81 33 86 19 59 71 79 63 3 10 80 34 44 73 72 69 60 32 31 6 83 22 49 42
    21 65 25 53 8 38 39 63 15 77 18 50 84 40 68 72 7 85 71 76 32 55 19 42 3 12 5 62 33 73 79 75 14 67 49 44 22 43 74 29 27 26 2 1 64 31 36 20 52 60 80 10 47 58 51 54 13 24 78 61 46 37 11 86 56 17 81 9 16 59 6 30 4 48 41 35 23 82 45 70 69 34 57 28 83 66
    58 46 19 22 16 26 63 13 83 45 62 11 55 38 32 5 54 33 9 14 12 73 35 77 25 4 42 68 85 28 61 47 86 20 30 80 57 3 76 6 75 84 65 71 79 17 43 36 7 23 50 81 67 70 40 74 31 59 34 41 44 24 2 48 10 27 82 39 53 72 78 52 37 60 8 1 51 21 29 69 15 49 18 64 66 56
    15 35 84 82 72 59 79 38 74 13 27 83 24 50 36 2 77 51 80 19 64 58 26 17 86 76 78 8 3 85 21 25 6 57 18 43 10 34 30 56 41 16 32 75 52 37 47 33 62 66 1 40 20 39 67 49 53 9 70 46 60 65 68 61 73 23 42 5 45 22 69 14 12 7 28 4 81 71 44 29 54 11 48 31 55 63
    44 85 34 23 60 46 73 37 59 70 5 26 71 17 62 61 14 9 58 77 84 11 54 45 21 12 56 32 28 4 16 33 36 29 55 20 65 48 10 25 41 47 66 86 51 13 63 50 39 57 52 24 6 27 69 18 68 19 53 76 78 43 7 35 30 49 75 67 2 80 15 3 83 72 79 31 64 81 40 74 42 82 38 22 1 8
    10 69 43 54 16 49 56 81 65 1 19 30 45 27 62 84 15 37 40 2 14 23 18 85 35 32 71 4 55 57 77 26 47 68 29 13 60 80 76 7 39 75 52 42 70 64 11 12 63 9 46 67 28 41 31 78 21 59 66 33 44 38 5 51 20 6 82 34 24 22 58 8 17 83 3 53 86 48 61 50 25 79 72 74 73 36
    5 29 50 8 36 46 75 59 54 69 57 14 9 32 83 33 56 48 45 51 61 78 74 1 70 82 18 10 60 40 58 72 68 13 25 77 43 21 81 35 55 63 47 52 2 26 76 28 44 80 37 31 11 65 39 19 20 64 34 79 42 15 71 3 17 27 30 66 23 38 12 85 84 22 73 67 6 4 86 53 49 7 62 24 16 41
    50 54 10 39 59 37 23 74 36 11 34 43 78 56 26 8 81 42 61 57 6 83 7 32 60 77 5 46 82 53 68 19 79 62 85 84 31 15 18 14 28 12 17 40 71 21 75 45 29 9 24 80 73 25 65 27 22 70 52 2 76 86 69 13 67 55 64 66 16 1 47 33 3 48 72 4 30 58 35 20 41 51 38 63 44 49
    68 42 46 49 6 26 16 1 29 9 20 52 66 78 3 69 41 25 67 54 8 19 17 86 76 18 77 59 32 57 83 15 28 73 47 62 33 13 4 22 7 10 14 79 61 21 30 45 5 23 24 72 27 38 84 51 40 55 37 82 71 58 65 75 74 53 11 63 81 44 35 60 12 31 39 36 48 2 70 85 34 50 80 64 43 56
    41 39 78 58 76 46 86 30 57 73 83 77 18 61 32 5 52 36 62 34 1 56 59 63 13 10 21 29 42 82 19 2 3 28 35 55 11 22 48 72 47 50 71 69 14 64 70 65 38 33 79 84 25 7 4 60 81 51 16 44 15 6 8 66 9 49 67 23 43 26 27 20 75 17 53 31 40 12 68 37 45 24 85 80 74 54
    57 81 5 38 80 23 53 33 26 50 1 46 61 58 62 85 45 48 55 35 16 32 30 60 14 42 37 39 65 84 8 69 71 41 54 86 52 36 34 19 72 56 67 24 29 28 44 64 83 76 22 49 79 17 82 7 4 78 74 63 9 31 10 18 59 21 20 13 6 51 47 15 43 3 77 12 70 25 75 68 2 27 11 73 40 66
    11 45 19 24 54 70 63 39 76 36 56 1 50 51 32 16 84 40 7 22 5 65 2 17 72 78 67 47 27 58 61 75 77 30 29 21 18 66 62 4 37 69 34 28 79 14 43 31 8 59 82 26 33 42 55 3 60 52 9 86 73 12 46 35 44 71 49 64 23 10 41 38 81 13 6 25 20 57 83 74 80 85 53 68 48 15
    2 58 61 5 78 9 56 14 1 11 55 85 73 10 84 60 47 34 27 38 67 70 41 83 49 24 44 29 62 19 37 15 33 42 26 36 28 17 68 12 52 31 86 54 57 80 48 25 63 3 16 74 65 7 35 8 30 46 39 77 53 40 59 64 18 76 66 13 43 82 21 79 20 71 6 45 81 69 75 50 23 4 51 72 22 32
    25 85 17 10 77 30 86 5 64 83 66 50 78 58 63 43 39 33 19 57 68 20 53 79 54 9 27 18 28 2 23 72 34 26 11 29 6 59 84 16 65 71 76 13 12 61 15 82 21 14 4 1 7 38 75 3 36 45 22 35 32 37 47 51 56 67 55 42 70 40 74 44 49 24 81 46 73 8 80 41 62 69 48 31 52 60
    45 28 42 63 67 81 17 62 20 85 11 16 3 56 52 18 10 74 38 55 41 49 59 15 27 43 4 64 47 53 44 19 13 54 83 6 21 66 84 35 30 29 61 57 70 71 34 1 46 58 50 37 25 32 5 69 9 78 2 12 14 76 60 33 8 72 39 79 51 40 80 86 36 31 77 26 82 23 48 73 22 68 75 7 24 65
    79 45 47 17 86 4 3 19 6 84 73 7 64 71 46 63 14 58 54 62 24 13 27 69 1 74 77 34 33 43 12 5 42 31 9 75 85 78 28 41 60 48 29 56 30 55 52 67 65 82 76 66 40 23 59 44 39 2 32 21 36 20 10 53 22 8 72 68 51 57 83 80 15 81 70 26 25 11 16 18 38 50 49 61 35 37
    51 27 82 74 48 63 40 58 78 5 30 14 76 13 46 57 69 34 25 64 67 70 86 33 6 35 23 59 8 42 10 4 66 50 11 26 41 38 62 12 72 21 24 54 18 9 36 73 47 31 19 71 52 7 32 17 65 29 28 37 61 81 53 22 1 80 39 55 15 77 3 75 49 20 68 84 45 56 85 44 83 2 16 79 43 60
    81 25 10 7 57 30 13 31 34 76 55 33 9 16 86 56 5 61 45 48 82 78 11 18 12 74 36 28 84 50 42 8 64 69 1 14 77 67 6 37 3 40 49 58 68 54 72 47 63 73 23 43 15 44 60 24 46 52 41 59 53 85 71 39 75 27 17 35 2 62 29 26 22 83 80 21 79 19 70 66 51 4 20 65 38 32
    75 37 9 63 43 65 56 27 25 82 79 31 57 68 29 2 61 17 12 69 60 78 40 66 8 33 45 32 44 72 24 70 22 55 21 26 71 11 14 36 18 39 5 86 74 67 81 41 30 46 15 59 4 83 34 35 48 73 85 54 13 19 10 23 47 1 49 20 38 7 3 62 58 50 6 53 28 16 84 76 64 51 42 52 80 77
    53 28 43 11 27 71 7 82 65 36 55 18 85 84 26 40 6 31 2 46 9 73 10 67 77 39 63 1 38 74 70 83 12 69 8 72 21 78 15 62 80 57 86 25 42 33 5 19 60 51 75 47 45 35 81 20 54 59 61 52 41 3 49 68 58 13 4 64 34 79 50 24 76 14 32 37 17 48 29 56 66 44 22 16 23 30
    84 72 85 10 15 43 52 5 32 49 50 83 19 44 67 36 8 48 31 14 17 71 33 86 4 81 23 53 39 80 66 25 58 2 76 16 60 18 22 41 82 37 79 62 12 73 34 69 55 51 54 63 9 61 35 57 1 26 13 46 6 64 70 28 77 29 30 47 40 75 7 24 3 78 11 59 38 20 74 42 21 45 68 56 65 27
    35 22 17 83 1 50 56 85 72 52 46 58 55 71 25 44 74 24 69 6 29 34 30 2 81 41 86 12 62 7 5 26 53 78 23 42 38 33 18 73 28 77 19 32 10 15 65 67 54 8 63 68 13 59 60 79 61 64 43 70 75 9 40 14 36 16 31 47 21 37 76 45 82 66 11 20 51 3 4 27 57 48 80 49 39 84
    40 15 6 24 65 76 1 72 64 73 70 50 47 86 26 63 28 55 38 80 8 18 11 31 68 14 83 46 66 44 67 58 12 33 32 23 7 4 21 45 78 30 59 54 36 19 81 35 71 34 79 9 75 20 3 2 5 51 56 16 61 43 85 62 29 48 39 69 27 82 42 22 60 52 17 74 37 13 84 10 77 25 57 49 53 41
    34 27 47 40 28 56 6 72 62 77 24 1 22 45 39 58 15 13 29 84 70 76 32 25 66 71 8 7 30 21 31 46 73 55 75 86 82 80 50 4 20 42 69 85 18 36 5 17 57 10 53 38 59 60 35 74 26 37 79 52 16 48 64 11 19 67 81 68 12 41 83 33 54 3 63 78 23 51 65 14 49 61 2 43 9 44
    53 13 33 86 62 10 84 19 27 69 76 35 68 32 85 29 1 51 47 58 60 25 39 12 45 24 21 70 81 2 5 66 11 28 78 75 63 31 61 18 54 55 9 6 22 83 30 56 4 3 38 37 49 74 67 42 23 48 82 41 72 46 50 40 43 52 15 73 71 36 44 34 65 57 77 17 59 26 8 16 80 14 7 79 64 20
    35 72 42 27 82 33 85 29 46 67 81 13 32 18 12 31 10 62 41 54 34 17 65 45 52 14 80 86 39 40 5 3 28 1 50 47 4 55 64 2 74 19 76 23 77 63 44 37 75 56 78 59 60 48 51 49 61 7 38 70 9 8 73 58 16 11 71 20 22 30 36 66 68 15 83 21 25 26 57 24 84 6 53 79 43 69
    13 68 76 43 38 34 49 14 59 47 83 55 54 67 7 22 73 25 80 85 42 2 8 48 53 17 23 44 24 5 1 6 57 86 66 30 79 28 27 52 26 4 32 81 74 15 82 18 3 16 35 60 46 29 84 31 45 12 41 11 37 50 65 64 62 77 51 75 40 71 78 72 70 58 9 10 19 20 63 61 33 36 21 56 39 69
    34 71 15 53 51 84 74 22 36 6 29 21 12 65 20 42 79 27 50 18 72 41 78 49 5 23 10 32 7 85 30 68 83 31 56 43 55 13 37 59 8 4 16 2 57 63 73 80 35 62 19 9 61 33 64 82 67 26 48 60 11 24 46 45 81 44 69 75 28 25 58 66 14 39 77 76 3 54 17 47 38 1 70 40 86 52
    74 58 66 62 60 64 5 71 54 13 59 77 3 38 29 52 7 2 4 75 14 53 86 47 80 34 56 25 12 65 51 78 76 17 39 10 37 6 82 67 28 21 36 18 49 44 68 40 85 57 33 45 35 50 9 83 30 61 73 23 42 31 16 72 79 55 8 46 15 81 19 22 63 1 70 43 11 84 20 32 41 24 26 27 48 69
    1 84 29 21 56 68 65 28 80 75 20 82 73 53 24 12 23 72 50 39 51 49 43 40 83 86 79 25 9 59 15 44 61 34 30 32 48 27 74 60 10 54 62 6 63 85 81 57 38 69 11 19 7 78 66 70 26 3 14 33 77 13 5 76 2 71 47 55 41 35 58 46 17 67 31 8 4 45 16 42 22 36 18 64 37 52
    16 14 19 41 77 46 4 78 54 20 21 25 86 23 30 48 2 76 70 51 17 22 80 64 66 26 44 34 5 11 32 13 27 36 58 28 79 9 24 84 56 49 52 65 3 75 67 71 7 40 53 45 12 60 85 74 63 6 50 10 47 31 61 59 37 43 82 33 38 35 69 15 72 18 57 8 73 68 55 81 42 83 1 39 62 29
    65 62 41 16 27 77 50 86 37 84 18 74 34 32 47 8 58 55 3 38 63 40 57 44 60 39 11 85 22 49 25 43 78 82 66 52 36 10 15 31 59 80 14 13 12 29 56 4 72 24 70 54 6 51 20 71 61 48 42 53 21 46 23 67 19 69 7 76 81 68 83 5 26 1 17 9 33 35 30 64 79 75 45 28 73 2
    80 52 44 25 49 34 77 73 28 75 63 70 65 7 5 57 60 43 6 14 76 24 38 69 17 62 53 11 48 42 86 64 26 61 27 41 33 67 51 39 79 16 46 36 50 1 30 23 66 72 40 3 13 81 85 83 8 9 37 2 15 10 35 20 56 54 58 29 68 84 74 78 82 4 45 18 47 12 32 21 19 22 59 71 31 55
    18 63 71 7 75 54 44 85 46 83 84 74 23 20 58 31 56 66 41 12 19 81 33 70 26 60 49 55 22 67 17 76 69 29 42 4 45 6 64 28 78 5 14 1 72 32 38 79 24 34 48 52 10 27 59 62 65 47 53 13 21 73 35 68 16 80 82 43 15 57 9 61 25 3 86 37 2 30 11 50 39 40 36 8 77 51
    76 19 14 58 66 24 21 81 29 17 26 79 6 57 45 10 85 5 86 78 37 40 61 7 11 13 46 42 48 39 80 63 70 18 67 71 84 55 4 50 64 49 38 62 73 12 69 27 2 15 83 9 47 52 43 60 54 77 51 34 41 28 1 31 23 82 59 53 25 16 74 65 72 36 30 33 22 20 75 8 44 56 35 68 32 3
    43 38 12 65 27 8 16 32 24 58 68 48 85 23 80 34 7 72 35 39 25 20 2 46 42 52 41 18 71 21 55 63 66 62 17 78 73 50 54 28 81 70 29 49 53 6 11 82 19 57 15 26 76 64 47 10 37 61 83 22 5 60 40 84 86 31 45 13 30 59 36 56 4 44 1 75 77 74 79 33 9 69 3 14 51 67
    63 66 16 77 53 68 71 35 82 18 5 78 30 55 2 6 84 42 39 29 57 22 86 33 41 3 14 20 37 34 11 58 48 83 10 52 75 1 19 8 36 59 7 74 26 61 38 45 80 21 28 25 4 40 70 73 76 81 67 13 51 72 65 62 32 79 17 24 15 23 9 50 27 43 47 60 56 69 31 12 44 85 64 46 54 49
    22 30 73 26 14 86 3 18 72 16 56 13 35 59 46 83 33 28 62 39 77 47 60 15 7 5 68 55 17 34 42 41 54 20 29 82 64 40 10 52 25 69 50 70 12 74 63 61 79 43 36 67 81 48 23 57 1 75 49 71 66 45 11 19 37 24 4 9 6 84 58 38 8 85 32 27 80 65 44 53 31 51 76 21 2 78
    44 51 62 73 82 13 68 86 65 23 27 58 32 71 66 18 49 20 12 64 53 80 21 6 33 45 42 48 79 28 83 77 36 75 31 14 54 38 39 22 5 17 63 30 46 7 1 4 50 25 59 74 15 40 2 60 37 81 41 34 56 19 16 70 55 61 76 26 67 69 11 72 78 29 85 3 10 43 24 52 35 47 57 9 84 8
    64 50 86 9 24 60 35 7 14 69 5 30 45 82 56 48 1 63 73 26 13 44 11 37 27 79 80 49 12 70 41 74 19 2 71 28 6 25 10 21 54 46 32 47 55 8 39 33 57 66 43 42 31 16 77 38 22 65 34 85 18 20 53 36 61 67 75 72 76 83 3 4 15 23 84 51 62 29 81 40 52 78 68 17 59 58
    40 38 20 57 25 30 6 59 24 28 50 19 66 78 21 60 5 15 41 62 55 13 39 18 10 70 14 29 44 71 76 61 35 22 64 53 54 81 48 7 12 26 75 37 69 63 8 1 47 68 67 4 16 9 58 52 33 80 77 45 43 17 34 31 85 86 3 49 32 84 82 36 27 72 46 2 83 51 65 56 74 79 11 73 23 42
    53 32 80 14 58 50 66 27 7 56 55 69 61 2 39 63 12 15 35 33 34 75 83 79 23 73 36 72 71 26 37 5 86 43 46 68 45 11 77 60 82 78 3 24 29 49 84 8 74 18 54 28 31 62 17 22 57 6 70 13 19 40 59 21 48 20 44 81 51 52 38 41 64 1 65 16 10 67 42 47 9 85 76 30 25 4
    36 4 41 10 45 75 79 86 53 54 5 69 59 49 72 32 38 78 23 48 74 33 35 19 28 30 27 15 1 22 17 8 13 60 76 66 52 39 77 47 25 67 42 3 21 20 80 14 26 18 46 62 73 37 40 24 12 70 34 65 31 11 84 43 51 9 56 55 50 29 57 63 16 7 64 83 85 68 44 6 82 81 71 58 2 61
    85 68 83 1 23 32 40 38 19 37 75 80 5 14 16 26 44 51 59 54 72 36 63 64 22 24 12 34 53 69 3 20 18 6 84 74 71 57 15 86 77 55 29 42 31 10 52 82 50 9 45 48 33 81 78 35 30 58 66 4 43 73 60 47 46 11 17 2 79 41 70 28 21 39 49 25 27 7 61 76 8 56 13 65 67 62
    85 59 51 58 16 71 6 39 83 17 5 9 69 86 44 78 2 23 24 37 82 10 41 64 36 66 7 48 42 32 12 15 50 60 70 76 20 31 67 26 65 21 11 22 57 14 61 29 53 75 3 28 18 62 35 33 25 27 1 30 19 47 8 4 45 54 63 68 79 40 13 52 49 74 38 80 84 46 55 73 81 72 34 77 43 56
    73 28 35 12 72 67 86 39 32 27 19 34 17 54 8 77 37 16 21 50 84 58 14 43 40 66 62 26 46 42 75 9 33 15 78 82 36 68 60 30 59 47 49 11 53 1 10 5 24 3 38 31 2 74 25 79 57 69 83 23 52 20 18 65 13 45 71 22 85 48 80 61 29 56 64 44 6 70 81 76 63 7 4 41 51 55
    70 18 73 37 45 62 4 56 69 61 82 25 42 30 40 77 14 60 48 32 21 28 26 41 27 36 86 20 31 83 58 24 3 68 67 81 54 72 65 52 5 79 57 84 76 6 22 43 13 47 7 33 11 66 29 75 23 8 64 85 15 46 17 50 9 12 2 49 80 16 51 35 63 19 55 59 78 39 34 44 38 71 74 1 53 10
    50 33 26 39 10 73 25 18 54 40 5 64 31 59 63 83 35 6 15 62 41 77 27 55 2 4 42 9 61 84 23 69 24 46 47 86 29 70 51 48 44 37 79 65 3 82 11 30 49 34 14 16 13 20 21 45 81 57 85 75 71 38 56 22 60 67 52 80 66 78 72 36 74 32 43 68 8 28 76 1 58 12 17 19 7 53
    20 27 79 10 31 65 81 85 11 53 80 51 13 19 68 71 44 17 69 48 3 55 77 37 63 7 33 67 46 34 29 2 62 32 84 66 43 30 86 39 45 1 50 82 38 59 6 56 4 76 16 9 54 14 24 72 61 22 15 25 5 35 41 57 18 12 21 70 47 42 58 83 26 64 23 28 8 78 73 49 40 75 36 52 60 74
    75 64 19 7 25 35 54 2 65 62 74 11 70 56 78 15 86 84 47 28 45 29 18 57 42 72 14 82 60 24 37 30 55 4 43 81 9 71 10 51 32 49 33 40 12 36 8 6 3 34 69 1 16 27 5 77 41 66 53 63 67 79 48 59 17 20 13 22 85 39 26 50 23 68 76 31 52 73 46 83 61 58 38 44 21 80
    5 83 34 58 27 19 36 28 74 30 21 38 35 47 77 1 57 66 25 65 31 80 24 3 49 44 52 18 13 39 4 69 62 43 12 6 70 23 53 72 56 68 50 41 26 60 29 79 61 22 10 8 54 76 55 73 2 81 37 11 48 33 46 82 71 42 32 64 85 14 59 67 20 84 40 78 17 51 75 9 16 45 7 15 86 63
    12 71 69 28 26 25 40 10 85 57 6 41 31 74 80 13 51 34 16 38 33 22 3 39 47 8 82 37 43 56 84 76 11 63 19 72 62 23 27 30 20 45 24 81 7 79 35 67 14 4 65 21 42 75 68 60 78 66 48 49 29 73 59 5 15 46 61 64 18 86 50 36 17 1 54 9 55 32 83 2 44 52 58 77 53 70
    44 76 35 32 71 77 72 62 61 25 38 22 36 26 47 2 51 57 79 30 31 39 33 52 18 16 68 69 43 73 78 50 54 82 46 1 66 58 10 74 21 11 86 63 34 12 45 70 64 53 75 13 28 56 49 24 5 55 59 81 20 37 67 42 9 41 4 6 83 60 80 14 65 48 19 40 15 29 17 7 23 8 27 85 84 3
    43 68 39 41 28 5 8 69 4 71 82 83 38 81 40 63 46 9 34 72 61 42 57 36 33 52 51 84 37 14 58 10 23 3 47 59 79 50 11 44 66 74 26 80 85 48 35 60 20 2 21 27 12 17 16 1 30 77 22 7 76 70 32 45 15 25 13 55 24 67 54 19 56 64 18 31 65 62 49 73 75 53 6 78 29 86
    3 54 44 22 60 36 85 7 81 35 67 45 74 80 41 69 9 8 38 12 29 46 39 1 14 48 82 40 6 24 57 65 66 77 55 30 56 5 18 19 51 71 37 78 31 25 28 79 21 16 62 83 73 53 17 42 84 13 32 33 47 70 63 75 59 76 27 72 86 15 4 26 10 2 23 64 58 68 11 34 20 50 43 61 52 49
    56 12 79 59 76 65 58 62 74 45 57 32 82 24 44 19 29 6 47 55 54 41 9 20 84 22 72 71 40 42 5 60 2 11 81 64 70 66 77 28 13 83 31 1 23 30 49 68 36 73 8 63 53 4 67 7 43 52 26 18 78 16 39 85 35 34 51 50 37 48 33 25 15 38 10 69 27 14 21 3 61 86 17 80 75 46
    85 17 18 13 71 67 1 29 56 24 49 55 60 3 52 14 76 59 25 40 19 33 74 6 4 37 43 23 28 62 12 5 86 22 77 26 61 57 15 48 83 21 66 82 31 38 27 79 9 46 7 64 2 65 42 45 11 84 16 75 68 78 34 8 32 72 35 47 41 63 50 81 51 10 30 80 36 39 20 58 70 73 54 69 44 53
    12 58 19 35 83 72 24 64 22 23 82 81 57 15 40 69 36 46 74 51 5 21 34 41 37 14 8 70 68 17 67 71 45 16 75 62 32 60 18 52 66 43 53 4 55 78 77 33 29 30 44 6 85 65 7 9 63 31 25 28 11 10 56 26 54 2 73 39 61 59 3 20 13 84 38 47 1 80 48 27 42 50 86 79 76 49
    3 43 82 76 28 23 51 14 37 42 30 81 54 55 77 52 27 24 86 46 67 56 59 34 1 9 45 74 12 20 78 19 15 60 35 61 41 22 75 53 63 21 47 5 8 68 32 50 13 26 29 16 70 39 73 6 71 38 85 11 7 69 40 65 58 49 33 62 31 44 36 84 10 17 79 64 2 48 4 57 66 80 83 18 25 72
    33 34 36 13 44 9 19 37 55 20 54 68 56 30 81 49 42 64 10 18 5 45 63 21 78 3 1 32 84 76 15 25 74 70 43 73 48 66 79 8 24 12 61 58 2 27 47 59 31 82 85 71 23 46 4 72 7 53 39 11 65 83 35 80 29 6 52 26 40 41 77 22 60 38 69 17 67 50 86 62 28 51 75 57 16 14
    64 16 82 27 79 66 54 68 50 20 58 11 59 60 4 28 45 76 55 71 36 8 86 6 56 69 72 53 77 13 15 81 18 51 26 63 65 85 21 39 78 48 83 42 29 75 57 25 52 32 14 10 12 46 5 30 23 80 47 24 2 61 1 37 43 41 33 67 44 31 49 7 19 40 9 38 35 62 3 70 84 73 17 34 74 22
    68 26 12 56 58 37 23 7 86 71 61 74 81 32 73 72 51 83 44 82 40 27 33 24 66 39 14 18 6 45 84 8 4 41 80 30 20 63 10 76 29 65 48 49 75 21 59 46 2 54 69 22 36 16 43 25 53 70 15 60 47 19 67 38 77 31 3 42 9 78 85 52 28 5 11 64 17 57 1 35 62 55 34 79 13 50
    6 51 22 52 58 18 83 79 39 24 82 29 46 15 19 66 80 55 8 57 72 10 32 78 41 49 38 84 60 4 86 68 12 33 71 1 28 40 53 62 3 30 36 67 17 23 44 9 56 43 76 47 77 27 65 69 64 2 50 20 63 7 21 73 45 25 31 70 16 14 85 61 59 35 48 75 81 13 37 26 11 5 42 54 34 74
    63 26 1 76 37 42 59 82 80 10 29 50 18 21 67 22 72 55 79 23 31 47 8 73 46 16 17 34 54 35 56 62 83 7 64 28 36 51 2 27 33 13 40 75 70 60 39 24 58 81 25 14 61 48 6 45 71 86 52 44 4 69 84 32 65 19 3 57 68 41 11 74 5 20 15 30 43 78 77 53 85 9 49 12 66 38
    23 86 28 11 22 21 12 29 33 5 76 53 19 46 83 9 57 13 34 38 51 42 70 10 25 8 30 64 45 37 81 1 58 73 74 69 72 26 20 47 84 31 67 18 66 44 43 68 65 27 49 35 15 48 85 39 16 2 6 62 54 75 79 41 63 24 3 61 4 55 80 59 50 40 32 77 71 52 36 17 82 14 78 60 7 56
    2 9 35 39 11 15 53 37 51 30 5 66 38 46 20 68 16 84 32 61 4 77 49 67 33 13 12 1 75 7 28 45 10 86 21 85 29 17 14 73 26 79 27 55 74 23 72 78 71 19 64 63 22 83 24 41 36 62 44 81 43 57 60 8 3 42 76 34 59 40 52 58 50 31 48 69 47 70 82 18 6 80 56 65 54 25
    25 56 82 67 76 45 52 41 51 36 61 19 68 11 66 81 13 30 85 35 27 8 23 64 58 7 46 80 65 16 40 6 12 29 70 84 9 69 77 3 60 86 54 71 63 24 44 72 47 38 33 26 14 83 62 17 74 43 42 28 78 57 75 31 73 32 49 39 15 37 50 55 5 1 79 21 53 20 2 4 34 18 22 59 10 48
    11 85 81 28 42 9 23 21 49 46 69 43 31 65 16 7 66 76 83 50 3 58 35 30 62 60 57 56 64 44 36 82 84 14 15 39 1 17 68 63 4 6 32 80 55 13 20 25 67 2 18 27 24 26 70 38 59 47 74 75 73 61 78 41 79 40 12 51 48 29 33 72 71 53 5 52 54 86 19 8 45 37 10 34 22 77
    14 2 76 1 55 41 80 82 35 39 13 53 47 72 71 27 78 28 45 18 56 86 60 61 49 6 81 73 84 17 23 44 79 40 22 68 20 37 29 83 70 67 85 31 3 63 77 69 4 19 51 42 30 36 16 46 62 54 59 11 24 43 26 10 5 33 9 15 34 25 58 21 7 75 66 38 8 50 65 64 52 74 32 12 48 57
    79 59 25 74 86 16 17 24 14 23 9 63 22 38 37 76 69 56 2 48 15 55 46 67 54 64 29 41 10 28 47 49 72 43 12 36 50 83 78 27 21 77 66 58 11 6 51 3 42 68 34 53 18 71 57 44 1 35 61 84 70 60 20 82 33 39 31 5 4 62 8 13 40 26 81 7 85 52 32 30 73 19 80 75 45 65
    2 76 57 35 13 45 78 6 42 21 38 73 74 85 20 63 9 1 77 22 72 12 70 29 5 79 31 65 58 71 27 56 7 83 69 46 10 50 11 43 23 16 80 81 26 15 61 86 32 41 37 51 47 34 4 30 48 25 17 8 36 40 66 67 33 28 82 60 53 14 75 49 84 62 24 18 68 19 52 3 39 59 64 54 55 44

