87

    9 11 80 56 62 8 49 30 37 43 71 6 81 27 83 21 1 4 34 35 74 7 18 13 60 42 10 38 40 48 87 86 50 72 76 15 53 26 82 24 39 79 57 33 52 78 14 75 3 29 58 70 73 31 44 5 84 23 20 54 63 12 16 17 36 55 25 59 19 61 2 51 28 22 68 65 41 47 46 45 66 77 64 32 67 69 85
    13 25 46 57 70 32 6 49 36 38 61 33 30 9 83 19 73 67 27 72 20 44 34 48 71 81 21 26 4 8 69 45 68 43 58 86 62 35 41 84 18 87 65 40 56 76 15 3 82 16 10 74 50 7 53 31 28 5 85 64 1 29 14 80 63 23 60 42 39 78 66 51 12 47 11 55 79 75 77 54 59 22 52 17 24 37 2
    78 50 87 25 43 13 14 5 70 36 3 68 72 32 51 48 84 82 81 67 24 26 19 20 45 85 18 59 52 61 15 2 21 9 33 62 58 60 83 39 80 12 44 63 86 76 16 66 10 65 73 31 7 64 54 1 17 29 38 6 23 28 55 27 30 22 41 11 47 4 56 79 53 71 42 46 69 57 37 74 49 8 34 35 75 77 40
    53 12 8 10 29 24 54 14 6 48 81 38 62 61 5 13 85 64 52 21 50 67 23 69 71 68 70 25 28 32 79 45 87 65 58 31 55 2 44 86 40 42 75 7 30 20 72 59 27 17 1 33 77 47 34 51 4 26 9 83 37 73 22 84 63 19 76 80 46 74 57 78 66 49 60 15 43 18 3 56 11 41 16 35 36 82 39
    71 4 13 85 54 58 15 78 74 46 70 87 3 43 73 33 49 23 44 24 61 35 83 8 7 82 57 62 31 55 77 60 50 84 67 76 80 68 59 1 9 42 65 28 2 52 20 21 66 25 17 34 47 19 22 53 56 69 38 37 27 72 30 41 75 14 16 63 6 12 10 5 86 11 18 48 51 40 26 45 39 64 81 79 32 36 29
    18 39 73 45 15 1 30 38 78 65 67 79 24 43 35 76 4 84 19 8 32 54 7 37 72 10 85 64 51 20 40 9 22 2 44 50 68 86 36 31 83 17 74 81 87 80 26 47 61 62 28 27 57 29 56 3 55 25 69 49 63 42 70 46 13 60 52 66 23 11 14 21 59 77 48 82 12 16 41 34 53 71 33 58 5 6 75
    2 52 53 59 43 64 56 41 14 69 82 16 15 84 5 8 77 36 70 6 72 42 81 85 13 48 3 40 33 76 58 86 75 10 39 35 37 71 38 23 73 63 18 7 79 25 68 45 1 60 11 30 47 80 17 20 44 61 46 87 54 4 62 27 67 19 9 50 66 31 55 51 29 83 57 21 12 34 26 32 65 28 49 24 74 78 22
    83 55 25 84 36 6 58 42 29 80 46 8 22 35 57 81 75 5 10 39 23 31 67 60 72 51 37 3 50 16 38 14 76 73 82 30 53 18 56 7 70 26 77 2 43 59 27 63 28 20 65 71 11 74 45 69 62 86 34 79 85 52 44 13 54 9 21 48 1 4 40 32 78 24 33 47 49 17 64 15 12 87 61 19 68 41 66
    45 35 24 53 54 16 42 36 44 58 86 73 15 81 79 57 47 26 50 38 25 49 21 12 52 18 33 69 83 74 85 23 28 55 51 29 30 10 48 56 41 75 82 84 4 31 13 70 71 19 43 5 61 3 63 59 27 76 2 20 60 9 37 6 17 46 62 67 14 77 78 1 68 22 7 39 32 80 65 66 34 40 72 87 64 11 8
    8 69 6 10 31 77 71 13 47 54 48 61 33 45 55 84 21 34 82 25 23 65 46 9 35 14 36 68 50 80 58 2 85 60 17 83 18 7 70 73 29 66 41 53 22 40 1 78 59 74 42 72 39 3 64 19 38 87 37 12 30 5 57 86 43 15 62 75 20 52 76 81 26 44 28 79 27 11 4 51 67 24 16 32 49 63 56
    50 10 3 83 44 47 71 59 36 49 56 30 42 52 57 76 28 54 43 69 78 29 79 84 61 15 38 46 68 6 16 23 22 77 64 62 51 86 81 65 60 41 82 32 14 9 31 11 12 27 25 39 8 55 63 72 7 4 20 2 19 33 67 5 34 53 24 70 17 40 80 21 74 73 35 26 1 87 85 75 18 13 58 45 48 37 66
    10 34 41 86 40 43 47 30 36 42 57 70 9 3 50 87 71 74 44 79 63 52 64 25 49 51 82 33 13 7 81 38 83 78 58 35 46 21 20 12 53 27 62 4 19 84 60 54 17 31 48 37 56 66 72 5 6 32 1 24 11 59 23 61 76 67 2 15 77 85 16 73 55 26 14 18 80 8 69 39 29 28 65 22 68 75 45
    56 83 51 29 69 58 48 15 46 2 80 7 73 23 86 11 39 40 5 41 14 13 16 68 36 50 57 35 18 47 64 3 72 60 85 6 26 25 9 78 53 1 54 63 38 43 28 34 44 71 30 24 77 8 17 62 42 32 45 33 66 55 21 82 31 84 87 20 22 37 76 75 65 19 70 59 79 61 67 27 49 81 4 12 10 52 74
    15 85 68 48 32 73 37 3 51 54 69 20 29 65 86 62 39 84 72 16 53 42 38 64 55 28 79 25 22 63 80 18 17 10 11 1 76 24 23 61 57 4 6 58 14 50 66 35 87 71 40 7 82 46 49 83 13 12 43 27 52 9 26 77 75 8 34 33 59 2 45 78 36 56 30 60 44 19 74 21 47 5 31 41 67 81 70
    61 85 18 1 5 78 23 53 35 34 16 80 48 86 71 56 39 37 83 12 74 64 9 52 46 4 59 38 27 20 10 28 60 66 63 72 87 79 21 32 31 24 22 54 76 82 40 84 11 13 68 69 81 45 42 43 75 30 73 36 33 44 65 26 51 47 2 3 6 50 58 19 77 7 62 25 8 55 57 70 17 49 29 41 14 15 67
    29 87 70 42 85 44 52 11 86 30 84 66 59 25 51 53 17 75 49 64 2 3 37 47 81 80 24 62 63 61 21 55 74 28 76 65 33 46 40 67 57 56 22 12 48 26 14 23 18 36 54 50 78 82 83 9 34 45 77 15 19 13 7 79 16 6 5 31 43 73 35 8 58 4 71 20 38 72 10 41 32 1 68 60 27 39 69
    86 76 42 28 24 68 34 79 59 25 54 85 4 45 46 61 26 18 62 32 17 80 52 57 2 67 8 55 6 75 48 64 63 41 56 15 47 20 36 7 11 35 60 14 82 50 31 58 27 3 1 78 37 13 77 65 44 29 16 49 23 5 22 10 73 30 53 39 33 40 83 38 81 74 43 71 87 21 51 84 69 12 70 9 66 19 72
    50 66 11 57 13 44 34 25 47 83 24 69 30 22 14 63 51 60 29 64 18 85 5 49 2 77 67 7 48 74 61 37 28 41 9 56 4 72 53 32 36 40 8 15 62 19 6 21 68 16 59 3 27 79 10 54 23 71 86 39 46 38 35 76 55 65 12 31 42 26 70 80 75 73 87 58 1 20 84 33 52 78 82 17 45 43 81
    64 43 11 7 29 62 27 56 40 75 17 1 60 2 51 14 23 15 59 33 81 24 8 18 50 61 73 10 25 46 22 30 39 4 9 48 35 82 36 44 38 21 5 76 49 63 12 85 79 69 45 68 67 72 84 42 6 57 28 87 77 80 74 3 52 65 58 53 83 54 26 41 55 19 34 66 32 13 70 71 20 47 78 31 37 16 86
    47 45 22 28 54 80 73 19 15 17 32 18 25 68 23 62 56 74 46 39 2 13 44 6 50 33 31 43 49 4 11 41 42 84 86 38 10 72 60 76 14 8 66 34 71 78 59 16 65 52 69 7 40 61 51 55 70 75 87 83 37 53 5 12 64 3 81 29 9 48 21 82 79 1 77 67 35 58 27 26 30 36 85 24 57 20 63
    85 14 32 61 45 47 20 1 72 38 66 15 11 36 56 48 78 35 18 86 84 74 50 6 82 69 31 51 42 49 62 68 30 80 39 65 33 73 58 41 54 12 53 17 76 34 67 77 2 5 52 70 37 10 3 44 23 60 43 28 8 22 26 16 4 64 19 21 57 25 9 40 24 59 81 55 87 7 75 27 29 63 13 46 79 83 71
    76 28 33 30 11 4 13 40 79 49 68 35 31 48 52 39 62 56 37 84 2 83 45 14 17 51 36 20 38 41 15 6 34 59 82 18 27 32 43 69 3 5 73 29 57 26 54 66 71 21 47 64 61 53 22 55 77 50 81 25 46 80 8 78 12 7 23 24 10 74 9 58 19 87 86 70 44 65 16 1 63 67 42 75 72 85 60
    50 83 5 17 30 7 65 35 31 12 1 43 11 70 13 67 20 29 62 28 68 66 19 24 85 23 38 55 79 16 76 64 8 86 10 84 44 71 21 81 6 37 26 59 48 41 33 14 78 87 18 80 36 42 77 69 63 58 25 32 27 45 3 4 82 46 39 75 54 49 52 9 22 73 61 15 47 60 34 57 56 74 40 2 72 53 51
    37 36 85 40 62 13 20 21 19 55 65 79 54 44 23 14 25 76 46 18 60 24 67 47 56 66 22 38 71 4 28 48 59 2 29 57 68 43 42 12 6 26 74 61 69 7 45 58 32 75 15 64 49 87 84 86 83 80 50 53 27 63 30 5 17 73 1 39 3 31 52 8 81 16 33 78 9 77 10 34 35 11 82 72 41 51 70
    52 73 3 45 72 76 86 82 34 35 81 70 19 26 14 13 39 17 55 47 29 5 38 18 24 87 71 61 75 32 51 10 44 1 43 85 68 46 77 41 65 9 57 78 40 27 59 50 67 30 25 62 15 11 20 42 28 58 49 16 4 53 48 7 66 54 69 79 2 21 56 84 36 60 31 8 6 83 64 63 74 12 23 33 37 22 80
    18 29 23 21 71 20 15 76 84 34 39 87 75 79 74 82 28 63 4 11 70 59 38 33 85 83 32 46 58 44 40 67 56 43 16 81 31 64 42 62 49 17 77 22 48 27 7 57 35 69 19 13 80 45 73 5 51 55 41 72 10 12 30 50 3 6 1 68 2 25 24 26 78 86 37 8 65 14 9 47 60 54 61 66 53 52 36
    75 2 74 51 65 70 22 24 20 42 71 64 26 73 87 38 36 40 32 56 41 77 84 47 37 85 50 55 69 27 67 53 10 82 43 28 63 62 72 16 7 13 39 52 81 68 80 29 60 61 15 33 58 5 83 35 17 45 30 11 18 49 46 6 57 48 25 12 9 78 54 31 21 34 66 76 19 8 14 3 86 59 1 23 79 4 44
    59 53 54 76 48 87 47 60 13 50 31 65 4 26 49 56 74 33 7 22 20 34 8 46 81 67 15 27 40 39 73 19 55 1 86 32 70 75 37 77 57 14 42 58 69 79 71 83 82 18 51 23 9 35 43 12 61 44 64 17 36 11 63 45 84 68 29 80 25 3 41 21 5 28 85 2 16 62 30 6 66 38 78 72 10 52 24
    60 17 42 66 64 80 58 41 54 46 37 62 3 75 19 63 51 74 70 11 71 25 78 49 43 10 35 56 50 30 48 6 8 79 31 16 83 29 69 15 32 82 4 73 53 2 57 20 45 5 72 47 27 33 67 9 68 38 22 23 36 76 87 61 21 81 65 7 13 84 40 1 28 24 77 55 14 26 86 59 85 12 44 39 18 34 52
    70 27 58 49 23 33 71 10 60 44 81 46 22 42 86 57 78 79 19 18 6 76 15 63 83 40 14 38 25 34 7 8 17 69 2 82 80 3 73 12 4 21 13 5 28 39 37 47 1 43 31 72 51 30 54 66 56 36 53 87 29 48 16 74 9 84 24 55 45 64 59 20 11 68 32 61 77 41 52 50 62 85 26 75 35 67 65
    86 22 7 36 34 64 63 35 43 62 25 72 40 47 24 16 83 87 14 37 51 38 32 15 85 23 71 26 69 79 54 67 58 19 4 57 21 28 53 12 68 82 44 3 70 30 13 1 10 49 50 6 52 8 42 18 55 45 61 48 81 11 60 29 41 27 2 75 84 56 46 77 59 31 39 65 73 78 17 74 76 5 66 33 20 9 80
    24 74 56 87 40 60 38 86 25 69 66 85 48 63 81 52 4 73 76 15 14 13 47 3 12 10 67 53 6 83 79 28 11 65 64 31 57 71 18 27 16 50 75 7 72 22 9 68 61 17 51 36 37 45 80 49 78 5 41 84 82 39 34 70 43 59 23 54 8 26 58 20 29 44 46 77 21 62 33 35 30 2 32 42 55 19 1
    22 29 51 66 18 54 73 16 81 75 46 41 72 76 53 68 58 31 30 62 3 71 45 65 33 19 9 60 57 70 34 86 87 59 82 56 26 55 5 17 48 11 43 25 36 52 61 7 50 83 84 42 63 78 24 6 79 32 4 80 28 21 49 2 64 23 85 69 39 15 47 20 1 38 12 35 13 40 8 14 44 77 37 74 67 27 10
    7 35 49 36 9 57 42 54 60 85 40 34 46 66 3 73 13 22 87 72 80 77 17 11 55 61 82 65 37 27 5 51 16 70 8 78 14 53 12 45 32 6 75 84 50 69 48 24 52 10 64 31 28 2 79 15 62 25 4 71 18 76 63 56 1 23 33 19 38 39 81 21 58 29 86 30 41 59 68 47 74 67 83 43 26 44 20
    3 43 63 25 61 59 62 42 83 56 5 74 37 71 35 57 2 32 36 48 13 44 29 21 41 86 34 17 54 84 53 76 60 40 22 75 58 16 46 78 28 9 4 64 51 33 11 24 14 27 70 19 50 52 82 8 55 65 72 26 85 47 38 39 10 7 1 45 80 79 69 20 15 81 30 66 77 87 73 67 12 31 68 49 18 23 6
    76 83 71 41 11 36 54 59 1 9 72 42 7 86 34 80 39 52 55 75 87 40 47 74 6 31 65 46 13 81 5 70 43 20 67 73 21 18 44 79 64 68 62 32 29 8 22 45 2 33 37 4 78 15 10 63 12 3 16 66 85 25 61 84 19 53 49 56 69 48 17 58 38 57 14 82 60 51 26 28 35 30 23 27 77 50 24
    73 16 71 72 33 5 75 64 19 87 68 30 46 86 81 44 43 15 21 8 61 53 70 51 20 12 37 34 7 52 41 50 54 82 14 63 42 45 13 24 83 84 10 47 60 48 29 18 39 56 58 55 31 28 40 11 22 35 57 67 3 17 77 85 80 74 38 1 36 4 23 78 76 62 26 66 2 59 65 32 27 79 6 49 25 9 69
    33 8 35 29 1 13 48 45 2 20 37 80 73 82 69 27 60 81 21 72 41 44 7 42 36 67 84 75 64 30 3 76 52 63 16 39 10 22 32 83 77 74 70 14 71 58 40 68 47 4 87 15 57 24 18 19 31 85 86 50 54 38 56 43 23 9 28 46 26 53 78 55 51 6 49 79 65 17 34 25 61 66 11 59 12 5 62
    38 60 3 62 56 19 69 29 76 54 80 15 11 9 7 73 51 30 55 37 53 34 41 14 31 87 4 23 25 39 20 65 27 12 50 40 81 78 49 32 45 48 61 77 79 2 33 71 64 66 13 86 57 22 85 58 75 36 43 5 6 18 17 84 70 67 82 74 47 72 10 16 83 44 26 21 59 8 63 1 24 42 28 46 68 35 52
    62 56 9 1 58 18 7 75 13 63 40 42 45 37 8 26 14 72 69 3 85 49 19 61 16 24 41 59 43 83 55 33 29 6 22 70 15 80 60 36 46 66 79 50 10 30 4 65 17 73 11 48 64 53 71 52 47 74 68 31 39 21 28 76 27 86 77 78 32 38 87 54 67 82 51 44 81 84 12 20 34 25 5 23 2 35 57
    14 12 78 58 19 44 25 41 61 8 54 29 85 24 51 77 47 4 1 38 35 66 62 56 64 27 63 28 11 6 52 69 46 70 84 9 40 79 30 67 80 75 49 7 48 43 21 76 86 3 33 15 20 57 13 10 23 81 82 53 36 45 18 83 31 55 26 87 65 32 74 73 37 71 50 60 22 68 17 72 2 39 5 16 34 59 42
    44 62 54 12 16 34 28 38 51 64 65 29 66 30 7 69 36 5 59 11 73 55 70 33 8 45 26 87 9 84 17 42 2 10 83 19 52 1 86 47 77 13 43 67 71 79 24 39 85 15 3 74 50 14 60 76 18 32 80 40 82 27 21 63 61 53 58 56 78 25 75 23 35 46 41 22 6 37 57 68 49 31 20 72 81 48 4
    38 18 79 30 83 9 65 76 17 33 6 41 3 48 22 14 21 52 60 1 24 78 43 68 23 70 12 58 49 74 72 54 35 16 7 11 66 59 40 32 55 45 2 50 71 53 19 37 56 44 84 75 34 36 87 39 28 69 61 73 51 80 77 67 5 81 57 31 47 20 29 85 46 10 86 4 15 8 13 26 82 63 27 42 25 62 64
    7 31 56 51 49 84 50 10 26 36 38 42 85 20 78 46 44 57 80 27 8 43 87 9 59 13 25 45 67 14 18 16 81 4 74 15 22 63 1 71 2 77 52 21 55 76 39 82 86 61 70 64 41 47 60 37 30 6 29 40 33 79 24 62 83 19 69 34 58 5 12 11 66 65 54 3 23 28 32 72 68 73 53 35 48 75 17
    69 47 65 11 48 67 29 85 32 51 36 25 62 56 70 40 16 21 22 6 71 7 17 78 14 84 53 12 80 46 35 57 13 42 83 49 3 43 58 20 38 8 77 63 50 73 45 68 26 4 10 54 87 5 82 23 55 64 1 27 31 2 37 28 59 72 74 60 30 34 52 41 24 66 15 19 61 76 44 79 81 39 33 86 18 9 75
    48 84 47 40 34 24 55 29 60 53 8 15 30 25 85 7 38 65 36 68 83 23 58 41 87 82 79 56 10 81 19 5 50 32 27 6 9 62 42 86 31 70 72 37 16 39 80 74 61 17 43 64 45 12 49 4 2 76 28 14 22 33 35 63 18 78 46 11 59 69 52 3 13 75 57 44 26 77 1 21 54 73 71 67 51 66 20
    81 40 17 60 34 18 6 85 11 77 31 55 53 26 57 84 42 80 47 28 43 67 70 7 15 29 62 68 75 65 59 35 45 56 41 51 48 23 25 1 52 74 37 78 64 69 5 46 76 49 24 66 8 13 82 16 32 38 71 10 27 50 36 21 4 14 30 79 61 83 12 58 2 72 44 20 86 87 9 19 22 3 63 33 73 39 54
    48 34 67 83 80 50 19 31 27 61 71 68 85 8 1 24 7 55 49 63 82 9 37 35 17 6 39 38 58 2 57 42 13 21 76 46 45 15 47 12 52 36 70 69 64 18 16 5 81 33 41 65 62 87 3 78 73 75 23 86 20 53 10 84 72 54 77 14 66 30 74 44 40 4 25 11 22 79 26 28 56 32 60 29 51 59 43
    53 28 40 45 43 80 64 49 44 13 50 15 78 58 56 73 84 66 16 41 79 27 35 82 4 38 10 48 65 19 23 52 83 20 14 32 37 81 2 3 8 75 68 57 47 61 36 51 22 9 59 17 34 33 42 70 46 30 69 55 72 54 1 21 26 63 25 11 67 77 71 60 39 86 29 6 74 24 12 5 62 18 87 31 7 76 85
    2 51 34 67 74 39 78 73 49 77 38 60 23 22 81 66 8 79 63 55 58 84 1 25 87 52 36 80 37 59 18 6 83 15 32 24 27 11 40 20 45 85 28 50 13 42 53 44 5 70 31 21 75 61 56 65 82 57 4 68 64 33 29 71 69 3 48 43 86 62 72 30 12 26 19 76 7 46 14 47 54 35 10 9 16 17 41
    5 42 52 44 51 12 56 36 3 15 75 59 67 41 9 16 17 45 8 30 7 80 81 87 27 38 32 18 57 65 64 53 83 14 72 66 11 13 58 47 2 4 71 28 25 46 49 77 31 50 79 35 54 21 78 37 86 68 70 69 62 24 40 29 23 1 39 22 82 48 60 55 76 10 33 34 74 84 26 43 20 61 85 73 63 19 6
    51 84 6 56 74 35 32 17 22 20 62 30 34 28 33 78 13 27 81 23 42 72 83 69 39 63 64 44 80 25 11 9 12 71 67 46 75 19 61 5 54 57 26 68 24 53 79 55 85 50 43 70 7 10 4 2 49 1 65 29 76 47 14 41 77 73 8 31 86 52 37 48 87 15 36 60 59 40 16 82 3 66 18 21 45 38 58
    57 78 15 84 25 43 40 62 74 3 59 12 17 71 36 66 44 83 52 20 27 73 61 16 8 22 37 1 19 11 33 47 86 2 56 63 29 41 7 65 42 69 28 60 9 10 45 24 13 75 77 23 55 14 38 46 72 67 34 70 49 54 6 26 58 79 35 80 21 85 32 68 81 51 82 30 4 48 39 31 18 76 50 87 64 53 5
    86 1 27 52 17 33 64 77 31 73 58 6 25 65 49 74 5 72 79 22 10 67 20 26 85 68 66 38 29 21 70 47 60 8 16 32 35 39 78 76 15 61 82 34 28 3 40 87 9 75 84 48 30 37 80 53 43 69 14 81 71 19 18 44 55 7 56 24 83 23 59 45 54 12 62 4 42 51 13 50 11 41 46 57 2 63 36
    13 11 73 46 49 78 24 17 21 40 29 45 84 62 39 52 14 4 83 77 38 3 82 20 44 2 86 80 76 19 63 74 8 22 37 32 18 54 25 67 47 27 61 6 16 53 72 87 55 42 7 50 57 30 31 68 79 64 59 28 23 12 70 48 81 36 51 41 10 15 69 66 60 35 65 58 75 1 9 71 43 5 85 33 26 56 34
    34 1 57 64 84 42 80 69 62 47 19 67 85 36 33 3 17 12 25 87 26 77 32 15 29 20 22 68 78 79 66 82 13 58 6 8 59 72 71 83 86 54 46 53 61 7 45 39 74 60 76 27 30 56 65 75 49 41 50 2 11 63 5 40 24 43 35 51 28 55 44 73 70 38 4 16 31 48 18 9 81 14 23 10 37 21 52
    4 46 12 6 87 57 74 10 21 8 48 25 26 43 1 75 51 23 20 77 72 45 22 44 65 2 36 82 29 33 78 81 49 38 24 64 67 71 7 13 39 27 56 73 15 63 84 79 55 32 28 18 30 11 5 70 41 35 47 69 62 59 3 86 34 14 58 80 53 9 54 17 31 16 68 66 85 37 61 40 19 76 50 52 42 83 60
    73 11 47 71 83 26 74 77 61 34 82 6 21 63 25 13 30 28 2 79 17 51 62 7 80 52 69 67 19 23 45 18 40 76 15 4 38 3 22 70 54 42 46 60 16 27 12 55 36 10 35 20 9 68 43 85 1 78 72 41 81 31 66 75 33 48 53 57 86 58 65 24 59 64 14 39 37 29 8 56 87 50 32 84 49 44 5
    5 27 13 33 21 28 82 32 60 40 76 87 35 3 57 26 73 75 86 6 83 36 79 12 56 77 61 55 80 49 22 2 29 38 10 45 84 23 53 14 7 9 20 19 71 24 68 11 46 8 69 65 34 25 78 81 37 58 16 4 63 31 43 67 52 15 48 42 72 17 54 59 39 44 64 30 62 41 47 50 74 85 66 18 1 70 51
    26 41 83 13 33 22 50 4 72 6 58 56 15 14 29 24 53 49 86 35 45 82 51 87 84 7 77 68 42 27 11 47 65 30 74 75 18 1 66 12 64 69 2 57 5 40 70 52 32 44 36 34 80 81 16 79 71 62 20 19 85 60 67 39 28 23 59 10 31 78 48 43 54 46 3 8 38 76 73 9 55 17 25 21 61 63 37
    35 39 10 9 87 29 2 57 12 74 37 58 54 6 23 36 40 15 85 24 47 34 16 21 48 38 32 63 26 33 77 3 13 43 28 53 55 51 79 61 41 78 4 27 60 56 71 86 18 31 8 70 68 69 45 19 42 22 14 66 81 64 49 65 52 1 67 50 25 11 20 82 83 76 30 46 7 75 73 62 72 44 59 80 5 17 84
    59 46 25 53 26 36 84 73 56 50 6 85 31 86 52 83 87 65 19 23 82 5 55 4 22 33 54 3 64 40 45 13 15 81 11 8 44 18 9 42 21 10 48 43 67 1 28 75 74 61 2 16 68 72 57 60 62 77 58 41 49 51 37 79 27 39 32 30 14 76 47 63 38 12 78 71 80 7 70 69 20 17 35 66 29 34 24
    10 54 84 4 77 48 20 6 12 24 43 50 75 14 62 52 31 80 86 74 9 25 38 68 11 8 87 22 16 67 23 73 13 57 64 26 76 30 63 60 72 78 32 36 42 27 58 35 45 47 18 55 59 39 71 34 3 15 33 28 19 79 61 46 81 69 66 21 82 56 44 49 70 2 51 1 29 5 37 85 40 41 83 53 7 17 65
    77 82 29 73 69 26 9 68 59 2 67 34 13 62 60 27 79 49 64 32 45 46 44 8 76 22 11 40 55 35 15 75 25 41 37 38 21 10 43 78 53 20 80 28 86 74 54 58 12 24 81 30 1 71 17 23 39 61 66 42 87 19 36 72 4 18 56 5 57 6 65 83 31 51 84 50 85 70 14 47 48 52 63 16 7 3 33
    43 16 4 5 82 74 2 23 38 54 37 35 73 28 79 49 8 84 58 31 34 12 68 30 59 9 78 44 33 25 6 27 75 19 63 14 60 46 51 20 41 10 36 65 32 83 55 24 80 7 21 13 62 71 40 56 15 81 87 67 48 17 47 18 76 11 61 66 29 70 42 50 69 57 72 39 53 3 45 52 1 77 85 86 22 64 26
    76 87 59 40 55 37 77 85 11 72 66 6 58 38 82 34 25 12 60 22 39 32 64 54 65 57 31 41 45 68 43 69 51 44 16 63 24 17 5 26 75 50 71 9 84 23 42 8 48 52 2 70 56 30 18 21 49 14 28 67 47 53 73 15 79 35 1 83 20 62 86 81 13 3 78 10 46 19 29 61 80 74 4 33 7 36 27
    14 16 23 86 24 21 60 57 36 28 29 69 50 56 53 54 2 67 48 33 32 31 72 17 73 75 38 4 43 87 68 70 25 22 41 55 80 5 20 58 40 26 82 15 77 76 39 6 9 45 42 27 62 59 12 52 11 44 7 84 78 13 81 47 65 10 85 51 1 61 34 79 71 3 37 30 49 18 74 8 19 66 64 46 83 35 63
    7 11 41 29 10 56 35 81 87 9 44 14 22 68 83 28 13 12 27 8 4 31 36 5 72 67 66 15 73 70 33 3 24 23 43 53 52 82 84 74 59 34 16 77 18 62 50 58 37 39 76 21 20 79 48 19 25 32 2 40 1 30 17 63 26 57 55 61 64 51 80 71 69 45 47 78 42 75 6 49 54 60 38 86 65 85 46
    58 75 46 62 76 15 45 33 67 38 53 21 2 37 61 78 16 80 4 87 34 27 9 1 47 50 29 84 36 57 26 68 12 40 79 81 14 11 20 60 63 59 31 83 49 7 69 3 19 42 54 22 44 5 66 74 35 43 55 65 73 30 8 85 48 32 39 17 72 56 13 82 70 6 18 25 52 10 64 86 23 24 51 41 77 71 28
    28 62 70 25 87 51 1 39 31 26 40 58 3 35 36 15 45 81 22 67 86 9 29 38 17 55 8 76 73 32 54 78 4 60 6 77 59 42 30 49 53 21 14 19 47 69 74 83 72 84 27 50 71 2 20 48 57 23 61 63 33 10 66 43 46 37 65 24 82 56 41 12 85 18 68 11 79 52 5 13 7 34 80 64 16 44 75
    75 70 85 4 1 35 58 27 69 2 32 46 42 34 45 56 83 5 23 26 24 62 40 29 51 49 16 87 48 3 37 61 67 15 31 86 50 10 66 13 25 30 81 28 53 79 18 55 73 52 33 14 36 12 43 39 76 19 82 63 8 7 72 6 80 9 59 20 78 65 41 77 74 68 22 60 54 47 17 11 57 64 44 84 21 38 71
    2 1 51 23 21 84 7 38 43 40 69 74 24 70 17 65 62 79 76 72 83 25 16 36 20 10 56 9 33 46 47 54 42 82 80 30 4 59 41 37 81 31 52 15 27 77 3 11 8 64 60 44 45 19 85 48 12 6 68 58 49 26 39 34 28 35 73 53 66 5 75 67 63 13 55 29 71 50 14 61 57 22 86 18 32 78 87
    40 16 56 35 63 23 41 31 7 22 24 17 25 34 45 20 26 28 44 13 84 42 18 57 4 73 67 72 71 82 38 86 87 10 49 46 69 12 59 74 47 15 39 43 8 3 77 54 48 55 14 76 79 29 9 6 58 65 64 11 5 51 21 53 81 36 50 85 83 61 33 60 2 68 37 62 75 19 30 27 80 52 66 1 32 78 70
    6 3 2 50 61 47 29 13 43 12 5 87 68 72 27 84 69 79 11 63 24 23 71 54 81 66 42 51 59 82 80 9 22 36 64 8 53 17 15 4 78 67 55 28 77 25 49 19 56 65 86 20 44 38 14 75 58 26 46 62 83 30 73 10 85 32 76 57 45 1 33 18 48 35 60 74 70 37 52 41 21 40 7 39 31 34 16
    38 47 23 33 32 55 56 27 3 14 11 8 87 5 71 76 85 31 39 4 20 84 64 42 29 61 36 2 19 37 26 72 65 45 30 68 60 62 22 40 1 82 52 83 9 78 79 28 15 35 17 80 58 70 86 74 12 51 18 43 59 54 67 66 25 16 75 21 57 53 6 10 48 69 41 73 46 49 50 77 34 24 7 13 63 44 81
    62 33 7 66 38 14 86 27 28 4 74 54 81 51 55 23 12 31 53 83 73 36 58 24 60 13 29 22 82 32 77 47 8 56 19 45 44 78 25 16 21 20 50 85 71 2 5 76 72 39 40 80 30 1 46 37 48 67 41 63 15 87 11 17 18 84 35 26 3 70 10 64 6 68 42 9 52 79 69 57 34 65 59 43 61 75 49
    15 85 44 35 71 25 60 16 28 12 68 7 45 82 10 47 52 87 63 30 26 42 61 83 24 55 62 43 75 86 69 56 66 38 13 19 3 22 65 49 78 18 36 70 41 32 73 80 14 72 64 17 33 53 74 54 57 67 11 31 8 20 76 9 2 5 50 6 81 39 58 21 40 34 29 77 37 48 27 51 59 46 23 1 84 79 4
    59 35 80 30 11 25 71 31 38 48 32 3 74 15 46 47 20 23 77 39 84 73 56 44 6 12 5 60 16 28 72 87 50 34 76 10 54 58 49 8 57 81 79 37 86 4 51 33 52 61 55 63 66 40 17 18 78 7 82 53 85 64 75 36 27 62 21 1 65 24 22 29 2 68 13 83 67 41 42 19 26 70 45 69 14 43 9
    86 59 54 19 1 44 9 65 5 61 85 7 20 13 84 53 45 3 11 27 12 10 2 42 60 18 51 40 58 77 14 34 36 68 8 63 30 4 76 82 79 32 24 26 6 23 50 70 39 31 81 62 73 80 21 69 35 87 22 15 71 17 83 57 55 38 46 33 74 49 67 78 25 66 56 52 29 64 43 28 41 48 47 37 75 72 16
    75 14 51 53 6 67 7 37 48 36 42 5 40 32 34 57 69 35 86 63 15 39 25 61 46 16 70 17 85 38 43 4 23 58 44 66 71 80 11 74 28 54 24 12 87 68 49 55 19 31 18 73 20 76 62 77 47 8 72 45 13 60 21 27 10 26 50 64 30 59 83 81 33 56 78 79 1 84 41 22 3 52 2 29 82 65 9
    59 86 48 12 5 22 83 21 74 64 38 80 68 14 19 32 6 78 70 43 49 55 71 72 62 39 16 42 9 73 81 11 20 2 63 76 10 54 3 53 87 75 36 44 41 34 31 4 7 58 24 79 45 67 28 29 84 13 40 51 65 1 66 18 8 35 33 37 77 56 25 69 23 47 52 30 27 26 15 46 60 50 61 57 85 82 17
    1 82 5 78 34 53 58 2 72 55 77 70 6 47 65 4 40 21 57 27 76 52 30 20 85 68 8 74 33 86 17 44 11 32 59 18 12 38 16 73 37 69 31 29 87 83 22 75 67 25 7 60 54 26 23 51 35 42 28 41 80 84 46 66 43 64 81 19 9 13 36 56 63 3 10 61 24 49 39 48 15 45 79 62 14 71 50
    68 37 7 33 80 40 24 3 51 15 28 60 6 78 71 22 50 86 85 30 16 45 26 44 82 21 83 4 36 54 87 46 47 38 56 31 77 9 63 18 32 65 14 25 57 2 17 81 84 8 58 76 55 29 1 20 73 43 66 11 39 23 72 5 12 69 27 35 42 34 61 79 70 41 59 52 75 49 19 67 53 74 64 48 10 13 62
    74 12 69 59 80 3 65 46 39 49 27 86 84 22 62 42 76 81 6 16 7 71 82 55 33 35 83 19 47 48 67 79 44 56 43 11 15 23 29 87 26 70 41 17 31 40 10 85 18 58 52 21 4 45 75 25 24 38 32 60 61 30 9 77 63 72 20 78 13 57 66 50 28 36 34 14 8 54 1 53 68 2 5 64 51 73 37
    1 58 31 19 74 69 82 2 55 53 54 18 83 48 72 44 10 22 65 37 21 61 79 70 56 49 68 15 8 87 84 67 23 52 7 78 45 60 29 32 66 81 27 12 16 73 9 33 59 80 43 42 62 13 28 26 75 17 41 36 20 38 57 50 47 46 30 86 3 63 14 39 77 6 34 35 76 5 25 64 51 4 40 85 24 11 71
    8 29 5 55 34 72 24 61 77 81 80 68 28 39 14 76 9 70 54 17 82 12 65 30 83 6 11 7 67 56 16 36 25 37 41 60 53 63 40 73 48 71 69 64 2 18 50 23 86 62 10 45 74 21 19 31 42 51 22 43 58 79 1 15 44 38 13 35 57 85 78 49 27 46 47 84 3 75 20 33 59 52 4 66 26 32 87
    61 46 29 76 55 44 72 19 15 68 53 24 75 65 34 11 1 50 42 87 7 70 36 21 71 79 54 2 86 30 17 73 4 22 82 28 40 56 12 14 43 63 78 60 38 31 41 57 39 51 20 27 84 77 9 47 26 62 18 3 23 25 6 80 35 33 49 5 37 13 85 52 81 74 67 10 16 64 45 66 69 32 8 59 58 83 48
    16 39 84 19 87 62 45 43 46 57 14 81 23 12 5 56 25 27 31 28 74 71 85 8 59 80 21 11 53 2 15 40 69 20 47 66 18 60 35 64 10 49 6 4 83 78 75 38 51 17 63 13 77 34 30 70 42 41 3 29 79 72 76 86 1 36 58 82 67 65 50 7 26 48 54 32 22 24 44 68 52 61 73 55 33 37 9
    74 46 43 60 44 61 22 37 78 26 81 35 86 87 58 2 77 11 48 56 79 10 84 30 36 31 54 45 66 70 18 67 6 69 71 73 52 1 16 34 4 68 51 12 14 21 27 40 25 29 33 39 20 62 80 17 53 76 5 42 32 3 64 41 50 63 65 24 7 75 23 72 47 28 85 9 49 83 55 59 8 82 57 13 15 38 19
    7 76 3 79 21 83 4 65 35 42 8 46 15 80 16 72 54 1 77 84 12 45 5 33 18 53 61 73 51 62 23 29 82 40 20 56 27 13 44 30 6 26 71 64 49 69 25 39 70 81 31 75 24 55 74 59 19 9 41 85 2 10 47 60 43 50 48 22 28 38 34 57 78 58 36 17 67 11 14 37 63 68 52 66 32 87 86
    29 86 71 37 35 5 38 81 18 49 46 66 3 43 41 57 74 87 40 24 67 1 6 11 12 51 33 14 75 53 16 23 79 30 50 47 44 60 8 48 56 70 32 52 62 2 22 28 76 69 7 17 10 80 55 19 45 65 27 59 20 4 36 31 78 84 58 68 42 25 13 77 15 9 63 85 64 61 72 21 82 34 83 73 39 54 26
    2 65 61 73 5 49 18 87 84 27 44 59 34 75 12 32 62 53 16 52 20 85 42 36 66 26 55 45 15 17 31 47 21 71 39 54 81 24 38 29 1 11 57 13 56 72 70 40 69 48 83 7 41 68 78 10 51 76 63 25 64 74 4 82 80 19 50 35 77 37 58 14 23 79 22 33 46 28 86 6 8 60 9 67 43 30 3
    53 83 57 18 65 33 81 82 74 80 34 62 84 36 85 10 35 47 42 12 7 9 58 75 86 70 25 76 63 37 14 60 15 30 6 17 48 64 52 31 73 1 16 41 79 50 59 3 56 5 71 4 27 78 55 69 68 22 44 77 21 24 26 40 29 51 54 87 11 43 32 28 49 19 46 67 39 72 20 61 45 13 38 2 8 23 66
    10 12 51 85 80 29 77 75 63 48 32 65 53 36 40 44 13 66 67 84 1 46 87 23 24 3 34 28 37 4 50 49 60 38 26 17 7 22 76 9 64 16 31 14 18 11 83 20 33 35 52 21 62 78 41 6 25 79 54 30 2 68 56 42 74 69 59 5 58 86 19 82 61 45 73 47 81 55 57 27 70 39 15 8 72 71 43
    28 36 42 64 57 73 19 43 74 49 30 69 76 58 20 65 60 16 39 52 83 82 32 62 54 7 6 9 85 13 68 31 3 22 86 18 79 24 63 77 87 50 17 53 75 21 34 5 15 51 78 11 14 72 84 26 12 37 10 70 66 1 29 48 67 55 38 56 23 27 47 25 44 59 4 2 61 71 80 81 46 33 8 41 35 40 45
    57 41 14 34 30 77 87 85 23 54 3 33 47 24 5 40 10 61 44 2 7 48 69 29 53 37 86 13 74 4 71 9 52 79 58 32 20 16 26 12 8 1 55 64 19 18 42 73 36 17 59 45 51 72 70 38 27 66 60 49 76 63 22 31 39 50 68 81 67 84 56 46 82 11 65 6 75 21 78 43 35 83 80 28 25 62 15
    6 14 22 8 86 48 85 50 46 35 9 36 27 53 45 44 37 12 83 70 18 56 78 4 34 59 65 17 23 81 76 19 63 20 28 71 41 68 67 52 39 74 5 87 75 79 2 30 72 64 82 77 73 15 54 10 21 16 60 42 47 25 69 24 51 38 61 26 43 55 58 13 49 3 11 80 31 40 57 62 66 29 84 1 32 7 33
    85 61 24 62 56 47 46 73 84 2 68 66 44 74 11 4 6 13 60 32 39 69 72 1 77 42 9 10 41 26 78 30 33 45 37 58 65 50 34 35 67 76 70 81 36 3 14 23 22 31 54 40 7 25 59 15 80 51 52 19 75 82 55 43 38 20 5 16 86 8 12 27 18 17 21 28 87 83 63 53 48 49 64 71 57 79 29
    68 30 76 83 69 66 77 25 65 86 38 12 56 52 27 55 41 3 32 45 35 14 58 36 63 60 21 70 29 24 13 4 57 74 59 62 23 5 34 33 85 84 20 28 31 79 2 54 37 61 87 72 17 48 50 53 19 1 42 10 75 49 6 47 73 18 7 81 39 64 11 43 22 67 16 78 26 44 82 15 51 8 40 80 9 71 46
    58 69 30 54 21 76 59 9 29 79 43 27 26 48 24 6 8 11 55 3 57 23 13 38 70 40 22 72 49 19 63 5 82 85 73 20 37 33 87 1 25 12 18 64 77 86 44 42 34 16 15 41 75 51 61 17 83 62 4 35 52 67 47 66 80 31 46 2 81 60 56 7 74 65 39 50 53 78 32 10 71 28 68 45 14 84 36

