88

    69 73 83 50 44 79 88 26 24 23 4 31 19 34 56 68 38 77 57 62 72 47 12 40 54 2 80 28 87 33 51 52 66 74 65 64 5 55 45 42 8 1 27 35 86 60 13 6 76 22 21 70 39 36 58 71 10 30 49 16 15 61 81 17 37 20 7 84 9 67 3 29 48 46 41 59 18 53 85 78 14 43 82 32 11 25 63 75
    44 49 33 46 9 21 73 50 16 12 66 39 26 35 56 41 1 58 65 11 62 72 57 53 40 2 82 70 64 48 34 5 23 60 51 77 3 54 38 79 78 43 28 22 36 24 8 42 80 52 84 13 69 83 59 17 45 15 30 27 29 67 61 4 25 37 87 63 86 74 75 76 31 19 14 20 81 7 88 18 71 10 32 6 85 55 68 47
    39 61 45 34 20 28 70 10 21 57 58 72 29 73 4 9 38 46 5 13 82 30 37 54 47 42 87 74 35 27 55 14 18 11 69 32 49 44 83 77 25 22 76 79 51 16 1 64 24 15 53 68 6 56 65 31 71 7 59 8 26 62 33 66 41 3 67 43 23 60 36 88 50 85 81 48 78 2 52 17 19 12 84 80 75 63 40 86
    32 79 2 37 69 40 48 85 83 43 7 14 50 3 33 28 24 31 20 77 88 61 66 59 56 70 67 58 73 26 72 38 34 76 74 35 49 71 87 42 45 29 64 6 75 68 23 27 62 46 84 41 10 11 9 8 55 39 19 22 57 82 80 21 16 65 63 25 81 4 47 51 12 60 86 17 54 53 52 18 15 13 30 44 5 78 1 36
    2 57 16 72 34 44 42 17 49 21 59 12 60 4 18 86 68 69 41 84 36 7 15 48 64 52 29 1 76 31 46 58 82 87 38 73 55 71 54 74 66 27 79 65 61 45 24 47 67 80 63 22 70 8 28 5 30 53 83 56 23 26 3 14 51 81 25 43 6 50 88 75 13 78 77 10 62 32 40 11 20 19 39 85 33 9 37 35
    20 50 74 83 73 26 61 75 28 30 21 66 84 45 46 88 10 15 53 44 23 41 18 27 65 67 77 68 1 34 82 38 62 71 78 81 8 47 87 17 2 13 39 49 37 60 76 32 51 58 33 69 80 43 36 14 3 63 70 12 57 9 6 55 52 64 54 48 59 11 86 85 25 31 79 22 42 5 29 7 72 24 19 35 16 56 4 40
    62 25 68 40 78 31 34 65 86 22 12 24 27 30 46 44 83 35 21 17 18 45 39 37 77 20 72 85 64 29 48 33 3 26 2 15 70 74 82 67 81 56 4 55 63 43 59 51 87 14 36 28 6 60 32 13 79 47 5 73 19 57 58 75 84 80 11 9 42 23 50 1 54 10 76 53 38 7 16 69 61 8 66 52 49 71 41 88
    18 34 67 59 44 7 22 52 5 56 47 66 11 76 21 69 75 4 57 20 28 58 6 74 35 40 39 8 42 54 86 38 29 72 83 61 84 24 81 31 53 62 78 60 27 88 33 68 36 48 79 17 70 14 71 82 63 51 80 45 65 64 15 46 19 9 37 10 32 16 13 41 49 50 12 77 85 55 23 43 2 30 1 3 26 25 73 87
    2 49 10 71 19 9 70 64 50 57 31 81 62 1 28 30 63 26 48 56 41 65 5 40 46 23 42 32 16 22 12 35 77 29 82 6 83 8 44 20 86 67 80 33 27 69 73 39 7 18 34 88 60 15 47 13 53 17 72 51 68 74 54 66 3 87 61 75 79 38 55 85 24 76 58 78 37 52 59 11 25 45 43 36 4 14 84 21
    15 42 4 62 66 20 50 79 77 57 83 13 61 35 34 88 38 49 14 58 44 56 11 68 46 9 86 30 74 2 51 75 53 71 55 3 73 69 87 27 6 24 64 21 25 7 52 36 43 84 45 78 22 23 8 5 67 54 33 40 82 1 48 85 29 81 18 26 47 17 10 41 80 59 37 28 70 76 65 31 63 12 32 19 16 72 39 60
    69 53 18 8 16 21 49 40 84 14 60 31 77 68 66 88 45 70 26 36 44 32 34 86 76 39 72 33 51 1 22 79 24 56 57 41 74 27 75 15 23 87 46 64 11 71 9 80 20 42 3 78 83 73 29 82 58 81 62 38 19 50 17 61 25 12 7 30 5 59 52 13 28 4 47 54 65 6 2 85 35 37 63 55 67 48 10 43
    37 88 19 13 42 81 84 38 34 17 59 66 46 61 16 53 64 63 20 52 80 3 9 24 41 79 68 62 67 49 85 18 6 71 31 65 39 50 45 69 83 75 54 87 15 40 35 8 74 86 32 55 30 58 29 56 78 5 36 70 76 4 28 82 2 21 43 26 47 1 51 33 73 27 48 22 7 44 10 23 72 25 60 77 57 14 12 11
    44 34 28 26 80 70 37 71 33 86 39 65 30 24 79 7 3 35 68 40 87 74 5 4 14 12 45 11 48 55 81 47 43 85 29 19 60 63 84 22 66 46 9 51 42 82 67 75 78 1 50 69 27 8 61 10 23 76 58 36 18 21 54 56 38 17 52 73 77 64 25 20 32 88 62 59 31 83 49 72 15 16 13 57 2 41 6 53
    62 57 70 47 28 11 84 54 14 19 43 63 3 82 10 85 87 7 45 83 60 21 6 4 12 67 13 59 33 39 41 52 23 27 68 78 1 8 66 31 2 49 79 73 25 48 18 56 9 16 36 74 20 77 69 80 86 40 50 81 24 76 44 15 32 55 75 64 71 61 35 38 22 17 37 42 88 72 34 65 51 53 46 30 26 29 58 5
    73 36 86 29 10 64 52 58 56 33 57 87 4 55 27 84 72 31 20 9 38 82 70 53 71 18 62 42 79 35 41 63 49 65 26 75 34 25 11 68 48 46 17 85 88 2 60 74 3 6 66 1 15 22 32 51 16 54 47 5 12 24 19 30 76 43 61 21 23 7 80 81 45 77 44 39 37 59 40 67 78 69 83 8 14 50 13 28
    23 79 57 34 63 51 15 85 62 11 81 72 42 18 56 20 86 54 75 19 67 84 27 83 30 24 47 71 80 32 14 21 70 5 69 29 66 3 45 7 77 25 50 64 78 1 65 13 41 55 73 59 53 74 6 76 38 31 49 4 48 87 68 60 46 8 12 17 40 36 10 43 33 88 35 16 61 58 28 37 9 52 82 26 39 2 44 22
    73 59 67 88 1 12 17 22 2 75 49 87 63 65 82 19 58 36 85 8 53 52 71 32 48 4 35 21 10 27 9 69 20 33 61 76 25 79 38 23 66 14 47 39 16 78 72 41 43 44 46 18 57 5 50 54 51 45 13 60 30 28 55 70 29 86 80 15 6 11 3 26 34 84 7 77 62 64 24 42 83 31 68 81 40 74 37 56
    58 23 22 6 86 87 79 14 84 18 26 72 4 48 16 59 74 11 39 54 41 56 61 15 52 46 69 71 1 30 20 50 32 53 81 63 73 17 45 62 37 8 65 34 67 40 66 27 57 64 85 33 38 78 51 35 36 82 55 49 47 83 3 29 88 77 12 75 28 25 7 42 80 76 5 21 68 31 19 43 24 44 13 70 2 60 10 9
    6 35 38 74 79 15 87 77 34 19 11 14 27 36 33 86 85 23 51 41 84 68 62 26 8 28 40 37 59 45 25 2 7 63 75 42 32 60 1 54 57 49 58 22 53 21 64 56 43 12 78 71 18 65 48 66 13 69 3 52 50 24 4 88 47 55 10 76 83 70 82 29 31 73 61 16 9 17 81 44 67 39 80 30 46 72 5 20
    56 21 31 19 85 64 22 13 12 55 48 37 65 46 84 28 5 38 66 72 77 83 29 40 43 10 34 49 24 73 25 70 17 57 60 79 42 15 75 51 61 32 54 35 67 80 81 39 2 1 26 58 63 27 47 52 86 59 11 69 9 8 53 33 50 71 82 44 36 87 76 23 14 68 20 3 16 41 6 7 74 18 62 88 4 78 45 30
    47 4 77 7 62 70 69 78 10 19 75 11 42 86 57 28 33 36 68 2 5 23 52 76 72 66 38 67 43 54 88 83 61 3 81 12 44 31 13 14 30 84 60 71 58 49 41 34 46 79 85 16 26 56 40 53 82 35 25 45 80 1 37 87 21 73 27 6 9 17 65 32 8 55 48 18 50 59 24 64 39 15 20 29 51 63 74 22
    21 84 8 61 36 24 9 39 23 64 57 56 55 19 12 16 18 75 28 2 85 80 73 43 22 82 3 4 71 26 17 33 1 65 78 74 35 59 41 54 38 14 10 51 88 67 76 46 69 45 68 11 42 44 81 63 48 30 66 32 52 83 47 86 25 87 20 70 6 58 31 72 53 34 29 50 60 15 13 62 27 77 37 40 7 5 79 49
    61 60 56 68 57 29 4 63 66 49 70 80 34 17 82 24 27 25 42 62 51 1 71 6 67 59 58 45 5 65 55 22 9 74 23 2 7 78 10 52 87 35 64 69 16 15 37 33 38 11 18 14 48 88 83 30 47 46 54 53 44 8 20 86 41 39 19 81 28 26 73 32 75 50 21 76 79 13 12 85 3 43 84 77 72 31 36 40
    64 45 11 63 60 57 42 33 40 19 59 4 36 52 79 61 35 84 32 49 43 6 76 25 80 14 28 71 78 73 75 26 16 34 1 9 20 30 51 21 58 65 46 50 82 44 69 47 72 24 8 12 7 22 81 85 39 10 68 48 56 41 86 27 55 3 54 2 5 88 62 13 18 66 67 38 17 23 15 29 31 70 53 74 87 37 77 83
    46 40 76 1 25 84 50 52 45 60 37 57 14 27 38 61 56 28 13 24 66 48 81 2 21 73 75 62 11 4 71 8 5 82 70 67 54 79 15 74 31 22 59 53 72 77 39 3 85 29 33 55 41 36 16 7 87 63 44 43 51 47 23 69 32 42 10 78 88 65 34 30 68 86 64 6 20 26 19 80 35 58 49 18 83 12 17 9
    18 68 49 66 84 5 61 65 70 30 28 19 4 12 52 9 11 79 67 27 17 62 44 42 75 56 33 14 46 2 85 80 63 82 48 41 15 36 71 1 83 34 20 59 78 45 32 16 39 8 40 53 35 3 51 74 21 23 54 10 87 58 6 37 64 81 31 38 47 76 57 86 43 77 88 29 7 13 73 22 50 69 25 60 26 55 72 24
    2 57 34 52 53 12 78 59 51 75 16 61 47 65 38 43 45 33 21 37 77 1 31 54 32 29 70 5 69 23 60 88 44 14 10 64 6 72 39 63 71 15 18 87 8 25 50 19 67 74 41 20 13 11 3 83 28 66 4 49 42 58 68 82 86 56 40 84 73 30 22 79 48 35 9 26 80 85 81 55 7 24 17 36 76 27 46 62
    67 88 37 3 65 42 31 16 26 73 61 49 79 64 71 29 36 7 53 23 56 6 70 25 45 54 19 51 30 83 72 12 66 8 2 5 77 86 50 76 9 74 80 44 32 58 75 18 38 62 69 47 57 28 63 84 22 41 21 46 68 11 85 78 43 59 82 60 13 87 39 10 1 81 4 35 24 20 33 15 48 34 55 14 40 27 52 17
    49 44 5 11 70 21 27 47 28 9 48 29 10 17 6 75 32 24 56 4 81 15 20 33 7 77 68 19 63 45 51 37 38 3 86 18 54 61 40 31 66 57 64 85 12 42 8 88 50 65 39 53 82 25 73 76 87 55 26 84 16 78 34 46 74 67 43 72 79 35 80 13 23 60 41 59 22 14 58 52 71 30 62 1 83 69 36 2
    47 15 80 75 50 42 32 8 39 67 57 79 19 11 58 45 28 71 56 69 63 3 23 60 38 52 64 76 13 78 5 27 37 61 18 87 31 25 70 21 12 36 55 54 14 73 17 77 48 66 53 85 51 44 49 83 10 68 30 84 24 59 4 29 35 41 26 2 34 33 6 22 72 20 62 9 7 65 40 46 1 88 74 81 16 86 82 43
    33 62 5 17 9 69 29 7 54 21 15 60 27 44 46 66 45 76 16 39 38 82 53 63 73 61 65 4 68 88 52 48 72 12 71 59 81 47 25 31 23 55 6 10 14 28 1 2 18 74 24 26 34 8 20 86 43 32 70 51 36 79 3 77 13 42 67 78 80 19 35 30 57 40 50 84 49 22 58 83 56 11 41 85 75 37 87 64
    57 37 70 38 22 29 16 48 53 56 80 10 84 83 67 13 15 45 47 40 64 26 39 88 77 8 34 78 19 72 11 31 24 54 46 44 87 66 52 2 35 55 14 81 43 36 1 50 62 79 85 7 25 69 51 65 61 20 58 49 21 76 28 12 5 27 82 3 71 6 68 73 42 86 74 33 63 18 41 4 23 30 60 17 59 9 75 32
    79 80 11 75 65 19 18 58 55 21 61 49 73 7 76 52 6 40 67 88 86 9 8 23 78 87 26 27 43 68 57 74 46 69 37 39 64 13 12 47 34 53 66 16 20 85 33 81 63 5 41 22 31 59 24 10 82 28 56 38 45 36 83 32 72 42 4 1 14 50 51 35 15 29 25 62 44 60 70 84 30 48 77 2 17 3 54 71
    39 25 87 30 20 58 44 21 19 10 3 88 14 34 40 72 50 8 36 73 37 1 32 52 76 57 85 6 29 43 71 79 62 53 4 2 55 49 60 61 86 45 7 42 48 31 33 22 16 74 84 35 18 27 51 17 68 77 15 70 80 24 82 47 66 41 26 13 5 78 46 81 23 9 59 83 67 12 38 69 64 11 28 54 63 75 65 56
    15 37 79 3 59 54 71 85 32 20 49 44 60 78 13 74 64 38 18 45 63 62 61 4 1 6 56 9 72 36 28 30 75 83 5 50 58 86 14 84 8 57 16 53 69 27 41 22 81 26 87 43 23 73 17 24 77 39 10 21 80 11 31 12 19 48 25 47 40 55 70 88 7 68 35 46 2 33 76 52 65 51 67 29 42 34 66 82
    59 21 58 63 4 41 49 80 40 62 31 54 13 20 77 70 71 15 85 27 33 44 32 60 45 1 11 8 82 74 24 69 28 50 16 84 39 46 87 64 35 72 81 78 57 79 88 18 51 30 52 3 68 22 23 43 56 29 65 86 38 53 25 6 9 55 61 7 14 5 42 48 12 73 34 67 2 66 37 76 83 36 75 26 47 17 10 19
    1 52 68 69 11 61 17 18 81 20 40 72 16 50 82 32 43 12 75 57 9 42 62 22 48 87 29 3 60 76 70 28 24 86 58 13 67 14 49 25 39 8 37 55 26 47 54 35 7 71 15 21 78 51 45 44 30 6 74 63 10 41 36 31 23 46 77 84 66 85 88 65 56 79 59 34 80 38 27 2 5 83 53 33 73 19 4 64
    38 4 84 77 13 25 46 2 28 76 48 75 82 7 15 65 87 61 26 69 40 8 73 33 39 62 59 5 50 41 83 27 60 32 17 23 88 44 74 16 54 47 43 34 56 11 36 18 86 14 55 1 3 78 21 22 64 19 57 63 9 6 58 29 81 67 35 53 30 80 12 66 79 85 71 52 45 24 10 31 70 49 68 20 37 72 42 51
    60 52 68 21 67 59 2 27 46 5 22 64 36 25 4 77 58 76 26 34 3 50 41 83 54 16 6 80 49 62 66 20 1 69 24 29 38 63 57 81 44 8 47 30 18 74 12 85 42 28 86 71 51 55 75 9 15 84 65 53 48 39 19 72 7 32 13 73 37 31 78 23 87 11 10 56 35 82 61 17 79 43 88 70 33 40 14 45
    47 11 31 76 4 73 78 75 60 79 46 63 82 8 19 23 42 62 41 32 36 50 33 38 21 39 66 10 35 54 53 72 85 64 12 20 6 87 67 52 57 61 49 74 2 37 71 51 3 15 43 24 25 17 69 40 9 26 44 7 84 1 77 88 22 86 81 34 55 27 13 18 58 45 68 56 80 65 5 59 14 16 29 30 70 83 48 28
    63 64 37 13 45 81 60 19 3 76 18 66 15 71 56 26 2 40 62 69 44 38 41 77 57 46 9 51 21 54 30 29 23 86 7 78 50 49 75 36 73 12 34 42 27 82 28 53 5 72 6 1 48 8 32 52 39 22 20 67 31 68 61 33 47 10 4 24 55 70 79 17 58 59 14 85 11 84 43 80 87 88 25 83 35 16 65 74
    60 9 86 87 1 78 36 50 72 71 15 57 13 45 4 82 53 28 49 88 12 48 27 85 69 34 41 64 14 11 23 33 44 39 30 61 43 52 6 84 58 46 21 3 8 68 26 80 51 63 7 31 47 20 59 37 70 40 83 75 17 74 18 62 54 56 24 67 19 77 22 38 25 32 5 73 42 81 55 10 65 35 76 16 29 79 66 2
    1 35 31 87 62 83 42 12 39 80 75 25 57 61 26 56 5 54 43 88 52 7 3 16 66 81 21 19 33 29 37 46 69 76 6 74 11 24 14 59 84 27 71 60 67 34 45 64 13 32 2 8 10 41 17 30 40 15 55 20 70 22 77 28 38 36 73 44 53 23 49 79 4 48 9 86 63 50 51 82 78 85 72 18 68 47 65 58
    5 16 61 22 70 78 82 2 75 64 29 67 41 74 54 49 30 10 62 28 19 68 21 23 47 73 17 60 8 45 31 3 42 26 33 50 43 87 9 32 4 69 48 55 85 72 39 51 58 56 63 59 6 53 27 7 25 57 66 18 83 24 34 71 84 77 12 76 1 40 37 46 52 15 80 88 38 20 11 65 36 81 13 79 44 35 14 86
    44 87 10 72 18 20 33 16 37 30 40 25 46 38 2 4 35 77 48 29 47 26 9 62 41 5 27 32 28 50 84 61 79 78 24 65 86 67 76 36 68 3 73 39 17 81 83 88 23 82 22 21 70 59 54 51 74 56 7 14 58 55 85 31 57 49 63 43 6 11 15 60 71 1 66 42 45 13 69 64 8 75 52 12 34 80 53 19
    6 2 55 36 51 50 82 84 71 54 43 69 79 17 28 83 22 9 14 53 70 21 56 46 4 44 30 73 27 20 67 18 77 78 23 10 49 26 40 37 32 42 7 24 80 33 5 65 74 87 13 52 39 38 64 29 48 62 88 68 58 81 16 63 8 25 1 11 66 60 41 34 47 59 57 45 3 86 72 12 15 85 76 61 31 19 75 35
    13 27 16 18 57 58 6 1 42 72 29 30 4 56 78 15 62 41 65 9 74 69 5 21 63 83 67 86 71 23 25 49 12 68 59 31 77 38 43 2 51 47 34 17 22 54 87 8 3 33 60 75 36 28 45 79 24 48 19 80 14 70 85 64 10 55 35 81 53 26 61 40 66 52 84 20 88 11 82 39 44 50 76 37 73 46 32 7
    51 65 33 64 37 19 3 21 23 32 22 74 77 76 57 70 43 63 84 88 67 18 44 27 17 86 47 54 58 71 82 87 55 30 11 48 13 42 69 9 85 35 72 79 41 50 49 25 7 29 53 60 59 15 52 12 83 46 5 34 2 45 56 75 4 8 36 80 61 81 10 28 6 14 20 1 78 66 73 68 16 26 40 62 31 38 24 39
    17 85 19 7 86 87 59 21 32 29 51 72 80 45 54 69 34 37 48 5 6 56 9 15 14 67 8 50 4 62 42 33 18 66 31 22 28 88 75 20 38 23 71 68 27 2 60 84 41 49 55 40 46 13 79 64 11 70 3 58 52 1 61 47 16 63 30 77 81 82 25 43 57 44 73 74 83 39 24 10 78 35 12 65 26 76 36 53
    44 84 5 72 18 53 85 69 48 54 79 35 27 20 23 42 43 83 3 10 56 24 46 30 25 70 12 11 76 64 34 13 37 61 9 41 19 73 65 6 87 74 4 21 58 2 63 7 71 32 60 29 78 38 77 82 88 40 75 49 45 51 47 80 59 36 67 66 26 1 33 52 55 31 16 22 81 17 28 39 50 14 62 68 57 15 86 8
    40 63 16 85 36 71 77 58 26 76 52 46 21 9 44 13 34 72 86 42 70 18 11 73 53 39 51 7 45 47 8 37 56 75 88 29 83 30 5 14 67 3 33 6 35 62 17 23 64 48 59 81 78 74 20 32 31 25 15 79 87 2 68 61 54 55 80 50 49 57 28 19 27 41 38 66 65 60 43 82 24 69 1 4 10 22 84 12
    60 83 13 75 23 80 5 36 35 81 54 11 40 38 50 79 37 42 53 28 26 82 47 6 41 24 20 57 64 84 33 17 30 56 67 86 61 31 2 68 74 51 63 16 18 19 78 52 88 69 62 3 73 72 77 66 29 65 45 14 7 27 44 25 46 70 39 76 43 1 32 58 34 8 15 59 21 48 85 4 87 9 12 55 49 22 71 10
    80 43 38 39 54 33 28 19 78 59 76 3 67 40 17 34 25 65 48 26 27 53 18 8 81 50 79 88 6 44 75 51 12 85 72 9 24 68 69 57 46 42 84 10 23 13 36 64 22 41 62 63 15 14 61 11 52 4 73 7 5 55 87 70 47 83 31 60 29 58 30 77 1 56 16 66 20 49 74 32 82 45 21 37 35 2 71 86
    20 55 88 41 56 3 79 22 18 23 44 40 57 46 13 33 76 19 43 47 29 42 38 37 50 1 36 83 30 84 21 65 73 52 77 85 82 2 59 9 69 35 87 4 28 48 7 31 24 16 70 17 25 62 80 72 53 39 10 5 45 67 60 86 74 6 12 63 32 11 66 26 27 58 75 14 34 81 64 8 51 71 49 61 15 54 78 68
    16 27 31 40 63 85 7 49 58 45 28 55 44 41 56 1 33 73 42 76 12 60 47 70 83 8 22 86 29 21 35 51 20 50 26 82 81 32 69 72 80 6 14 88 54 13 66 39 68 25 18 11 15 84 87 57 9 23 17 59 65 74 79 64 62 61 30 10 37 48 3 43 67 75 77 34 46 4 53 19 24 52 78 2 71 36 38 5
    59 16 66 13 1 71 7 46 31 78 76 83 15 4 9 73 38 2 70 81 41 58 36 74 22 11 52 37 30 20 6 17 79 3 42 55 60 64 45 85 87 80 75 39 57 34 25 54 47 8 48 53 33 44 32 12 67 72 56 65 49 61 28 19 40 77 51 50 27 5 23 63 26 62 82 21 43 88 18 68 35 10 86 69 84 14 29 24
    32 6 18 75 36 35 69 60 14 85 72 2 79 47 88 62 56 10 65 78 21 23 51 40 57 49 74 53 82 12 39 15 26 73 38 34 4 9 61 70 17 19 30 87 8 54 68 45 37 66 1 77 71 31 42 43 46 83 41 63 5 13 24 44 59 33 27 84 16 67 20 28 11 3 81 48 7 58 64 52 80 55 76 25 29 86 22 50
    6 4 66 33 8 73 58 60 46 19 52 67 15 54 77 1 45 34 37 13 39 36 18 22 55 68 20 30 74 51 21 49 69 61 86 14 32 5 80 85 76 26 82 23 3 2 59 57 47 87 78 25 9 17 11 43 63 44 29 88 53 24 56 16 83 75 28 50 38 84 79 71 70 40 12 81 64 41 48 35 72 27 42 65 7 31 10 62
    68 76 86 31 64 50 4 12 47 79 53 19 81 24 70 36 15 30 51 8 57 5 87 80 67 55 65 26 39 45 20 13 3 11 9 84 16 35 88 62 58 49 63 48 72 74 56 25 29 10 66 14 6 85 38 52 43 23 34 27 44 71 1 17 59 2 37 54 40 73 42 77 83 60 21 75 82 33 46 22 32 41 18 61 7 28 78 69
    63 83 77 22 23 86 6 1 81 18 61 82 58 13 69 65 32 79 38 45 51 17 33 41 75 84 50 76 49 24 40 56 2 43 3 71 54 30 80 28 88 31 39 42 46 7 21 72 44 67 70 47 15 62 14 37 53 19 26 57 35 27 52 9 8 34 4 66 78 73 5 87 20 25 36 48 12 29 11 68 64 16 60 85 74 59 10 55
    57 41 32 33 49 48 39 22 76 88 86 73 56 12 53 54 23 77 74 50 16 66 87 31 11 72 8 27 35 29 44 26 19 78 4 6 58 10 14 36 82 5 84 67 52 81 47 55 3 34 79 17 80 62 70 65 51 18 7 2 15 46 20 25 61 83 38 64 24 21 43 45 9 40 71 30 42 63 68 28 69 37 59 13 1 60 75 85
    52 11 41 84 82 65 35 5 24 88 48 81 58 7 66 27 59 20 16 25 50 69 13 85 63 8 3 80 78 77 67 12 36 38 57 68 70 34 22 43 44 9 10 40 47 61 64 32 33 21 14 62 83 55 86 74 28 4 42 6 19 26 17 73 45 72 75 54 2 56 49 39 71 37 53 60 76 15 29 31 1 18 46 51 23 87 30 79
    44 16 15 76 17 67 11 77 5 12 83 46 50 4 53 81 74 49 57 6 31 29 13 37 70 28 63 80 73 24 26 87 10 20 3 36 32 9 7 58 56 47 21 61 68 45 55 23 41 18 1 82 75 33 39 65 51 38 54 35 34 8 25 2 48 14 71 66 59 19 60 85 27 22 62 64 43 84 78 72 86 88 52 42 79 30 69 40
    85 54 58 69 26 51 81 38 45 56 42 72 73 64 29 65 62 52 34 13 6 12 19 2 75 66 60 7 23 63 74 33 39 21 57 35 44 20 70 86 11 25 27 8 37 32 17 14 84 78 77 43 41 59 46 71 47 61 67 28 83 53 79 88 1 10 31 18 40 80 49 82 9 4 76 30 55 5 22 87 36 16 15 50 3 24 48 68
    41 76 83 70 30 34 51 4 40 31 20 88 78 33 61 24 77 73 23 38 84 56 53 1 35 2 22 10 21 63 87 82 13 7 43 9 62 60 32 71 3 80 57 65 14 81 15 11 50 37 12 5 25 67 16 27 59 66 39 74 28 18 29 48 36 52 68 64 45 79 86 72 54 58 42 47 46 49 69 26 75 8 55 19 85 6 17 44
    87 30 17 83 52 7 63 80 77 29 27 53 72 70 44 12 85 57 21 16 51 32 35 62 11 23 33 48 26 20 61 50 47 39 86 81 68 66 24 31 4 1 42 5 71 2 54 3 15 46 76 84 45 8 69 60 25 88 55 9 41 13 75 82 73 19 10 65 64 36 40 58 67 18 59 38 34 6 37 74 28 56 22 79 43 49 78 14
    9 86 88 17 84 69 26 55 39 60 22 35 79 10 6 62 57 78 36 20 47 43 24 31 33 82 70 67 8 74 5 75 65 53 59 46 29 71 38 23 7 51 56 30 14 12 58 68 49 15 85 40 50 18 52 42 63 66 4 61 21 76 77 81 73 54 48 11 25 37 45 19 28 34 87 83 3 1 41 72 27 64 13 2 32 44 16 80
    61 56 47 55 18 36 26 71 43 68 33 3 14 50 12 57 11 38 28 44 27 1 34 2 72 48 85 6 49 24 77 9 51 30 88 8 60 87 25 23 32 67 41 31 5 46 82 76 22 81 37 39 65 59 15 21 79 69 62 64 10 16 78 42 13 7 29 75 74 66 54 84 73 86 19 17 53 70 83 80 35 20 58 40 45 63 52 4
    46 48 4 62 39 13 54 37 30 8 73 10 59 32 44 66 77 26 17 14 80 27 18 6 42 43 68 23 34 56 65 83 19 1 88 12 70 7 25 20 78 28 11 47 5 60 76 81 64 61 52 75 58 33 53 38 63 86 24 3 82 71 36 55 45 16 84 35 67 74 51 72 57 40 49 69 41 15 29 85 50 31 9 22 21 2 79 87
    78 37 42 70 75 20 43 83 67 48 87 5 88 46 72 6 29 52 22 19 40 63 9 82 14 13 34 23 66 51 56 10 15 18 16 64 41 45 27 7 32 25 49 85 86 26 84 53 74 77 24 65 71 80 44 60 58 31 1 28 30 39 8 57 36 35 47 3 33 69 50 76 2 4 38 59 54 17 62 55 21 73 81 61 11 68 79 12
    80 32 27 68 76 60 78 86 81 53 72 35 74 17 8 64 26 6 13 56 62 67 37 9 34 83 39 7 75 21 3 57 84 4 77 70 29 19 58 87 47 85 55 30 31 54 5 52 16 42 12 48 71 40 44 20 51 50 49 18 61 2 69 23 1 25 79 38 82 11 88 15 41 22 65 33 46 59 43 63 66 24 10 45 73 14 36 28
    33 88 4 65 22 11 7 37 3 49 46 19 75 80 73 14 36 23 52 21 60 56 26 69 62 71 87 59 78 31 79 8 41 43 10 63 64 81 53 85 70 2 18 32 9 27 68 74 58 77 38 42 84 66 34 20 72 6 17 1 67 57 35 55 83 5 25 44 30 28 39 61 13 54 15 86 40 48 76 29 51 47 50 12 24 16 82 45
    70 62 21 53 78 77 7 50 82 18 81 67 13 64 44 37 71 28 6 10 88 24 27 8 14 41 2 5 29 20 49 3 56 32 34 69 42 58 4 31 83 38 74 45 1 76 66 46 54 43 79 33 59 52 12 48 11 55 25 51 30 60 68 39 19 73 26 75 61 86 87 63 72 9 17 65 35 47 80 36 15 22 23 40 57 84 16 85
    50 43 6 86 85 34 59 67 20 36 70 7 4 63 47 81 39 19 80 88 25 38 32 56 13 29 14 18 45 48 51 60 72 15 61 16 74 55 57 22 78 46 24 58 87 44 82 26 21 2 84 71 76 53 31 33 52 64 9 69 66 11 54 3 10 1 30 62 17 42 12 65 83 77 73 28 8 5 75 41 35 40 37 49 68 79 27 23
    25 82 62 76 72 68 44 35 85 77 11 8 67 37 48 50 75 55 5 80 39 33 61 66 4 6 2 16 51 34 45 56 3 53 57 10 84 22 88 15 60 14 28 41 23 65 49 29 9 78 32 30 59 26 74 27 73 24 1 86 18 20 46 54 42 52 64 40 12 81 19 58 69 13 17 83 31 38 7 71 47 63 36 70 79 21 43 87
    88 12 44 22 47 26 19 2 13 52 58 78 17 66 46 4 64 9 42 69 14 57 15 70 50 61 25 11 56 7 86 84 76 23 24 36 32 1 21 72 8 31 41 62 35 54 68 63 79 65 83 67 3 75 6 77 80 81 45 87 5 27 28 85 71 16 73 55 20 74 60 10 53 49 51 37 33 34 48 40 43 18 29 39 38 59 30 82
    39 72 61 42 30 41 81 49 51 82 85 63 54 73 1 84 37 38 67 45 35 20 48 16 12 75 80 10 79 14 55 88 64 77 7 76 4 46 74 34 87 60 3 28 40 33 19 69 18 26 65 53 31 13 43 44 21 29 47 57 66 25 62 17 22 2 24 32 83 78 27 70 9 8 58 6 86 56 11 15 50 68 59 36 52 23 5 71
    12 60 11 30 75 6 14 20 79 51 44 58 7 35 54 66 27 80 40 84 48 46 9 76 32 68 19 15 88 87 39 71 74 62 59 36 77 57 37 29 63 10 13 81 70 2 1 69 33 5 50 56 22 52 42 86 16 4 8 61 83 31 26 23 21 65 73 53 78 34 38 67 3 41 18 64 17 55 25 24 47 45 82 85 72 28 43 49
    66 54 53 80 76 73 14 57 59 35 74 21 72 49 69 8 47 29 55 24 61 40 43 26 17 25 83 78 88 3 5 56 7 12 16 34 20 79 30 37 28 45 36 68 4 50 87 52 11 48 23 81 10 33 19 13 41 60 75 2 84 51 6 27 44 18 63 46 62 39 71 58 65 64 22 85 70 86 77 15 32 38 9 42 31 67 1 82
    52 5 88 20 84 14 50 83 28 56 51 41 85 76 49 81 15 13 24 54 61 25 62 64 43 47 68 11 69 59 63 58 21 3 57 10 45 82 78 71 17 33 2 86 29 12 65 87 67 60 53 22 79 16 80 34 77 23 39 18 38 1 9 36 31 19 7 26 75 8 46 35 72 4 32 73 6 48 44 70 42 74 27 40 30 37 55 66
    82 2 58 38 36 88 55 17 68 69 23 47 78 74 35 85 87 73 42 22 61 24 84 70 6 10 49 65 26 63 21 1 41 64 14 66 44 76 12 39 48 46 11 27 43 32 57 33 86 5 79 9 16 28 4 30 34 29 19 62 59 60 81 18 8 83 54 15 20 72 40 52 31 45 75 56 3 51 25 67 50 7 80 37 13 53 71 77
    43 56 44 11 32 49 66 16 71 70 4 29 42 64 88 48 9 84 79 73 82 18 45 55 39 46 72 51 47 58 37 5 1 54 15 33 67 65 80 36 26 74 20 13 8 62 59 68 38 41 19 69 3 60 30 2 12 6 25 27 22 40 14 28 85 86 87 78 23 83 21 52 81 77 24 34 75 7 10 63 35 50 17 61 76 53 31 57
    49 36 9 42 56 6 5 16 3 18 20 31 81 88 39 86 50 63 46 27 77 82 72 67 23 74 14 11 64 1 79 38 60 58 19 24 32 4 51 85 71 76 10 68 15 7 80 70 45 35 8 47 41 33 25 26 59 48 17 57 21 78 2 12 40 65 53 30 29 37 28 13 62 73 34 87 44 83 75 61 55 52 43 66 54 69 22 84
    16 81 60 88 30 35 80 10 72 45 86 48 71 3 9 63 25 68 7 87 46 85 17 42 27 65 50 31 56 11 61 47 69 40 29 84 4 6 2 41 24 78 77 66 58 74 51 36 8 83 19 52 54 12 67 14 26 73 57 18 53 79 55 59 1 21 49 82 64 33 32 43 34 76 22 13 75 15 28 5 70 37 23 38 44 39 20 62
    35 62 52 46 86 57 85 8 26 37 27 73 17 79 41 59 63 44 23 43 78 75 82 2 69 84 30 9 50 19 61 32 67 60 28 42 21 65 13 34 83 74 3 29 38 14 53 6 16 87 54 64 1 4 71 81 40 7 51 12 58 72 22 15 68 36 49 20 80 70 11 25 45 10 48 76 77 88 56 18 55 5 24 39 47 31 66 33
    87 17 64 62 3 27 16 52 14 48 57 37 44 22 18 29 81 15 24 6 65 86 26 61 85 36 41 9 69 12 1 39 84 56 5 11 32 49 8 34 83 75 88 78 66 42 76 54 30 47 80 19 20 33 82 70 4 60 73 71 53 67 58 45 74 50 79 77 40 35 7 51 63 43 25 68 10 72 2 28 21 13 23 38 55 46 31 59
    25 80 47 70 5 7 59 27 22 83 14 69 37 36 34 76 2 81 16 86 28 55 29 20 31 88 66 12 40 58 33 38 57 51 21 74 11 85 4 52 24 23 73 54 30 53 46 41 56 87 48 18 1 60 50 26 61 49 35 32 67 13 72 64 71 17 79 9 63 65 84 10 68 78 82 62 19 6 45 39 77 8 42 15 43 75 44 3
    34 43 45 74 5 29 65 87 83 40 9 52 84 54 35 14 3 6 18 71 12 46 59 79 70 72 80 78 82 31 21 36 8 47 67 86 49 58 23 41 63 76 2 7 69 24 28 38 37 25 20 17 16 39 42 56 13 81 77 22 53 27 85 88 61 51 32 62 15 10 55 33 26 48 44 73 68 64 66 75 30 57 60 11 4 1 19 50
    60 76 37 56 55 22 1 2 63 20 18 61 27 84 43 80 67 31 35 53 39 24 25 69 44 26 38 75 9 54 15 4 32 64 78 52 87 65 73 45 62 49 68 28 23 72 77 57 58 74 11 36 3 6 83 66 70 29 12 42 41 50 86 21 10 88 47 33 5 46 81 19 71 51 8 48 34 16 14 13 85 40 59 7 82 79 17 30
    83 55 44 22 10 1 32 78 30 88 15 19 42 57 50 14 45 80 21 64 12 67 7 27 31 11 66 36 73 43 87 13 46 70 75 84 49 40 63 38 33 20 39 53 69 51 74 28 16 34 56 86 2 65 68 25 76 29 6 3 17 61 77 35 5 18 60 41 85 4 48 47 26 82 24 37 8 72 71 62 9 23 59 52 54 79 81 58
    65 58 6 60 29 82 69 57 28 26 3 63 56 39 33 2 1 41 55 87 71 8 18 19 61 50 9 31 43 24 40 72 53 64 38 10 11 15 35 79 20 48 86 27 81 32 13 7 67 34 36 12 76 21 52 44 77 4 85 5 22 37 66 25 42 62 54 80 78 23 30 49 74 70 45 17 75 51 59 16 47 68 84 83 14 46 73 88
    79 88 7 66 49 16 78 62 46 10 34 14 43 23 38 39 9 75 19 3 82 6 1 30 4 25 81 33 56 5 35 12 24 15 64 20 65 72 69 32 68 52 85 18 44 42 36 63 70 40 51 13 22 48 59 87 73 74 83 29 53 11 84 67 27 58 8 54 60 26 47 17 50 86 76 28 71 21 55 61 2 57 45 31 80 41 37 77
    62 5 71 38 67 46 63 19 27 21 24 12 11 68 58 57 33 74 29 2 60 84 79 15 48 56 83 53 65 30 59 88 7 8 34 13 51 32 9 14 22 45 17 72 76 54 55 61 50 69 52 49 41 87 26 16 28 10 3 35 20 42 39 85 36 23 47 70 31 40 44 78 1 25 4 43 73 66 86 77 18 81 6 75 64 82 80 37
    49 53 60 54 26 64 55 37 5 81 19 51 32 18 25 69 29 61 15 28 40 39 83 16 52 80 84 44 2 73 70 9 21 10 86 11 74 24 68 77 30 72 78 63 58 6 13 76 4 75 17 38 82 66 71 85 8 20 59 48 36 42 12 7 43 65 88 34 47 22 46 14 56 27 1 31 50 57 23 35 41 33 45 79 87 67 62 3
    62 77 72 22 2 9 67 54 49 80 85 41 79 66 12 43 75 6 47 57 13 53 44 78 71 74 73 87 81 76 39 59 33 64 20 29 25 65 69 34 21 70 88 30 37 4 48 8 14 38 40 18 51 15 35 27 10 63 7 31 23 36 82 45 17 55 24 28 1 50 32 83 52 84 19 11 68 61 58 42 86 16 60 5 46 26 56 3
    45 84 33 52 86 74 30 60 21 44 68 8 63 50 87 43 75 5 9 2 29 20 83 72 11 73 39 6 71 37 51 62 47 53 23 40 7 32 77 15 4 41 54 55 28 34 3 36 10 69 85 65 78 88 82 76 79 70 22 56 42 1 17 27 12 49 81 24 38 66 13 19 31 57 59 48 14 35 64 25 18 16 58 26 61 46 67 80
    9 42 76 65 48 18 24 55 1 16 81 4 82 11 29 25 33 87 22 84 59 40 52 44 71 10 68 15 19 32 2 79 26 57 61 50 38 72 73 56 67 51 70 21 12 53 75 36 86 85 14 45 34 78 63 49 74 3 20 46 54 64 31 83 62 39 60 58 23 41 69 37 30 43 5 27 17 47 88 28 13 7 66 8 35 77 80 6
    54 32 3 71 27 5 67 85 17 11 48 43 55 9 68 31 26 64 10 40 60 63 24 1 45 13 77 84 25 83 70 51 7 50 88 2 49 4 14 58 78 87 41 80 76 42 30 21 6 19 33 46 53 72 73 15 74 79 34 75 36 86 38 16 56 39 81 65 69 59 44 29 82 37 20 35 8 23 18 57 47 22 61 52 62 28 66 12
    6 42 31 30 4 27 76 52 23 54 13 57 9 77 87 75 79 68 24 41 80 1 71 36 37 34 11 25 8 26 12 43 32 18 29 83 46 10 22 73 56 81 58 69 39 2 50 55 47 63 3 44 7 62 74 66 72 21 28 82 53 51 64 5 14 60 84 48 61 33 20 70 45 67 86 15 59 17 85 19 35 40 88 16 49 65 38 78
    50 25 61 56 16 39 28 69 86 55 79 85 37 62 32 45 5 1 42 48 36 49 6 13 53 33 7 44 83 11 17 75 2 74 43 87 20 47 3 84 80 71 30 18 29 14 26 23 10 22 34 70 81 58 12 54 38 66 88 35 64 76 52 60 8 9 51 65 24 78 31 59 46 21 77 82 57 68 4 67 19 15 27 40 72 41 63 73

