89

    14 21 69 47 41 49 73 13 76 46 68 64 60 53 61 74 22 24 55 77 45 10 32 17 79 30 66 15 65 12 1 62 84 4 56 9 88 83 35 48 54 8 28 72 50 20 42 63 80 19 3 36 44 89 5 25 38 33 18 31 81 75 26 34 37 6 51 58 71 52 27 7 67 29 43 82 85 87 39 57 11 78 2 16 59 86 70 23 40
    74 75 85 88 44 67 26 17 49 89 77 36 8 9 16 73 65 46 87 52 76 83 38 27 15 40 86 56 54 5 23 3 82 66 29 30 13 21 47 71 70 28 43 20 69 61 11 31 59 50 72 81 6 51 62 18 60 45 35 80 12 39 63 22 55 53 68 64 25 84 33 2 79 34 37 58 10 24 1 42 14 48 19 57 4 7 32 78 41
    11 34 51 56 26 80 60 14 9 5 88 36 84 20 53 78 75 52 6 39 22 25 40 54 16 61 27 32 46 15 67 10 64 42 31 29 85 17 62 83 89 3 13 77 2 19 65 71 79 87 57 73 38 49 7 69 50 58 81 72 47 76 86 4 37 28 12 48 70 24 59 44 63 35 68 23 82 74 8 43 55 41 18 45 30 21 33 1 66
    5 23 34 66 30 71 54 29 40 79 17 18 80 73 67 77 84 22 9 63 12 19 55 74 56 61 81 26 38 68 89 41 43 88 70 15 25 48 51 39 32 75 7 60 83 33 87 47 72 46 21 27 44 49 57 35 24 4 20 78 11 85 3 69 52 13 82 86 31 28 62 45 2 6 16 8 14 10 53 36 58 65 59 37 64 76 50 42 1
    74 86 4 10 49 46 26 42 31 76 28 67 3 57 82 54 24 70 80 60 87 33 19 18 35 40 21 65 53 41 84 11 75 8 32 38 16 89 20 62 37 59 44 45 69 5 64 58 15 27 85 56 68 22 1 23 81 79 51 9 77 34 39 72 14 7 12 83 2 30 52 47 25 17 29 43 88 6 78 73 63 48 36 61 13 71 50 55 66
    65 72 7 89 47 70 39 2 11 43 4 71 21 27 33 12 82 10 36 9 29 64 61 84 53 68 14 28 80 25 54 19 8 57 41 42 87 44 26 55 74 34 18 85 3 88 51 69 5 60 79 66 23 1 81 32 24 35 86 67 77 17 16 46 13 40 22 63 31 73 78 75 62 30 83 20 58 6 76 15 59 48 52 37 49 50 45 38 56
    65 44 47 6 84 82 13 26 70 88 39 74 46 5 3 12 52 10 57 55 32 42 79 29 9 71 80 81 15 37 22 58 2 28 40 35 85 27 73 20 86 72 7 25 87 64 36 21 30 59 75 45 14 77 69 67 18 48 4 89 8 63 17 54 68 49 66 34 24 78 60 38 61 62 83 19 23 41 33 11 43 1 51 16 76 53 31 50 56
    13 73 84 24 71 4 5 33 75 20 31 22 39 72 83 82 1 41 54 10 59 62 43 40 38 12 48 36 51 67 70 52 47 9 77 18 21 79 45 30 44 8 60 14 57 58 86 65 42 85 29 3 17 15 27 89 78 11 55 2 61 69 7 68 81 35 50 19 88 16 34 26 28 66 46 87 49 32 64 37 6 74 25 76 53 23 80 63 56
    37 32 63 76 6 39 18 52 41 25 12 72 10 3 38 60 16 8 64 47 20 27 21 75 85 77 26 81 71 55 78 9 62 67 84 14 70 58 2 66 36 73 22 79 40 42 44 7 80 45 46 82 57 4 17 83 35 53 13 24 19 31 88 28 34 33 68 5 86 61 1 30 59 48 50 74 49 54 89 65 56 51 15 87 43 23 11 69 29
    43 30 74 11 77 15 21 29 26 33 4 35 3 54 73 8 34 36 14 20 67 49 87 86 66 32 53 52 72 76 47 75 84 55 81 88 7 28 41 61 45 5 10 79 19 44 25 23 85 18 51 31 62 1 48 59 63 89 69 12 13 17 83 22 27 56 6 80 82 46 65 64 24 38 70 37 39 9 16 42 78 50 60 71 57 68 58 40 2
    73 24 60 39 84 44 23 47 55 10 12 15 87 41 72 77 19 35 74 76 64 27 80 22 13 30 54 51 28 56 46 69 89 18 86 14 85 3 34 57 82 45 83 7 16 32 40 26 31 81 63 43 59 78 25 79 53 50 38 42 37 58 20 6 36 2 67 68 4 88 9 33 61 65 8 62 1 70 29 66 75 48 17 11 21 52 5 71 49
    60 29 36 68 31 70 7 45 74 17 28 77 16 37 34 52 39 75 5 83 78 25 73 18 54 15 82 87 46 6 35 72 88 38 41 27 89 81 43 1 58 63 47 67 14 22 19 62 44 55 66 57 86 64 56 30 65 69 33 40 80 48 9 23 20 71 2 76 21 11 24 59 84 49 10 26 13 12 51 3 4 61 8 85 32 53 42 79 50
    41 61 52 82 1 85 66 12 6 71 79 8 84 33 23 74 2 88 29 28 55 54 40 56 36 37 31 63 3 72 14 22 57 64 13 30 46 83 45 18 70 39 62 78 25 5 34 86 80 35 47 32 19 67 73 21 42 11 49 68 75 89 65 60 15 44 77 50 38 24 27 20 87 43 53 81 9 69 48 16 76 59 4 51 17 58 7 26 10
    12 10 35 39 18 41 52 49 86 43 89 66 83 70 11 77 16 80 78 85 67 75 46 58 88 81 82 23 61 60 59 87 3 57 20 79 45 48 64 36 14 28 7 50 9 21 71 22 24 27 13 73 54 37 47 53 33 65 51 76 4 34 44 84 32 42 31 74 62 30 40 1 25 68 2 56 29 55 19 6 17 5 72 63 38 8 26 69 15
    40 51 66 69 47 86 36 61 60 83 34 43 68 89 63 25 70 73 58 38 20 5 50 12 74 14 49 15 6 33 21 4 27 32 57 48 41 16 9 28 77 30 46 87 11 72 85 24 76 19 75 37 42 64 39 56 67 80 71 82 81 2 79 62 31 8 52 26 45 84 29 44 53 10 65 3 78 17 13 1 54 88 35 55 22 23 7 59 18
    13 38 39 67 44 83 52 1 50 51 24 59 82 4 5 31 40 74 19 75 58 66 10 62 37 16 85 87 60 23 7 9 26 14 42 86 56 72 84 46 53 63 12 77 76 41 18 29 25 48 28 64 47 22 3 55 89 11 33 32 69 79 43 21 54 61 49 57 71 20 68 6 27 70 80 81 8 2 34 17 73 35 65 15 36 30 78 88 45
    11 87 60 50 52 44 7 14 1 72 41 71 49 59 45 19 2 63 61 47 15 86 25 64 26 55 27 77 22 23 40 32 6 8 57 83 78 43 62 79 84 65 68 53 28 39 89 33 38 74 21 66 34 82 30 54 73 10 70 20 5 17 76 35 37 36 29 31 80 51 56 16 4 12 88 13 75 67 18 46 48 69 81 58 9 42 24 3 85
    19 31 67 49 69 42 11 76 62 46 45 55 1 84 73 7 15 57 24 4 77 20 21 37 30 26 13 85 33 50 17 22 16 23 70 10 68 12 63 87 27 82 56 71 8 28 32 36 65 89 3 41 72 9 59 74 78 54 66 53 80 64 38 35 39 34 2 43 40 29 44 47 6 61 75 48 18 60 52 51 58 14 5 86 83 81 25 79 88
    19 40 11 26 57 4 10 80 55 24 23 87 18 36 30 88 84 41 71 46 32 48 76 53 45 42 83 33 9 66 35 28 54 20 38 61 58 43 12 74 86 29 51 16 7 62 14 85 63 34 27 6 37 8 70 52 67 79 22 75 25 78 17 31 3 64 5 69 44 49 89 60 50 56 39 21 68 59 82 2 81 1 65 77 72 73 13 15 47
    15 67 27 63 28 75 49 22 8 2 71 87 53 89 86 61 41 58 18 56 36 32 88 76 85 23 69 66 68 24 55 81 74 12 83 79 78 9 13 3 39 65 11 64 1 72 33 59 70 31 82 6 26 21 51 48 50 43 34 29 46 77 52 35 57 44 40 19 73 47 30 60 38 4 16 42 17 20 62 7 45 54 10 25 84 14 5 37 80
    31 70 34 54 37 48 55 16 19 21 67 32 69 2 77 7 39 85 73 75 1 10 81 87 6 13 46 47 61 84 23 76 83 59 12 4 63 33 15 44 60 5 79 18 45 3 53 41 27 14 11 74 28 82 71 43 89 80 66 36 49 38 29 40 52 58 86 65 9 30 78 88 62 72 8 68 51 17 35 42 64 25 24 22 56 57 26 50 20
    39 49 18 44 7 65 67 5 57 66 82 62 19 46 2 71 87 6 76 51 4 29 73 53 36 61 54 8 12 72 31 38 58 77 27 81 56 34 47 43 21 23 80 52 79 88 25 48 33 40 35 15 63 26 3 32 75 41 11 78 74 59 16 64 13 14 20 22 60 85 42 89 55 68 9 69 50 84 30 1 10 17 86 24 45 83 70 28 37
    24 53 63 83 15 6 51 48 42 82 86 11 87 32 8 89 37 21 43 25 55 47 64 17 23 56 20 2 22 67 7 38 54 72 71 61 84 68 39 36 59 13 12 19 49 34 65 69 30 79 27 58 57 33 78 46 16 70 9 76 41 81 75 29 73 28 1 35 85 14 66 77 80 40 62 3 74 26 10 44 88 45 4 18 50 5 52 60 31
    37 22 28 15 88 20 66 56 76 59 38 41 49 25 84 29 3 77 26 50 30 55 47 82 27 54 67 80 2 8 43 10 75 24 33 87 4 9 79 18 65 78 17 73 71 63 31 52 40 51 14 60 12 89 23 53 85 6 42 69 62 44 36 39 21 57 74 68 19 83 64 58 86 70 61 48 1 35 46 16 72 32 45 34 81 7 13 5 11
    13 73 62 72 86 58 30 56 24 81 7 5 80 65 35 84 74 34 19 87 29 83 71 70 69 61 78 40 77 41 67 42 27 89 88 17 50 36 44 54 55 18 3 64 8 12 57 47 28 60 48 31 33 26 66 37 9 59 82 52 45 15 6 79 10 16 68 38 11 76 75 2 43 53 25 1 51 14 32 4 23 39 20 63 21 49 85 22 46
    35 65 71 44 11 38 70 41 83 5 67 22 15 47 53 36 24 20 2 89 84 28 3 69 30 74 66 49 68 33 88 14 78 34 12 27 51 79 46 81 8 13 10 52 18 75 56 43 26 31 21 48 32 59 76 58 17 73 62 23 25 19 4 54 61 63 87 16 45 6 57 77 42 60 86 50 64 40 82 29 85 55 72 80 1 37 39 9 7
    62 64 18 54 41 31 25 75 48 14 66 87 85 51 10 81 39 67 89 74 8 27 5 2 11 29 34 38 30 46 1 36 12 21 28 37 45 17 84 52 16 35 23 68 76 63 57 6 19 3 59 70 83 24 44 58 77 22 49 9 60 69 7 56 13 53 65 61 78 40 82 72 88 47 73 15 32 26 55 4 33 71 86 42 79 80 50 20 43
    78 67 15 33 43 12 61 68 82 55 7 30 58 40 70 3 18 22 39 36 65 11 10 54 72 5 57 87 31 60 74 53 66 63 29 20 76 46 69 23 2 21 27 75 16 59 80 73 4 17 37 26 24 47 42 83 34 85 14 45 32 19 86 1 44 79 38 49 71 64 51 35 62 41 25 8 88 9 48 28 89 77 13 56 52 50 6 84 81
    12 59 16 50 67 78 11 35 74 79 48 71 14 57 55 76 30 86 25 63 38 47 24 58 62 41 2 19 39 66 22 7 61 68 17 46 64 26 53 42 49 81 40 28 4 6 87 1 44 20 5 65 51 69 80 33 8 82 23 45 72 36 89 32 9 54 84 10 34 3 52 29 15 73 88 70 83 37 60 85 56 21 75 27 43 13 18 31 77
    27 13 32 38 58 81 36 43 70 65 68 1 76 3 63 29 85 26 16 46 20 35 87 84 74 45 10 17 78 18 72 79 41 33 66 80 23 34 22 8 54 5 55 73 83 48 40 51 82 30 64 57 14 11 25 89 37 53 15 62 49 31 60 59 56 21 71 52 67 69 9 7 44 50 2 77 39 42 19 6 75 24 4 12 28 47 88 86 61
    1 58 56 57 26 69 81 46 60 49 24 2 32 25 4 6 83 17 72 31 28 61 71 34 23 76 37 8 52 42 41 54 80 33 87 75 53 36 35 55 7 78 85 18 15 19 16 27 77 39 79 67 63 29 38 50 82 88 74 30 73 11 48 20 22 51 14 68 40 21 44 45 59 13 70 86 43 3 62 65 5 47 10 84 64 66 89 12 9
    53 23 37 54 31 28 27 72 83 62 56 60 51 12 2 73 5 70 35 22 86 17 46 32 68 76 18 30 3 15 57 1 58 85 40 21 84 7 80 63 81 34 20 64 14 44 29 77 9 33 6 16 75 52 67 4 59 26 88 79 11 78 42 87 74 38 41 69 24 89 61 36 66 48 43 39 13 65 55 82 71 47 25 10 45 8 50 19 49
    5 34 3 22 13 66 84 20 53 46 43 70 39 47 11 45 42 54 56 35 26 55 68 7 48 12 6 52 57 59 74 14 50 28 81 60 9 24 37 27 38 79 89 83 36 71 1 62 41 19 31 21 63 49 18 86 8 25 33 65 88 15 44 69 67 30 40 87 77 10 75 82 72 4 23 73 17 58 32 76 16 2 80 85 51 61 29 64 78
    54 42 39 44 88 20 66 3 72 16 68 65 28 60 57 34 85 62 58 6 32 12 48 10 55 56 7 70 51 15 74 87 38 49 77 29 4 79 19 84 46 86 26 36 89 43 75 22 76 2 67 5 82 18 73 63 35 45 64 8 81 71 13 83 78 41 59 47 50 1 69 21 14 27 40 24 17 37 33 52 31 23 80 53 11 30 25 9 61
    50 22 30 1 55 24 67 83 72 29 34 25 88 64 77 59 13 18 8 20 47 46 48 42 53 52 33 19 39 49 78 57 68 9 80 40 69 51 61 7 71 35 23 45 89 76 75 26 54 21 31 27 32 14 73 17 5 36 43 87 70 63 41 58 3 37 12 86 66 65 56 16 6 44 2 10 28 60 62 11 74 4 15 81 82 79 85 38 84
    21 71 11 34 16 50 28 76 17 57 83 58 3 89 14 80 8 31 23 61 41 13 56 54 12 79 86 63 29 5 22 46 10 38 77 6 2 4 84 30 47 65 51 35 7 36 81 75 48 73 69 15 40 26 55 19 43 45 53 64 9 68 62 88 20 66 49 74 1 67 24 87 39 52 60 59 44 33 37 42 70 25 82 18 27 78 85 32 72
    7 32 60 37 80 25 6 42 15 36 52 17 67 71 23 54 58 33 73 88 14 62 69 44 34 28 5 89 18 46 77 68 70 66 1 40 75 76 19 53 13 49 47 85 50 74 61 82 9 78 39 79 12 11 31 22 51 56 8 26 86 29 45 10 27 57 21 41 55 38 81 4 72 16 64 3 63 87 24 48 84 30 35 20 43 83 65 59 2
    12 84 39 32 85 45 76 62 41 80 65 10 37 23 72 28 73 1 33 71 43 4 44 34 29 7 11 19 89 9 46 13 75 49 2 26 15 52 24 40 60 83 16 88 86 68 25 79 67 66 70 78 48 87 5 51 81 38 82 36 31 42 30 55 61 6 58 21 27 14 77 22 20 17 59 47 50 57 63 64 53 3 18 35 69 54 56 8 74
    25 50 55 29 89 7 76 42 9 5 14 12 81 69 75 40 13 82 47 53 62 45 10 73 51 32 59 15 88 72 19 54 26 63 3 85 6 86 48 79 83 20 56 44 65 64 34 52 31 24 4 68 17 21 66 16 58 84 22 27 30 77 39 46 61 18 74 37 35 57 36 71 1 38 49 80 43 41 78 33 28 70 23 2 67 87 60 8 11
    81 61 33 73 71 31 44 60 27 9 48 34 47 12 24 41 28 42 74 67 26 72 25 38 86 23 40 6 5 22 37 7 20 80 54 21 88 18 89 15 78 62 10 52 14 3 57 58 75 66 1 43 79 30 64 46 29 51 77 2 16 76 84 56 82 68 36 50 69 59 35 39 11 45 65 53 85 4 63 13 49 17 8 70 83 32 87 55 19
    85 48 89 86 42 66 84 45 65 40 87 16 43 22 21 54 6 11 82 37 25 34 8 36 79 52 78 12 51 29 19 28 56 5 39 17 83 2 23 69 46 30 9 64 55 88 18 68 15 26 73 74 14 67 47 20 38 61 1 76 50 75 41 7 31 24 32 58 80 35 59 70 3 77 33 27 13 60 72 62 57 44 53 49 63 81 71 4 10
    24 63 40 1 35 47 19 54 79 67 16 89 75 55 39 66 13 72 15 83 58 43 70 6 71 87 65 36 74 26 51 23 4 28 68 32 53 44 12 18 17 5 84 85 76 41 37 61 21 31 11 20 82 78 88 10 9 14 46 48 60 73 52 50 2 38 56 81 7 59 86 34 77 25 80 29 45 30 8 64 33 42 57 62 69 27 22 3 49
    1 56 85 44 45 40 53 2 75 61 30 39 49 5 55 86 78 22 60 66 11 15 16 83 54 14 10 43 88 33 77 23 27 36 50 24 28 63 73 64 26 41 76 70 3 37 80 74 4 7 32 19 9 18 8 29 38 72 62 58 71 46 57 87 20 6 89 35 65 25 31 51 79 67 17 21 82 47 12 52 13 69 81 34 84 48 59 42 68
    63 75 79 50 37 18 36 45 33 26 1 78 40 31 2 5 55 46 43 60 14 8 89 4 83 56 35 11 7 73 70 72 67 3 64 10 15 85 39 59 25 17 74 65 54 48 38 53 86 57 47 49 88 58 42 23 52 32 6 29 27 9 81 61 82 19 66 41 84 68 34 71 16 20 21 87 28 22 24 77 13 51 44 62 76 12 80 30 69
    44 32 59 49 74 62 50 70 2 38 14 55 16 8 34 71 4 6 35 17 9 30 51 80 42 53 7 57 26 66 87 56 37 33 15 12 68 61 18 54 85 86 29 83 11 45 3 58 73 81 76 36 84 79 77 47 60 19 43 52 31 20 64 46 89 75 28 27 5 23 67 13 1 41 78 63 22 24 21 10 48 72 65 88 39 40 25 69 82
    30 10 79 24 82 47 46 13 2 7 52 20 54 11 70 23 63 38 71 88 58 64 77 85 21 28 51 67 41 68 18 75 83 60 80 86 84 6 49 26 3 45 55 48 27 34 73 42 72 65 32 31 69 61 50 56 8 39 76 33 4 5 16 40 19 15 36 62 89 66 44 17 29 59 35 12 43 78 22 1 57 53 9 25 87 74 37 81 14
    39 67 52 62 74 36 7 13 30 64 42 14 82 9 32 28 65 18 33 41 19 1 24 37 72 61 78 27 22 47 35 77 88 16 84 75 17 76 29 87 79 71 45 5 55 50 3 59 8 86 12 68 60 70 31 63 53 85 89 38 54 83 40 66 10 44 56 20 73 69 23 6 34 15 51 4 58 57 11 26 25 81 46 48 43 2 49 80 21
    45 1 17 10 16 65 8 42 27 78 3 4 31 15 9 68 56 53 46 75 6 59 7 29 57 84 33 77 35 72 73 21 52 5 44 81 64 50 14 49 20 22 47 80 11 40 24 66 62 86 61 87 28 37 54 38 74 19 69 79 25 58 36 48 83 39 60 67 30 12 2 88 23 13 41 85 63 26 55 76 34 70 82 18 43 71 89 32 51
    43 73 34 45 64 7 10 47 19 26 79 25 67 80 38 70 1 14 74 33 32 27 61 71 62 84 12 39 40 41 22 65 42 57 18 16 54 87 88 36 49 60 83 52 3 51 2 82 23 6 59 24 85 13 9 48 56 37 86 53 46 63 20 5 75 8 68 44 21 35 89 72 17 29 15 78 30 55 50 58 31 77 28 66 4 11 76 69 81
    70 18 73 61 79 68 67 88 13 34 83 71 63 3 11 37 50 39 2 22 25 76 82 40 27 36 75 4 64 85 58 30 72 41 19 48 66 20 80 42 89 9 38 51 10 28 23 65 29 31 77 62 45 47 21 86 44 81 32 54 52 56 14 16 78 35 43 33 46 53 15 12 7 5 59 8 57 6 84 24 26 87 17 69 49 55 74 60 1
    82 62 79 48 29 25 46 80 23 15 39 77 50 49 28 24 65 44 26 14 11 8 1 68 35 43 42 12 34 71 9 31 86 89 47 70 75 33 88 10 83 18 55 56 27 85 6 76 37 87 81 53 73 45 38 60 21 58 51 7 16 61 5 36 74 19 64 30 52 54 20 22 2 17 67 66 32 13 40 69 41 78 84 3 4 63 59 72 57
    57 66 49 47 79 86 53 21 59 67 55 28 63 2 23 48 34 40 69 61 7 1 45 80 10 32 60 43 13 36 5 33 84 52 81 50 72 68 22 35 82 56 58 24 88 25 77 38 85 62 64 29 54 39 9 44 51 8 6 74 31 16 76 3 78 42 17 37 30 73 12 15 65 27 14 87 26 20 41 83 89 75 11 70 19 46 71 4 18
    71 47 16 53 31 34 66 73 44 51 26 30 28 89 69 42 49 87 25 59 14 29 76 37 88 22 18 13 11 15 79 41 68 27 24 8 12 45 56 2 35 70 62 54 58 85 39 55 23 10 43 65 50 63 46 77 74 1 78 4 61 9 57 17 36 48 86 84 75 32 21 33 40 38 52 7 81 64 83 20 82 67 60 3 19 72 80 6 5
    20 8 25 66 65 55 41 39 6 58 82 32 76 11 33 83 43 38 1 80 56 79 30 35 5 84 46 61 7 77 64 54 59 28 15 57 31 86 10 67 74 29 36 71 78 81 72 88 12 63 68 49 52 13 69 3 48 73 23 87 45 42 75 34 37 85 60 14 47 40 22 51 50 89 18 27 44 26 9 21 17 4 24 16 2 62 53 70 19
    40 55 50 30 43 20 81 5 6 9 8 71 63 62 11 23 78 34 51 33 4 49 18 29 12 61 37 77 84 48 64 44 68 76 19 83 70 60 58 7 57 47 42 15 14 66 17 59 54 74 27 13 82 67 2 69 72 53 56 89 35 21 45 36 32 87 46 1 16 31 22 79 52 3 86 25 41 88 24 10 73 65 75 80 28 26 39 85 38
    10 42 39 20 22 46 77 71 72 73 88 86 83 41 84 80 61 33 49 1 52 38 12 25 27 16 21 6 23 57 85 66 60 54 81 9 24 75 69 78 87 70 43 64 37 51 89 55 53 18 74 76 50 19 44 62 59 4 63 28 65 17 13 34 82 32 47 79 3 30 40 26 8 5 7 68 14 31 67 36 56 15 58 2 35 48 29 45 11
    57 24 13 33 86 42 37 11 40 62 9 2 80 54 66 19 26 82 77 71 45 61 64 10 32 72 16 47 81 17 44 85 22 83 69 27 68 70 30 35 79 39 18 73 38 48 58 60 5 78 76 36 6 52 53 87 14 4 7 20 21 74 25 63 50 84 51 23 29 67 89 34 59 75 8 46 49 3 31 15 41 88 56 1 55 12 43 65 28
    41 8 18 16 44 2 69 61 17 36 40 86 83 1 53 85 88 28 13 22 37 24 26 49 48 34 31 76 9 59 46 81 42 79 33 10 75 68 20 45 6 87 67 66 55 73 14 77 39 15 52 21 82 19 32 12 29 5 35 71 70 60 11 43 57 25 58 72 23 47 84 65 50 63 38 74 54 62 30 78 4 3 56 7 80 89 64 51 27
    29 42 81 12 61 84 65 36 83 2 19 41 49 72 68 87 60 8 66 31 34 79 28 78 74 18 14 51 30 45 63 82 71 40 33 38 88 24 62 57 27 23 64 59 20 7 46 55 25 86 4 5 73 53 22 77 52 35 39 15 85 56 50 17 58 9 3 47 43 80 75 44 6 54 11 32 16 13 1 37 89 21 10 76 26 70 67 48 69
    14 48 74 54 82 56 7 53 63 51 25 16 2 15 75 28 59 72 20 39 78 77 60 68 17 24 49 43 55 3 4 84 80 5 67 71 52 8 13 50 83 26 79 31 66 88 58 22 19 23 69 30 81 65 61 70 85 9 37 89 32 57 46 33 41 73 21 62 6 87 29 12 11 18 42 40 38 45 36 44 64 76 34 35 10 47 86 1 27
    64 43 74 73 21 77 81 12 1 4 17 60 26 46 27 16 7 47 8 65 84 18 87 41 86 6 57 25 66 24 62 63 49 11 15 48 28 5 42 2 79 10 82 78 89 22 69 31 70 39 44 83 55 14 13 52 68 51 29 88 20 32 30 53 19 71 59 38 56 54 61 34 67 40 72 45 3 37 35 50 75 9 36 23 58 80 85 33 76
    15 42 54 65 75 32 55 84 23 83 64 4 8 16 26 78 50 31 52 62 82 71 10 21 9 53 51 81 36 2 67 35 66 43 61 18 89 69 58 24 22 27 1 41 86 49 38 7 79 44 63 48 72 19 13 14 73 60 85 17 59 87 30 88 40 28 33 74 70 39 5 11 37 47 45 57 56 46 76 80 29 3 6 77 34 68 25 12 20
    16 50 33 78 55 66 35 7 30 83 64 41 40 65 18 1 73 85 13 26 60 52 20 2 32 56 88 53 79 58 72 4 14 23 28 59 11 87 12 80 22 51 19 10 36 81 37 84 57 61 75 67 82 29 71 17 43 54 74 8 70 44 38 21 63 42 24 47 68 49 77 5 31 9 25 86 46 62 69 6 15 48 89 3 45 76 34 27 39
    37 76 28 89 25 26 18 80 12 84 65 13 27 5 20 22 10 59 43 85 45 79 69 23 72 40 36 16 56 2 35 77 15 58 60 73 6 88 33 70 75 53 38 19 71 74 82 3 83 86 50 34 67 9 81 32 11 48 39 52 24 68 21 66 29 61 63 51 47 64 62 44 46 41 87 14 8 30 57 1 17 7 49 31 55 4 42 54 78
    44 51 63 31 11 64 15 2 38 4 82 43 6 24 1 10 66 22 46 30 79 54 26 67 32 86 71 49 76 75 60 45 9 62 17 16 34 12 50 52 40 77 47 55 80 85 36 73 27 89 14 81 69 42 53 56 70 35 61 21 23 87 5 25 19 58 57 7 37 59 65 68 88 13 72 78 83 28 20 3 48 39 74 29 18 84 33 41 8
    5 24 47 30 41 32 20 6 14 65 83 45 61 50 9 55 70 64 84 28 63 21 2 19 16 89 74 22 79 69 60 34 17 13 77 35 82 58 38 42 68 88 18 7 72 80 26 57 66 67 10 48 85 49 44 1 8 46 31 4 86 11 3 33 51 78 81 59 62 71 27 87 75 25 39 12 52 15 56 37 54 53 36 73 40 76 23 29 43
    44 57 20 51 41 11 65 80 78 12 37 17 53 27 3 43 55 88 19 36 59 23 73 50 54 31 34 32 70 18 60 39 58 64 47 63 66 79 49 83 7 5 40 56 26 75 45 48 15 81 77 9 24 6 38 74 2 25 22 30 84 4 1 8 46 16 14 71 68 67 76 28 42 82 52 61 69 21 29 72 62 10 33 87 86 89 35 13 85
    28 67 4 47 61 10 60 32 71 16 42 41 84 54 25 12 88 44 7 35 64 31 49 14 87 29 83 46 36 57 76 80 74 37 72 2 21 86 50 26 39 82 48 38 70 78 69 23 51 17 68 66 56 8 18 73 5 62 33 27 11 58 1 6 40 20 22 55 85 65 3 43 9 19 45 30 89 34 13 79 75 59 24 15 77 52 53 63 81
    12 32 43 70 21 6 28 35 36 19 2 1 45 89 88 87 33 68 64 29 47 44 7 76 83 22 54 50 37 59 75 62 41 78 17 25 56 77 38 14 51 16 71 69 72 66 11 40 81 39 23 82 4 26 10 85 63 60 52 79 80 5 31 55 49 15 8 18 20 46 42 74 86 58 24 13 30 84 34 48 3 67 73 65 61 57 53 9 27
    82 29 47 59 6 19 1 27 33 17 30 67 32 71 88 23 38 80 18 81 57 22 44 31 87 39 84 68 49 89 43 85 63 34 75 76 61 7 40 26 20 11 15 62 86 72 77 66 73 46 41 3 50 45 74 58 36 16 51 35 69 60 37 64 56 79 54 10 5 28 55 70 14 65 9 25 48 83 24 2 4 53 21 13 78 12 42 8 52
    47 53 84 32 51 75 64 65 17 27 36 40 85 22 78 46 9 2 87 48 59 86 21 62 13 61 68 12 3 58 50 67 82 71 42 44 26 8 66 76 4 19 11 31 52 73 70 57 55 81 23 37 69 30 7 1 63 10 77 80 16 79 29 49 39 88 83 25 60 74 28 38 35 45 72 89 14 43 56 20 24 15 54 18 5 34 6 33 41
    34 65 72 75 69 88 59 20 44 60 21 77 45 85 78 27 11 49 2 73 10 83 80 81 62 43 17 19 89 36 38 42 23 13 30 70 66 50 61 3 18 57 7 63 46 33 14 12 4 16 74 25 9 84 15 8 6 48 22 37 52 40 26 51 41 58 55 54 24 53 79 32 39 64 35 87 67 47 82 86 71 5 28 31 29 56 76 1 68
    66 72 23 18 77 27 9 43 47 87 79 62 44 13 20 11 83 33 86 40 42 85 63 70 55 53 15 75 84 67 68 38 37 3 8 31 32 64 54 46 49 2 88 56 71 48 10 26 45 19 61 39 41 73 7 82 28 89 80 58 14 12 76 78 1 6 24 4 17 52 57 5 29 22 65 81 16 21 59 51 69 60 25 30 74 36 35 34 50
    13 82 67 15 25 69 36 47 35 43 32 3 12 70 66 34 1 72 33 7 76 20 17 63 42 40 14 28 18 64 56 46 58 45 23 21 88 62 30 38 65 44 54 9 73 48 10 11 37 79 80 74 83 78 31 59 24 61 71 55 19 84 22 2 4 5 41 49 75 26 52 39 53 57 60 16 51 87 6 27 8 50 89 68 81 86 77 85 29
    35 3 30 33 21 84 63 64 17 49 2 85 78 25 16 5 42 67 44 83 31 39 24 38 75 4 1 34 32 74 20 59 79 19 87 88 50 12 26 52 65 15 37 8 54 55 71 66 14 69 18 45 76 82 9 68 80 73 28 43 23 81 47 11 56 40 89 46 6 29 61 41 48 53 62 70 72 7 27 51 13 36 77 10 57 22 86 60 58
    66 9 30 15 38 22 20 3 47 10 32 33 24 87 61 12 53 64 79 37 80 11 57 56 48 7 25 50 70 40 29 31 5 17 62 82 73 65 71 52 63 46 2 49 60 14 36 78 18 26 74 6 23 72 35 21 59 88 44 77 13 55 67 85 45 84 76 69 19 75 34 58 28 54 16 27 43 39 51 1 83 42 81 4 86 8 41 68 89
    80 58 25 37 59 62 88 17 78 21 24 45 43 66 72 18 27 69 60 61 32 7 44 63 23 42 30 22 89 9 4 28 48 82 34 83 85 51 16 12 35 79 20 54 39 1 73 3 84 29 47 40 76 49 8 33 64 70 55 36 65 2 26 56 6 52 11 15 74 53 71 81 57 46 14 77 19 87 31 67 86 41 68 38 5 13 10 50 75
    53 63 80 24 1 4 71 26 18 82 9 38 39 85 43 49 86 10 6 8 20 59 58 7 42 30 55 3 13 46 22 62 25 79 69 28 33 65 70 19 15 50 31 73 23 87 78 47 56 72 83 48 88 11 66 52 21 5 61 34 89 16 67 40 32 17 76 27 75 12 45 54 37 44 64 68 81 36 35 77 41 29 14 57 51 74 2 84 60
    34 43 71 12 30 29 13 15 69 41 87 23 81 39 35 8 61 4 28 6 9 59 46 75 25 42 3 78 82 26 88 17 57 65 64 24 37 76 49 33 11 2 85 7 18 45 53 54 67 86 70 31 36 55 60 5 52 58 40 21 48 38 14 44 73 19 62 47 84 32 10 22 72 83 51 50 80 20 1 89 68 56 77 66 74 27 16 79 63
    24 37 74 65 53 48 59 75 61 84 71 30 43 70 83 52 56 23 20 26 77 31 68 57 6 39 40 12 9 76 36 19 38 85 14 58 78 88 25 44 35 63 62 3 55 13 1 50 80 21 10 16 67 54 7 2 51 17 49 11 41 27 89 66 18 69 42 28 64 15 34 33 72 5 87 82 79 22 4 29 73 8 86 46 81 60 32 47 45
    59 43 40 42 7 38 29 23 58 66 71 72 77 12 33 4 54 34 69 30 80 27 19 46 51 89 49 76 65 56 16 26 11 13 53 73 45 14 82 86 61 8 25 24 47 21 9 75 3 70 63 44 32 10 36 88 5 67 41 17 1 50 60 84 6 57 2 22 48 64 85 18 87 81 37 28 74 78 62 52 35 68 55 83 79 31 15 20 39
    25 16 76 1 84 13 29 80 53 4 21 45 14 71 44 50 75 86 52 66 54 63 9 89 58 6 42 79 46 24 61 47 43 72 10 36 51 88 35 87 5 81 74 27 11 65 39 33 37 19 64 34 17 31 7 32 82 26 85 40 48 70 30 83 73 62 20 3 23 49 56 59 38 55 22 57 8 69 41 15 12 77 78 60 2 68 18 28 67
    68 2 5 27 61 60 3 83 48 23 65 40 28 62 18 78 88 72 7 74 15 49 82 21 41 42 35 4 19 20 45 33 13 84 26 14 85 16 89 51 50 43 36 11 59 71 86 6 47 12 67 70 39 77 80 75 57 29 76 22 31 38 64 30 46 1 87 34 69 56 8 54 52 66 63 73 17 25 81 24 32 79 9 37 58 53 10 44 55
    71 72 70 84 4 32 80 17 5 43 40 8 50 59 11 21 69 52 89 24 3 47 86 64 81 76 60 79 83 51 29 49 20 63 41 57 55 87 30 18 62 73 46 25 42 65 35 54 44 15 12 1 2 67 33 75 39 74 7 10 45 22 88 16 38 56 14 82 28 23 19 31 27 37 36 9 48 61 53 78 85 13 68 26 6 58 66 77 34
    34 37 10 61 84 11 78 87 81 63 77 44 6 70 16 57 47 60 39 31 45 72 89 2 68 4 76 58 55 18 62 53 49 36 23 66 75 79 25 64 35 13 40 67 51 59 1 42 9 29 12 32 71 50 5 54 22 56 85 65 26 30 17 43 73 80 46 41 19 14 24 28 15 8 86 69 83 21 7 52 88 33 38 20 82 3 48 74 27
    75 26 57 34 2 76 69 31 35 71 5 86 12 40 84 30 54 32 58 80 28 16 23 4 85 55 7 29 19 10 62 1 15 64 46 79 45 21 56 41 53 88 43 27 82 51 78 44 68 49 74 60 52 87 24 77 37 47 89 3 63 25 6 13 70 83 72 18 42 39 17 20 11 14 73 36 8 81 9 50 33 67 61 59 66 65 38 48 22
    61 7 14 29 78 81 20 23 80 37 75 60 31 28 54 67 8 87 9 51 2 72 85 22 10 32 66 18 25 33 1 38 41 55 83 26 62 88 21 73 49 79 56 34 45 76 53 35 52 40 50 6 86 48 19 11 89 46 3 24 39 77 5 64 30 27 16 4 42 44 58 59 57 15 82 17 68 63 70 12 36 47 43 65 84 74 69 71 13
    88 6 52 60 12 7 79 55 29 63 3 86 2 13 27 20 9 18 85 80 35 34 39 70 51 50 56 5 30 48 78 89 75 67 62 14 83 46 53 76 21 4 64 72 49 66 38 15 82 31 59 68 87 11 10 40 41 43 17 24 77 74 33 19 8 37 45 58 54 25 1 22 69 61 47 42 32 36 57 16 65 23 73 84 71 26 81 28 44
    10 16 2 64 41 40 21 8 89 13 81 49 87 76 34 56 18 43 44 45 39 17 9 60 86 54 85 37 27 88 75 69 71 3 15 31 48 52 28 66 20 80 14 24 35 61 1 11 36 33 19 82 70 47 42 38 74 68 59 57 25 7 58 30 50 23 78 72 53 62 29 4 12 65 63 5 79 46 26 84 55 6 32 77 83 67 51 22 73
    13 68 61 65 28 54 18 62 83 64 24 20 32 89 25 55 66 30 26 9 21 59 75 53 5 73 45 39 76 80 84 23 43 16 47 72 70 86 79 44 7 46 17 63 88 74 69 10 78 34 14 87 82 15 22 40 85 41 49 67 71 19 42 52 3 27 35 51 58 4 6 36 33 1 38 8 81 77 2 12 48 50 60 37 57 11 56 29 31
    3 22 12 7 6 5 55 37 74 36 35 64 65 66 16 84 32 45 89 8 72 49 57 9 4 80 79 59 86 44 67 70 53 26 56 34 82 83 23 39 20 58 10 46 1 81 21 29 85 41 52 75 73 42 17 77 14 88 11 87 40 24 30 28 13 48 33 68 54 61 50 31 18 60 15 69 63 47 51 19 2 27 78 71 76 62 25 43 38
    40 84 26 46 42 53 15 20 82 64 39 14 12 21 70 18 78 31 22 27 30 62 37 41 54 7 5 57 58 79 56 6 61 66 75 67 11 83 1 44 63 49 29 73 48 77 52 74 81 34 8 19 33 38 32 87 59 47 28 65 35 55 60 24 13 76 9 85 69 80 50 17 16 71 4 45 10 36 68 25 43 86 51 72 3 89 88 2 23
    29 54 86 14 62 26 3 75 83 12 53 5 30 63 65 42 33 43 66 19 80 10 76 88 60 51 77 35 41 2 71 47 50 49 67 1 84 79 69 36 82 64 55 23 85 58 34 6 48 44 52 87 81 37 18 56 89 13 70 39 68 20 61 31 21 15 9 38 27 25 73 4 40 78 17 45 32 59 7 11 8 22 74 16 24 28 46 57 72
    69 54 47 66 77 85 62 19 89 53 79 42 59 20 40 63 35 8 1 38 74 49 21 25 7 46 41 6 61 56 72 4 84 81 83 16 73 44 58 29 48 14 75 10 52 88 23 76 2 12 50 37 3 26 70 30 82 55 71 65 80 43 17 64 36 87 45 9 32 33 28 86 68 18 13 5 31 15 27 39 78 34 67 22 60 11 24 51 57
    10 9 73 87 18 37 39 25 14 72 86 1 58 19 29 49 65 84 23 2 54 24 81 30 44 68 75 66 43 67 56 38 8 27 71 16 70 85 7 53 21 46 57 64 60 15 17 74 42 20 45 82 50 41 78 32 40 83 51 55 79 13 35 61 31 76 88 22 63 3 80 33 48 77 28 4 36 69 6 89 34 59 26 47 5 12 62 52 11
    83 74 78 75 29 42 22 80 56 60 18 15 25 19 58 45 48 21 57 11 16 55 63 64 66 10 3 7 59 53 13 38 73 65 62 49 46 79 20 51 84 87 34 86 24 89 47 26 30 67 88 6 2 81 52 28 14 44 4 54 40 37 33 82 35 31 1 76 23 5 32 17 12 50 36 72 71 69 8 39 70 61 68 77 27 85 43 41 9
    24 58 67 76 5 32 63 15 64 48 51 84 80 55 28 75 2 43 44 62 39 60 11 3 20 35 12 41 59 54 69 71 38 25 26 77 21 57 86 46 73 61 83 8 33 40 79 66 13 18 65 16 56 10 82 31 87 27 81 36 1 23 85 4 49 45 19 42 34 72 50 74 47 6 53 14 37 68 17 89 78 22 52 9 70 88 30 7 29
    61 50 72 65 86 78 37 21 36 10 19 3 75 7 62 18 29 52 16 40 38 12 35 71 85 77 42 83 22 44 14 11 53 63 46 41 47 15 81 69 66 28 23 43 59 76 87 13 49 64 56 9 68 70 32 1 82 27 88 26 80 8 67 74 24 79 4 34 33 45 39 30 5 17 58 55 84 2 73 31 51 57 54 60 48 6 20 89 25
    6 41 49 25 15 38 30 63 18 48 53 11 19 68 33 4 76 88 67 66 62 12 73 80 31 1 40 84 20 71 24 77 46 52 13 39 74 50 58 45 22 89 47 81 57 65 51 10 87 86 23 61 35 56 72 34 82 75 36 17 78 64 69 44 70 7 28 29 43 26 83 37 21 14 8 85 32 5 59 60 9 55 27 79 16 42 3 2 54
    62 40 82 67 61 54 80 44 26 36 78 29 49 22 81 52 8 76 68 7 2 10 55 34 5 4 57 41 38 60 30 75 28 77 50 1 24 83 11 89 87 72 6 58 74 19 16 88 12 18 64 47 53 20 15 56 45 69 25 59 51 32 9 14 48 33 3 23 13 85 37 43 63 21 39 66 86 84 31 79 73 46 65 70 35 42 27 17 71

