90

    68 27 26 73 65 18 42 76 11 14 44 56 21 83 24 72 55 43 33 53 17 25 32 69 2 82 7 49 36 19 86 80 38 58 15 8 57 70 62 35 61 41 75 54 31 74 46 78 79 59 50 64 71 23 22 48 60 20 5 81 52 51 85 90 45 63 84 77 4 13 9 39 16 87 28 1 40 88 67 3 29 37 12 10 47 66 30 6 34 89
    80 11 76 14 29 42 16 34 90 27 37 23 66 52 45 55 36 59 88 19 38 68 87 49 83 48 9 73 6 79 85 63 71 44 58 1 28 75 74 32 47 56 57 50 72 35 18 86 25 53 62 10 81 26 78 70 61 3 22 77 30 13 24 43 8 54 4 46 33 51 41 64 82 67 20 15 2 5 17 12 84 89 31 7 40 69 60 39 65 21
    85 37 11 41 23 20 74 87 60 13 30 72 5 63 83 43 28 7 1 69 16 27 31 34 80 76 64 48 14 21 90 10 46 86 47 73 88 8 6 50 57 42 25 54 52 84 51 26 2 33 17 79 55 9 44 66 89 59 29 3 22 19 49 71 58 12 4 68 53 45 38 18 65 24 56 32 39 78 67 70 40 75 15 82 62 81 36 77 35 61
    50 6 61 72 20 42 34 33 46 17 84 67 13 38 11 89 79 55 78 73 31 18 10 86 63 21 12 47 9 19 8 24 3 56 7 68 29 27 22 70 2 1 64 43 54 51 14 28 25 69 45 52 16 80 4 44 87 82 5 88 30 15 23 65 26 39 83 32 58 62 41 76 53 59 60 49 85 40 77 37 90 35 74 36 48 57 71 75 66 81
    42 27 73 79 72 30 68 16 37 2 21 36 23 13 80 71 15 33 60 53 48 76 11 78 10 14 66 40 24 35 34 50 5 12 25 67 38 51 45 61 8 55 84 88 47 87 57 69 28 86 3 83 17 32 29 85 65 22 64 70 77 54 41 56 4 19 75 31 9 74 18 1 90 39 62 89 52 43 6 20 58 81 49 7 46 26 63 44 82 59
    5 9 87 7 70 74 61 54 83 12 28 38 43 85 34 44 4 86 67 1 27 63 82 78 24 47 88 32 45 79 8 50 52 16 11 2 35 15 68 40 69 73 56 36 46 48 13 60 58 31 21 51 10 81 29 75 53 90 14 42 18 19 23 62 33 71 57 3 37 59 41 25 22 6 76 49 84 55 72 26 20 66 17 39 64 80 89 77 30 65
    28 48 79 34 75 30 38 10 2 59 40 81 90 87 77 63 24 78 15 32 14 17 33 89 3 7 61 13 21 56 54 12 35 69 82 27 39 23 45 60 29 44 25 26 49 66 9 22 67 83 64 19 8 65 16 50 51 42 18 57 86 41 72 53 4 71 88 31 70 1 36 68 37 76 11 62 47 80 52 46 43 73 5 58 20 55 74 6 84 85
    14 42 33 16 36 26 27 45 56 4 78 12 3 87 7 69 58 31 10 43 67 6 11 46 5 54 1 50 37 71 29 40 15 28 8 48 82 59 86 62 20 90 34 61 75 30 38 80 18 35 25 73 72 53 76 47 70 63 83 41 55 51 19 85 21 65 22 23 52 49 66 89 9 39 74 68 77 57 44 81 60 88 13 2 32 79 64 84 24 17
    34 69 70 40 13 78 67 35 21 42 38 23 47 50 88 51 62 55 48 9 3 15 52 63 57 31 30 17 54 19 25 22 53 60 66 5 20 80 16 87 18 56 44 41 11 77 64 39 61 8 6 90 71 74 1 86 2 27 29 82 58 84 75 32 36 14 65 68 76 24 49 10 72 89 46 45 37 73 26 85 43 4 33 59 7 12 83 28 79 81
    64 49 12 88 52 34 73 80 45 77 16 65 50 70 30 69 74 41 29 18 81 44 15 19 72 54 47 55 78 89 33 5 31 7 83 84 46 87 59 17 20 28 32 10 67 82 90 9 11 42 8 36 79 63 21 14 22 66 2 60 38 61 51 26 40 1 85 43 58 53 25 23 3 48 6 71 62 4 68 39 56 76 86 75 57 24 27 37 13 35
    15 49 67 64 52 31 13 38 47 65 22 34 62 33 30 50 59 11 20 12 39 79 1 44 74 29 46 83 55 73 86 60 88 41 58 24 23 63 75 6 57 10 66 90 2 56 80 32 53 51 19 37 61 70 45 72 35 42 85 21 17 69 84 43 36 3 25 8 71 81 77 40 18 5 78 87 54 14 16 26 82 76 7 27 48 9 28 4 68 89
    87 24 83 16 46 66 35 30 70 62 84 75 7 26 1 34 86 82 37 25 77 72 89 80 65 74 54 12 39 27 67 57 47 52 11 40 58 81 15 42 45 18 3 78 38 69 33 23 43 9 28 51 90 21 29 59 63 68 4 60 71 55 44 14 49 2 85 73 41 53 36 88 8 20 76 22 5 13 79 56 50 61 6 64 10 32 31 17 48 19
    31 66 25 71 35 72 37 1 39 51 89 4 17 2 53 16 70 80 8 7 26 63 36 84 85 55 11 22 20 29 41 32 12 23 68 50 14 42 5 57 28 79 33 18 76 47 27 87 62 30 19 78 49 86 48 6 69 90 56 24 81 40 82 38 10 21 43 15 9 46 44 88 52 60 73 83 65 34 54 67 77 58 45 74 3 13 64 59 61 75
    80 89 50 48 33 60 34 19 24 28 31 10 52 83 35 2 85 25 87 36 74 39 26 79 27 62 88 41 54 20 53 72 17 30 45 21 77 66 9 8 5 4 86 58 81 61 44 42 49 70 16 40 22 37 47 76 12 90 63 15 13 75 1 71 18 14 55 57 84 43 64 68 46 6 65 11 23 51 29 78 67 7 69 38 82 56 3 32 59 73
    80 17 32 27 44 74 53 22 65 84 31 72 9 21 79 81 16 70 77 14 86 45 63 7 5 2 37 18 83 64 82 49 47 90 12 30 8 40 73 46 71 75 6 67 26 3 51 54 20 25 57 36 62 88 13 50 33 24 55 59 19 87 61 29 1 78 48 68 69 60 38 15 39 52 56 42 66 43 85 23 11 10 76 58 34 89 28 35 41 4
    28 14 13 26 87 44 64 8 30 80 20 65 88 10 43 84 55 78 83 39 62 79 18 24 52 29 71 54 90 69 5 23 75 61 25 51 63 15 77 19 68 27 82 34 49 35 76 32 41 73 47 1 81 6 12 67 36 74 11 46 58 33 56 50 57 66 17 31 72 59 4 60 40 16 86 48 38 53 9 2 45 7 89 21 22 42 37 3 85 70
    61 88 81 5 27 28 10 45 78 32 21 1 33 71 48 74 54 65 6 8 41 23 64 60 69 39 35 16 14 49 40 31 15 42 63 56 38 25 80 79 47 43 4 53 44 51 52 86 85 9 26 66 62 89 7 30 90 3 57 29 20 68 76 55 50 87 18 59 36 2 82 84 73 34 22 11 67 77 13 58 19 83 37 72 46 75 70 12 24 17
    75 57 3 30 58 32 64 41 49 7 15 65 39 83 70 51 55 16 2 54 47 42 82 45 1 5 67 81 18 76 63 36 4 25 53 13 35 9 28 27 31 26 86 29 12 8 11 44 21 48 37 89 84 78 79 72 34 68 43 40 60 56 77 33 74 52 73 90 20 6 38 19 80 71 59 85 46 87 17 69 23 66 50 10 88 14 61 22 24 62
    58 86 21 57 54 77 78 70 47 28 79 14 40 13 65 4 71 38 30 23 39 62 43 41 85 35 59 68 6 36 34 15 17 66 29 46 25 48 56 69 10 44 26 22 88 51 72 31 82 75 7 20 16 2 64 83 74 81 67 33 53 32 89 37 12 27 49 5 11 42 60 90 50 80 1 76 3 18 8 9 84 24 45 55 61 63 19 73 87 52
    10 46 68 85 90 55 7 21 67 9 3 47 66 8 13 40 63 74 16 48 41 75 82 61 71 4 27 20 36 44 15 52 73 30 42 51 1 86 59 64 25 18 29 87 17 84 34 58 65 23 62 35 79 88 5 26 49 33 32 37 57 72 31 69 83 24 50 77 11 28 38 19 12 43 22 6 76 89 45 53 78 80 2 56 70 39 14 60 54 81
    80 20 14 31 36 15 12 60 24 43 81 38 17 65 86 88 39 55 30 46 21 73 57 34 10 26 66 9 67 56 49 27 7 59 54 87 13 37 50 45 52 8 69 58 3 78 41 2 40 5 23 72 62 25 1 77 79 70 63 6 84 51 48 4 18 82 83 74 35 75 89 16 85 19 53 11 90 76 28 42 47 64 22 33 71 44 61 68 29 32
    37 42 26 7 20 58 15 1 64 78 52 46 54 4 83 18 13 88 12 16 2 28 34 70 84 53 3 73 57 38 65 10 80 47 72 9 40 24 19 48 74 63 33 82 21 30 32 35 90 75 85 87 45 55 31 41 29 61 71 36 43 49 22 67 44 86 62 89 81 8 76 56 11 27 5 69 59 39 51 60 23 25 68 77 66 17 6 79 50 14
    37 40 13 71 77 45 43 46 56 18 17 16 66 38 30 52 50 63 3 12 21 4 89 27 75 69 87 82 47 80 68 24 83 57 70 73 22 6 28 20 35 34 8 76 49 84 53 7 55 9 14 59 2 86 5 41 39 62 23 32 58 78 48 61 79 64 44 81 54 15 31 11 88 60 72 67 42 90 10 65 33 1 29 85 74 51 36 26 19 25
    64 42 18 17 63 49 9 77 47 38 74 57 68 55 48 44 78 83 45 10 22 28 62 13 81 21 56 32 70 40 69 88 6 16 2 54 90 39 36 60 34 4 67 41 8 27 20 30 3 72 75 31 52 37 58 15 65 7 26 82 80 66 51 19 79 73 46 23 43 1 24 53 61 11 71 29 35 50 86 14 12 33 85 5 76 59 87 84 25 89
    52 16 72 10 28 76 59 43 50 53 32 15 64 77 89 2 36 70 82 39 61 3 40 48 11 37 84 4 75 8 56 55 60 71 49 78 42 35 31 69 23 83 54 79 45 1 63 46 33 34 73 19 58 7 65 29 57 66 30 14 5 86 6 47 62 81 26 21 22 20 13 90 9 51 38 27 12 74 17 87 85 67 18 68 88 80 44 24 41 25
    44 41 87 31 36 33 89 60 22 11 38 78 90 35 50 15 83 86 85 63 72 64 5 69 82 39 13 54 55 24 88 84 4 18 28 51 26 23 42 65 52 68 14 47 53 1 21 19 59 34 81 8 25 29 10 66 56 73 12 46 48 37 17 57 74 71 45 77 30 70 16 32 49 6 9 79 40 43 76 80 27 20 58 67 3 2 61 62 7 75
    19 73 31 57 7 9 45 16 55 89 34 1 49 15 64 25 44 8 66 39 38 27 90 36 20 18 72 40 35 17 5 4 13 52 3 63 81 60 32 68 48 58 88 29 47 28 2 61 69 42 11 12 56 14 46 51 70 78 33 26 53 30 23 43 83 85 80 86 54 6 67 87 41 75 77 10 37 82 59 50 74 24 76 22 21 65 62 84 71 79
    4 14 70 62 72 50 1 7 84 60 19 59 45 65 26 44 75 15 64 22 13 43 74 32 53 27 28 68 67 90 21 30 73 23 77 20 9 69 18 36 11 31 54 49 57 35 33 51 8 5 71 81 12 52 40 66 41 89 34 61 82 79 87 16 86 10 55 42 48 25 76 63 85 56 80 24 37 47 38 39 2 83 3 17 29 78 88 46 6 58
    9 17 35 82 67 52 80 5 65 2 20 54 72 29 49 62 21 77 37 31 16 61 89 10 41 25 44 53 28 63 19 45 22 14 58 38 7 75 66 27 26 76 11 68 42 50 15 83 60 86 64 57 87 6 13 47 30 8 81 55 12 36 24 88 33 46 48 90 73 23 69 34 59 3 70 39 1 43 84 78 4 79 18 56 51 32 74 40 85 71
    49 5 28 47 65 80 63 18 45 42 82 87 9 81 13 84 88 27 90 73 36 67 56 50 20 61 19 57 71 62 3 75 24 79 59 43 66 23 55 48 38 83 17 33 1 7 54 69 2 86 46 39 6 14 60 77 34 78 64 76 21 72 16 53 12 89 25 41 40 74 58 52 51 85 4 30 22 10 11 70 15 44 37 32 68 35 8 29 26 31
    29 22 64 45 74 4 32 78 25 10 79 6 38 56 87 67 75 44 35 17 28 59 71 82 21 39 70 50 30 55 11 83 37 20 33 40 9 19 34 24 47 81 54 88 62 80 43 85 86 51 90 48 69 15 13 12 66 57 16 31 5 42 46 18 60 26 49 27 41 61 36 2 52 65 58 7 84 89 77 14 73 23 8 53 76 68 1 3 63 72
    60 32 46 80 63 20 54 58 64 1 29 33 47 41 88 36 45 73 2 72 6 25 77 49 26 31 21 61 78 24 84 18 81 23 38 85 40 90 68 34 7 16 5 70 62 44 11 19 14 76 8 30 55 67 9 17 56 35 51 65 66 12 3 28 15 37 22 75 82 4 53 83 39 48 43 57 59 13 74 86 27 89 69 71 79 42 52 50 10 87
    90 69 17 16 61 41 68 13 55 5 28 23 33 29 72 70 38 31 32 4 45 64 48 2 26 79 76 63 37 9 54 14 77 15 19 78 24 87 34 50 35 39 42 51 52 46 3 7 21 53 65 8 40 73 60 56 85 75 30 74 59 80 71 10 12 66 82 43 11 89 86 84 20 44 62 18 27 58 22 36 1 83 81 6 49 47 88 57 25 67
    19 13 30 33 67 61 86 32 18 5 23 65 49 50 2 11 16 88 41 78 59 68 73 24 64 81 63 72 45 82 6 60 29 21 43 84 12 47 28 51 31 27 26 69 36 76 44 89 52 77 14 42 79 10 4 58 9 40 34 22 8 7 38 3 20 71 56 87 55 46 57 1 15 48 70 37 39 83 74 53 17 75 85 62 90 54 66 25 80 35
    87 4 75 54 71 69 13 3 32 16 44 56 76 31 39 49 33 6 46 11 74 85 50 38 57 2 7 21 52 68 90 47 81 80 26 58 37 36 20 83 12 66 84 27 14 40 77 17 72 42 59 34 48 24 15 86 79 1 8 41 65 10 25 62 88 55 78 43 60 53 29 45 9 64 22 63 19 61 82 30 5 35 70 28 18 73 51 67 23 89
    55 49 1 31 4 80 89 35 54 52 66 19 39 8 59 44 88 81 84 22 2 36 62 14 64 25 75 27 20 11 87 30 73 58 10 79 85 12 83 28 15 86 32 65 56 51 77 60 9 46 23 26 68 72 47 43 17 63 13 74 18 90 24 50 70 5 21 61 48 42 71 76 7 45 57 3 69 53 38 82 37 16 6 41 67 78 40 29 33 34
    7 59 26 24 14 18 48 5 56 2 28 6 81 29 55 42 62 25 1 77 34 88 8 65 46 4 61 87 37 85 9 90 41 86 74 89 49 82 84 63 53 16 58 36 22 17 40 43 45 64 44 52 15 13 67 33 57 66 50 70 68 78 75 60 72 54 23 12 30 11 80 83 39 31 76 32 27 35 20 79 69 10 19 71 51 38 3 73 21 47
    55 83 37 17 41 23 2 49 8 38 15 47 31 58 74 7 63 89 53 39 44 12 50 73 42 66 9 90 30 54 20 88 5 62 79 86 69 36 3 85 24 22 67 68 71 52 70 40 80 4 87 64 75 34 35 26 14 56 16 46 45 51 18 19 33 29 57 72 1 10 78 48 32 13 59 11 60 6 27 76 21 82 28 77 61 84 81 43 25 65
    13 81 17 72 36 3 66 65 6 23 64 75 61 24 55 82 59 34 85 41 47 69 20 63 14 45 49 67 19 38 68 39 52 1 15 73 11 26 10 40 33 43 78 16 77 90 28 35 7 62 32 88 53 42 50 46 58 57 37 21 30 89 27 71 44 22 87 8 4 83 31 70 5 76 56 18 84 2 29 54 51 79 86 80 48 74 12 60 25 9
    49 27 29 67 89 56 44 48 63 33 31 6 15 36 64 38 76 17 65 54 70 43 14 20 32 26 77 58 8 25 71 23 68 82 46 7 9 66 61 21 45 86 73 78 51 37 40 75 35 12 24 16 72 34 57 39 55 59 30 28 4 69 79 84 52 3 88 11 53 47 5 85 60 18 81 1 41 90 13 80 2 50 42 19 62 74 87 22 83 10
    21 40 76 27 79 24 74 38 61 14 46 48 15 9 51 18 36 43 25 82 2 8 1 72 13 16 68 87 58 57 19 20 73 3 83 86 6 10 37 81 54 17 90 44 59 23 50 31 7 75 45 56 53 69 70 26 84 66 89 71 52 34 5 80 49 30 88 42 67 78 35 33 41 47 77 29 39 65 62 64 32 85 12 11 4 22 55 28 60 63
    8 52 48 85 37 70 80 21 83 11 36 88 27 39 15 7 50 66 57 24 87 62 86 32 19 16 41 6 53 42 33 56 3 10 5 44 29 47 1 78 69 13 46 43 45 59 22 79 63 84 81 26 73 38 4 55 20 76 35 28 14 75 49 54 51 23 89 18 9 65 90 60 40 2 82 34 17 30 74 67 64 12 31 72 68 77 25 58 71 61
    79 12 15 63 6 75 25 16 54 84 9 39 57 61 86 41 73 10 89 85 27 1 64 34 44 74 30 48 88 68 36 21 18 62 78 42 50 20 66 59 47 87 60 72 90 14 17 56 5 80 11 35 26 29 7 49 40 13 71 28 58 37 32 69 22 43 67 65 52 46 8 19 70 81 3 77 38 23 4 51 24 31 33 2 82 83 55 76 53 45
    62 39 77 36 79 42 24 51 61 27 71 37 4 89 22 63 32 13 23 67 31 53 78 57 59 25 18 14 75 85 28 5 19 74 1 86 72 12 55 41 43 90 40 38 84 34 15 60 44 35 83 45 10 76 66 64 17 50 87 33 47 73 56 80 68 26 69 82 46 11 88 29 81 21 20 48 8 9 3 6 58 70 30 16 54 7 52 65 2 49
    42 75 70 65 18 5 54 43 63 88 39 72 10 76 44 27 31 11 85 34 16 50 59 38 79 56 9 33 87 46 80 89 62 84 14 29 19 25 45 82 12 22 52 68 77 32 58 83 21 37 57 36 86 64 71 13 7 49 20 51 66 73 1 28 78 26 15 47 60 40 3 6 35 23 55 4 8 41 90 48 67 69 30 61 81 74 24 53 2 17
    58 54 59 64 77 22 83 43 4 13 68 26 34 31 32 1 20 76 74 24 88 38 67 52 47 30 60 45 11 3 14 72 55 8 51 79 78 57 69 89 39 33 73 81 27 21 25 80 82 36 65 6 7 56 49 85 87 15 62 17 50 46 28 63 86 41 29 9 53 66 2 10 40 35 37 48 70 23 71 19 42 16 84 12 5 44 90 61 75 18
    62 1 63 26 64 13 23 57 74 71 7 80 28 24 2 59 82 22 69 83 10 31 79 38 72 67 84 18 68 45 17 4 44 65 20 19 89 75 32 15 9 52 29 85 25 76 39 36 33 43 56 27 90 12 8 87 77 55 37 34 6 78 86 16 53 47 81 70 88 48 41 58 61 46 51 60 73 30 11 54 21 49 35 5 42 14 50 40 66 3
    80 17 78 38 57 7 1 18 81 6 2 28 68 58 40 52 90 67 34 82 49 4 56 63 15 77 55 69 5 20 72 25 46 19 30 35 66 39 8 70 84 12 10 45 9 71 32 75 13 60 33 65 31 48 50 47 36 22 21 59 27 43 44 62 51 89 83 24 73 76 42 88 85 23 29 26 14 53 54 61 16 86 79 74 11 87 41 64 3 37
    49 20 22 28 25 41 61 78 10 57 45 8 88 12 39 64 48 33 63 13 27 26 56 21 31 15 70 11 67 54 3 62 65 2 34 79 38 81 80 46 60 50 5 19 37 68 75 36 9 44 85 72 52 74 89 47 69 83 7 84 42 58 14 76 59 90 53 23 6 51 1 77 32 40 86 87 24 30 43 29 82 35 18 16 73 17 55 66 71 4
    17 28 51 60 15 38 24 56 86 72 27 69 41 31 83 16 84 66 48 52 6 45 50 5 42 57 64 54 36 65 46 11 88 35 78 61 58 79 21 68 25 23 82 2 39 67 81 13 26 89 77 76 4 87 20 18 90 73 70 37 32 40 3 1 53 19 63 49 62 80 59 9 55 75 47 8 85 44 22 12 7 34 43 29 33 30 10 14 74 71
    35 84 86 90 44 23 88 72 50 53 10 29 1 59 40 52 8 78 57 13 76 70 65 24 58 9 79 71 54 83 89 47 41 6 37 31 61 87 3 16 36 77 17 22 73 11 43 62 46 19 30 56 51 69 68 75 2 45 26 32 20 12 25 63 80 49 48 66 15 7 74 28 5 60 18 42 34 39 81 33 67 85 4 14 64 27 38 21 82 55
    15 64 78 54 51 36 12 30 84 67 39 49 17 13 69 56 81 68 1 44 63 35 4 87 61 25 42 79 33 37 9 59 10 86 89 41 82 26 38 80 32 74 66 21 27 62 52 7 85 45 50 46 55 28 24 65 6 19 83 73 18 88 72 31 60 70 40 5 47 57 53 14 2 11 16 29 77 8 43 90 34 20 3 75 48 22 23 71 58 76
    75 25 69 54 84 42 65 67 44 77 33 86 48 22 6 27 78 7 38 50 56 29 83 43 72 71 47 15 8 4 37 46 19 64 3 76 82 35 57 73 34 51 24 63 79 10 70 52 28 41 17 16 18 30 88 49 45 58 14 81 20 59 66 87 23 61 31 74 13 68 40 5 60 53 90 26 1 9 89 36 12 32 62 80 2 21 55 39 11 85
    26 40 52 31 29 70 30 34 21 48 77 84 88 78 55 20 71 2 68 6 53 35 75 57 38 46 69 76 56 11 64 37 54 22 36 82 74 79 27 65 73 83 25 42 49 3 50 8 60 62 51 66 72 5 16 17 12 43 86 32 24 14 28 41 45 1 10 63 15 58 19 18 87 23 44 67 47 39 33 85 59 9 90 4 81 7 61 89 13 80
    74 20 8 35 54 14 26 78 42 83 52 5 17 12 72 80 62 19 65 89 60 28 16 48 38 75 40 33 37 9 18 66 57 67 39 25 81 44 50 63 31 56 32 11 4 77 76 22 85 55 21 27 84 70 15 64 10 88 30 43 59 7 46 69 36 29 90 79 71 53 87 82 51 2 41 61 73 49 68 45 34 13 47 86 24 3 1 6 23 58
    43 38 7 41 66 46 1 12 89 3 13 9 48 20 62 73 25 15 79 60 57 83 33 24 56 82 42 21 90 10 72 37 32 44 23 70 31 47 8 39 61 4 11 6 26 54 49 78 50 67 88 5 58 34 74 84 76 77 85 14 27 53 81 22 45 18 30 75 55 36 80 19 68 35 87 69 65 40 52 59 28 16 29 51 17 86 63 64 2 71
    40 64 3 71 45 53 84 19 75 59 78 67 2 34 49 62 8 58 28 86 82 11 1 39 88 50 27 69 76 72 37 90 17 12 29 21 42 36 31 44 85 10 26 33 25 14 61 38 80 70 89 54 30 23 65 81 35 15 68 24 5 87 4 9 66 57 74 18 7 6 56 77 20 48 52 79 51 83 55 43 16 47 73 41 13 46 60 63 22 32
    14 16 35 10 18 79 52 67 53 69 13 66 11 37 63 34 15 46 68 20 44 2 45 3 59 5 38 62 86 32 39 58 43 47 6 26 31 27 42 22 61 78 30 83 89 48 40 76 74 87 19 56 88 85 64 9 77 12 25 82 17 29 4 84 8 7 54 65 49 51 21 24 75 81 36 57 72 70 90 28 80 60 50 55 73 33 71 23 41 1
    52 20 61 59 3 12 14 53 66 18 21 29 1 46 15 78 43 45 62 37 67 57 55 2 5 19 22 33 24 26 88 41 17 56 10 90 39 86 76 58 30 48 63 60 40 44 65 81 27 87 50 4 31 71 69 28 34 68 77 35 49 79 32 36 6 84 16 83 42 82 72 38 73 89 7 8 11 51 54 9 64 80 70 13 25 85 23 47 75 74
    81 17 87 38 85 63 79 68 9 54 58 67 86 34 52 35 30 40 59 70 64 77 33 73 56 49 42 20 75 2 15 74 13 27 28 23 43 83 11 6 3 16 53 18 41 88 84 19 29 82 24 65 36 22 48 61 71 31 1 26 47 25 66 57 12 37 14 51 60 50 44 45 69 55 39 46 89 7 72 21 80 62 78 76 10 4 90 8 32 5
    71 22 54 66 39 68 49 60 62 34 18 63 85 8 5 76 23 53 48 75 37 74 16 47 33 83 67 35 4 31 19 89 77 13 57 24 27 78 28 64 38 88 14 6 2 32 84 87 30 42 58 56 52 69 17 1 61 15 86 90 59 79 26 41 73 50 3 11 46 70 36 25 9 45 80 81 29 55 7 82 21 51 44 10 43 65 12 72 20 40
    89 49 6 36 81 46 56 4 72 58 18 38 15 77 23 79 48 11 55 25 42 76 35 33 32 51 29 74 80 30 64 21 67 60 28 12 59 53 71 52 20 83 7 45 17 61 24 75 57 63 37 66 90 47 5 10 39 27 70 34 22 87 9 84 13 14 62 1 65 82 19 85 16 88 31 73 41 26 40 69 2 68 86 8 43 3 50 78 54 44
    66 57 74 60 15 1 51 27 49 82 23 62 71 14 86 33 69 53 16 63 13 30 61 26 12 9 52 35 43 48 17 40 11 65 32 25 24 89 41 64 38 83 73 70 79 28 22 78 7 4 5 47 75 2 18 58 81 29 55 10 34 59 31 39 90 54 42 85 56 67 84 68 50 21 80 77 44 88 46 8 6 20 87 36 45 76 37 72 3 19
    28 57 45 64 19 66 88 38 1 10 82 47 23 70 20 25 67 9 68 65 59 2 80 81 31 4 12 15 42 27 83 90 3 61 85 17 39 89 14 36 24 29 71 74 22 79 77 18 58 84 49 46 56 72 51 34 62 75 8 5 21 86 33 6 13 30 35 87 78 16 26 69 76 60 50 48 7 41 52 44 54 63 37 32 73 11 55 53 40 43
    85 77 80 54 71 28 90 82 16 47 30 1 32 83 26 57 31 27 6 46 88 50 58 51 4 78 40 56 72 2 3 73 42 68 59 86 21 89 24 41 63 23 75 87 69 10 53 35 43 29 74 65 62 22 37 33 84 76 9 5 36 13 11 34 70 79 44 64 25 67 66 52 20 39 81 45 8 12 19 7 55 38 60 61 18 17 48 49 14 15
    16 70 8 42 74 28 80 23 51 46 4 60 78 68 18 39 73 88 31 76 38 29 66 11 13 43 27 75 56 54 57 2 10 50 84 7 34 61 6 90 47 65 24 26 59 72 58 30 5 52 17 83 53 9 19 45 55 22 1 86 77 67 69 44 89 64 81 40 32 25 36 85 48 20 63 33 14 12 62 35 3 15 79 49 71 21 87 82 41 37
    68 72 35 81 10 62 36 85 37 79 41 51 83 77 65 49 28 75 43 87 20 8 60 9 58 33 1 22 76 67 11 57 15 89 29 59 61 24 7 56 31 2 44 38 55 74 84 5 26 32 23 82 30 3 27 90 4 48 86 73 53 71 63 34 88 54 42 45 80 64 47 17 13 50 21 69 16 39 12 40 52 70 6 78 18 46 19 25 14 66
    86 31 90 81 71 62 17 33 7 69 30 79 6 42 41 39 77 56 74 88 63 11 44 82 55 38 40 64 68 53 14 43 46 3 45 37 25 16 13 87 24 76 9 18 10 1 12 65 61 72 23 57 32 78 58 15 70 47 27 8 34 59 60 80 2 26 20 5 75 85 84 48 54 4 50 21 35 29 52 66 19 36 73 83 67 28 49 89 51 22
    64 85 6 81 56 51 60 25 18 7 72 31 40 84 42 88 86 82 76 8 83 13 52 53 39 10 73 79 54 29 19 26 55 63 4 35 43 80 44 59 27 65 33 37 78 36 69 75 23 38 34 41 67 2 46 62 1 24 57 50 21 12 71 70 58 47 68 74 5 22 14 16 66 30 49 45 9 89 11 48 77 61 15 32 87 90 17 28 3 20
    72 40 85 5 77 9 54 87 83 34 25 23 81 3 84 86 50 36 46 12 67 4 64 55 60 28 75 35 45 24 52 16 14 61 68 26 49 31 30 70 39 41 89 13 22 6 43 71 63 37 59 7 58 65 88 47 33 2 82 18 32 20 51 80 73 48 10 74 62 38 27 90 1 15 42 19 8 29 66 53 17 56 21 79 11 76 78 57 44 69
    54 20 60 19 34 33 57 17 62 64 50 66 69 9 86 41 37 15 59 47 53 43 83 55 75 35 45 13 14 40 11 61 77 80 8 31 27 42 70 79 84 46 4 12 29 88 24 49 25 39 51 26 58 38 76 5 2 89 68 21 44 3 30 7 56 23 52 78 18 71 74 10 48 87 63 6 32 82 22 1 73 36 28 65 90 81 16 72 67 85
    70 33 56 48 85 11 42 28 36 64 17 50 30 82 22 61 20 26 8 87 39 55 24 83 90 89 78 44 5 43 75 7 51 31 66 35 19 59 80 32 18 40 25 79 69 37 34 9 12 3 52 76 63 13 10 57 62 68 6 49 67 77 16 84 27 21 81 72 29 54 23 60 2 41 65 4 73 58 47 45 86 88 1 15 46 74 38 53 71 14
    78 76 51 60 90 5 44 53 72 64 87 71 26 37 29 1 50 41 28 81 65 73 42 70 59 43 12 56 55 82 31 77 11 4 57 10 58 74 19 79 24 66 80 3 32 47 34 88 22 84 35 62 6 89 30 21 49 52 40 67 14 48 83 25 8 46 38 17 27 18 61 75 9 20 45 68 54 39 13 85 16 69 2 15 63 23 33 36 7 86
    7 48 61 20 38 18 2 89 90 67 66 37 80 77 40 86 51 33 76 25 58 13 64 41 82 79 30 26 52 1 87 85 11 4 53 75 59 6 62 12 3 81 19 50 47 8 84 74 39 68 55 88 28 35 36 21 49 23 72 16 34 17 45 54 9 42 56 32 24 31 27 10 70 60 44 78 73 69 71 29 83 46 63 5 15 57 14 65 22 43
    5 7 63 85 54 69 89 66 74 48 37 11 18 13 23 64 34 55 40 4 52 82 39 32 61 68 60 80 10 87 84 57 17 35 12 33 56 67 86 88 53 6 46 77 44 79 28 41 81 78 22 8 70 49 20 65 83 14 15 21 90 73 38 31 76 1 59 51 19 24 29 16 45 71 62 2 43 30 3 27 50 42 25 72 9 26 75 58 36 47
    63 23 18 81 15 73 6 80 52 34 61 60 47 17 89 32 2 42 13 26 84 87 70 57 8 25 37 59 62 64 68 85 21 27 55 69 53 3 16 49 30 36 29 7 44 22 35 48 90 88 72 11 46 75 82 83 12 86 39 45 79 28 20 66 38 1 24 10 54 51 50 4 14 78 9 41 77 43 56 19 5 74 40 67 71 58 31 33 76 65
    30 21 42 80 57 24 4 40 13 20 69 68 23 34 3 74 65 44 1 5 54 8 35 66 16 43 11 6 47 64 82 81 45 53 48 10 49 90 83 25 76 26 39 73 85 86 7 28 32 52 50 37 14 78 89 62 72 56 38 67 15 63 9 51 19 2 71 29 88 12 18 61 17 41 22 27 31 46 58 59 87 60 36 77 75 33 79 84 70 55
    63 23 22 27 17 61 35 64 39 54 29 88 24 76 50 16 77 80 14 33 3 10 44 89 28 85 82 20 19 56 31 86 6 68 21 45 4 25 70 59 66 75 55 84 62 5 83 43 30 73 36 12 78 48 47 34 40 11 52 46 90 8 57 87 37 42 60 1 58 74 72 69 53 9 81 15 38 65 49 13 71 26 67 79 18 51 2 32 7 41
    40 7 3 35 53 68 9 19 72 88 41 27 58 38 43 66 21 61 28 24 86 75 14 16 49 11 76 83 54 39 67 33 63 60 20 73 90 84 42 36 32 26 10 56 18 2 17 12 79 23 50 82 46 77 59 31 13 30 64 74 57 52 89 47 4 70 1 45 85 44 51 15 55 25 37 87 62 5 69 65 8 48 71 80 78 29 22 34 81 6
    66 16 22 40 84 57 79 27 55 86 81 71 12 61 88 28 30 90 14 17 70 37 29 3 74 58 9 72 65 56 59 87 52 39 60 8 13 53 76 34 33 26 50 51 77 18 7 20 73 6 48 49 44 2 24 10 36 67 83 80 68 46 45 32 41 89 54 15 69 5 82 1 64 35 25 21 43 31 75 78 85 63 19 11 42 38 23 4 47 62
    37 14 36 65 22 74 5 59 24 80 19 2 18 7 32 60 58 38 23 25 42 31 79 77 6 12 90 45 29 64 73 3 20 8 76 81 50 26 67 35 68 46 87 44 9 48 34 16 17 57 61 51 83 1 89 15 13 47 71 56 82 41 55 86 69 28 62 66 70 84 33 49 85 10 4 30 53 40 72 21 11 75 43 78 54 88 63 27 52 39
    19 30 12 5 40 16 73 56 66 6 82 83 4 67 20 85 36 84 78 87 33 57 79 68 8 22 46 69 51 27 62 88 34 52 31 17 81 39 50 76 26 74 77 3 25 71 35 59 45 75 21 54 55 15 9 58 60 70 80 18 41 49 23 14 38 32 48 10 11 47 24 42 89 90 44 64 63 13 61 7 1 65 37 2 29 53 43 28 86 72
    71 36 37 38 9 31 50 90 58 70 89 32 14 11 66 22 29 52 47 80 39 59 64 20 23 67 65 6 48 34 44 27 17 55 82 79 56 16 77 3 30 51 86 35 2 13 18 5 53 25 49 88 33 81 42 69 60 8 73 19 21 57 28 10 26 84 43 74 76 7 4 68 24 75 72 46 40 45 78 63 54 83 87 12 41 61 85 15 62 1
    81 53 44 71 63 14 60 2 78 19 76 79 85 66 8 36 74 84 25 49 90 31 1 61 41 55 45 77 11 70 13 65 75 62 35 10 48 51 89 26 46 20 34 7 39 87 42 22 54 15 59 57 23 18 27 73 80 82 58 52 86 21 5 83 6 30 4 17 24 16 29 32 69 56 68 38 50 72 37 33 67 43 88 12 28 64 40 3 9 47
    79 43 47 68 16 6 13 8 23 37 90 84 61 15 19 62 50 25 65 58 80 86 59 52 33 12 38 85 17 55 29 53 88 41 83 40 1 63 51 3 32 28 57 49 73 39 66 70 69 27 24 30 89 11 78 74 54 60 45 76 48 7 77 4 20 42 5 14 2 67 34 22 82 46 44 75 36 21 64 18 81 9 35 87 72 26 56 10 71 31
    80 17 72 79 11 10 26 85 81 84 55 8 6 14 44 12 54 66 68 60 74 41 64 87 20 39 30 89 3 56 5 13 32 77 19 2 36 28 65 43 50 7 33 45 47 42 37 88 78 22 61 16 29 15 90 38 67 59 18 62 75 31 57 4 53 1 23 51 82 9 86 35 52 48 34 49 21 70 69 63 40 24 25 27 71 83 58 46 73 76
    86 43 29 21 49 2 6 45 23 41 14 70 8 73 61 87 66 76 53 12 25 51 31 40 81 80 5 32 65 63 10 89 55 16 28 33 71 50 79 26 1 13 69 88 36 52 39 17 47 59 60 58 30 27 24 15 7 4 74 64 90 20 34 68 75 3 83 85 82 78 67 46 38 44 84 48 35 54 72 11 37 19 22 42 9 18 62 57 77 56
    30 23 16 60 64 15 74 4 66 12 29 41 10 17 20 38 7 80 14 88 54 48 81 21 9 87 3 67 39 90 85 22 71 59 76 47 49 58 6 46 51 11 34 44 61 43 82 75 5 26 18 79 33 1 24 84 50 86 8 45 36 65 19 13 70 52 56 53 2 35 42 40 78 89 32 27 73 68 62 72 25 83 57 55 69 28 63 31 77 37
    11 26 30 24 40 18 77 8 61 80 75 47 15 86 19 39 68 21 17 74 84 62 36 85 20 1 49 58 38 55 41 5 12 51 7 37 73 25 46 69 48 83 32 87 65 16 43 56 60 34 27 35 90 70 67 57 64 14 88 2 78 71 28 72 52 54 81 10 4 59 44 82 89 76 6 50 33 23 79 29 31 63 45 9 13 22 42 66 3 53
    32 49 31 6 58 25 45 81 22 74 90 39 86 21 82 34 33 57 15 19 71 10 38 50 23 62 41 18 16 85 11 14 76 89 4 75 55 1 17 30 7 44 28 69 87 29 63 46 53 20 67 68 56 48 47 8 51 79 27 26 37 52 24 43 40 13 65 78 36 83 72 88 42 3 5 64 66 9 84 70 12 60 77 2 35 73 61 80 54 59
    51 5 48 16 2 69 8 81 40 6 38 24 15 64 83 73 66 34 74 29 86 18 3 78 54 45 88 67 59 62 89 4 49 25 26 11 72 43 33 82 14 35 71 7 32 80 17 57 50 75 90 41 56 23 22 12 30 31 37 39 84 36 46 68 13 27 87 28 58 1 85 65 20 9 61 53 21 77 52 19 10 70 44 55 60 63 79 47 42 76
    14 26 76 31 44 37 24 43 47 85 57 81 40 68 36 28 9 56 73 70 19 87 39 45 33 8 78 67 77 74 90 13 51 25 60 50 29 20 89 55 79 48 66 71 22 30 82 83 62 35 1 65 3 75 10 52 61 63 7 32 34 15 53 58 42 21 84 27 46 64 49 38 5 6 17 86 59 54 4 41 16 80 11 2 18 69 72 88 23 12
    86 55 90 4 32 23 48 24 1 33 68 74 52 11 15 19 63 14 87 79 18 27 26 40 58 69 64 84 43 75 45 28 29 17 5 59 67 44 34 82 62 85 10 16 30 88 13 81 21 12 20 57 2 31 53 25 51 61 83 78 49 39 3 9 46 38 73 54 77 70 66 42 6 35 80 60 41 50 56 7 65 76 72 71 36 47 22 8 37 89
    20 9 16 77 48 1 62 19 57 67 66 4 15 78 50 79 42 80 54 74 87 39 89 47 83 59 33 63 58 53 70 43 12 3 76 25 26 45 22 11 28 29 14 21 72 8 7 88 37 73 17 34 36 51 31 27 24 84 35 23 68 38 49 6 13 55 61 30 69 5 46 18 64 52 2 90 44 32 81 10 60 56 85 75 40 65 71 86 41 82
    37 53 34 49 30 8 83 2 86 62 55 6 84 59 42 80 40 28 9 65 78 68 63 39 69 46 19 35 32 90 20 70 23 22 44 13 31 71 47 67 4 76 48 79 14 33 66 58 21 56 88 10 89 77 17 25 5 73 72 16 1 85 45 24 87 12 15 11 81 52 18 64 51 74 3 38 54 41 27 36 7 60 61 82 29 75 50 43 26 57
    25 36 12 15 82 53 79 9 40 44 42 13 78 72 48 87 80 67 37 28 26 20 38 11 63 47 86 10 34 56 17 27 49 41 46 21 18 57 61 60 84 45 71 14 6 64 58 77 70 32 55 76 39 16 5 51 3 2 43 8 81 24 90 59 62 50 88 85 7 66 83 75 52 29 35 30 31 68 4 54 65 19 22 74 33 69 1 89 23 73
    41 86 19 76 47 69 78 57 84 17 81 35 32 85 28 4 26 45 5 24 36 87 75 22 80 77 31 6 15 58 43 64 25 79 13 59 74 62 44 10 70 27 53 89 20 18 82 48 67 11 16 73 50 49 2 7 40 42 30 88 65 72 23 83 63 14 3 8 56 52 1 60 90 51 54 46 29 68 71 9 37 34 39 61 33 12 21 38 55 66
    12 16 67 87 15 40 88 2 61 86 63 59 11 9 18 20 54 3 24 4 44 43 6 28 78 45 22 74 79 66 48 60 77 52 36 84 80 10 50 42 62 34 83 85 57 30 55 49 75 89 46 31 13 41 33 14 26 37 90 27 38 32 35 51 7 71 58 70 81 21 1 8 64 73 29 76 72 65 82 56 39 23 25 17 5 69 53 19 68 47
    58 72 70 41 37 61 14 75 39 54 57 31 20 50 30 47 18 59 1 53 77 64 90 7 23 81 73 52 22 56 67 55 51 19 13 11 49 66 83 74 79 17 9 88 36 43 34 44 6 86 15 12 21 60 85 26 2 16 84 10 28 48 76 29 38 82 89 25 32 45 62 8 3 68 46 27 33 78 24 5 42 69 80 35 4 63 71 65 87 40
    86 81 9 66 53 88 43 5 70 74 13 61 26 60 25 84 14 64 71 77 63 59 89 39 67 50 51 2 27 54 24 35 31 23 68 46 56 48 34 76 55 62 11 40 80 85 72 18 75 65 36 4 44 79 7 17 37 3 45 8 1 41 57 30 22 16 20 33 49 21 78 47 32 15 87 58 69 73 28 90 42 6 10 82 29 12 19 38 52 83

