91

    17 66 19 21 80 74 29 52 26 40 44 65 53 55 1 33 56 86 58 73 60 45 30 62 90 27 23 5 49 71 13 63 50 91 47 14 41 36 75 54 83 12 46 69 7 51 6 85 24 42 61 32 28 37 72 59 43 89 2 87 79 70 8 82 67 20 76 4 57 64 84 3 9 16 48 68 10 77 78 31 11 35 88 38 34 22 25 39 15 18 81
    17 33 76 28 83 31 87 47 73 50 29 60 71 65 54 35 34 55 2 24 10 80 49 48 82 38 59 70 5 69 56 86 84 1 12 72 43 39 53 88 6 52 7 3 32 16 57 26 18 37 64 66 77 51 63 85 25 75 20 67 11 44 61 27 40 36 62 81 79 4 78 91 89 68 14 30 42 8 15 13 41 9 21 19 23 90 46 45 58 22 74
    49 36 81 72 54 41 15 22 14 8 25 47 51 24 21 61 32 34 23 12 11 28 20 83 52 48 7 76 55 42 88 16 37 2 87 5 29 1 9 59 30 82 91 46 70 19 18 45 38 44 31 63 75 86 50 69 57 80 79 13 33 74 53 71 65 4 84 27 10 68 78 3 66 56 62 77 89 43 35 64 26 90 73 40 39 17 6 67 85 60 58
    31 70 52 37 67 20 26 35 49 34 64 17 50 23 60 66 9 71 11 78 21 72 33 18 75 57 5 19 15 14 80 79 85 12 51 81 83 8 58 47 42 45 84 89 82 77 76 86 48 63 56 10 44 55 27 87 62 54 74 25 65 43 46 90 16 1 24 53 6 32 4 7 41 73 59 29 38 2 39 3 22 68 40 88 30 36 91 61 13 69 28
    14 19 89 21 58 55 72 7 16 91 73 1 87 15 17 63 9 4 12 62 80 64 68 29 45 42 43 69 48 86 53 11 38 10 35 37 41 59 44 56 71 78 77 54 74 23 34 75 70 50 25 39 3 27 83 6 13 65 76 31 51 61 30 60 8 81 88 20 85 57 5 36 28 47 33 26 2 49 52 22 82 67 46 84 32 24 40 18 90 66 79
    61 60 65 40 18 31 41 82 16 35 78 71 77 74 3 36 10 34 44 58 11 19 86 12 89 13 69 42 2 8 46 47 5 9 26 45 76 43 7 37 51 81 27 24 70 25 64 75 32 66 90 59 80 55 53 83 49 14 91 56 22 72 67 1 79 28 39 54 84 88 63 4 87 33 62 21 48 50 52 29 57 30 85 38 68 20 23 73 6 15 17
    56 71 35 79 46 31 52 44 5 55 83 7 18 34 29 51 22 84 65 23 32 89 42 33 11 77 76 85 24 54 39 38 21 78 1 37 41 66 49 8 2 25 69 40 86 91 81 9 12 90 50 75 57 16 13 73 80 70 27 62 47 3 6 17 59 58 20 60 48 74 53 63 67 26 61 15 64 82 72 88 36 4 10 68 19 28 30 45 87 43 14
    36 89 18 67 25 10 69 3 58 76 75 35 91 12 59 90 54 6 21 33 8 43 51 52 22 61 60 63 41 2 53 82 56 30 5 16 62 68 40 38 48 24 13 37 83 26 1 57 66 28 11 72 65 49 80 27 19 7 86 77 46 78 17 47 4 31 70 29 88 55 45 15 84 42 85 34 81 79 39 44 74 14 64 9 73 50 32 20 71 23 87
    3 51 83 70 4 42 22 68 78 76 11 20 31 41 55 84 67 8 52 62 36 17 69 7 6 40 27 46 82 30 14 5 71 16 25 87 65 43 89 80 21 2 26 86 72 9 33 32 66 48 74 35 24 37 29 15 54 91 77 38 18 90 58 81 50 1 64 88 44 75 85 59 63 60 13 79 49 19 28 61 34 12 73 45 57 39 56 47 10 23 53
    72 11 58 36 74 41 84 35 18 49 44 17 37 3 64 79 75 91 19 63 23 13 42 14 52 38 1 71 33 53 28 7 47 4 2 22 40 77 87 70 55 6 68 46 45 31 29 5 34 10 32 21 81 82 80 78 54 12 61 86 90 20 76 24 69 73 83 57 16 67 9 43 26 66 50 65 85 51 27 62 25 59 39 56 8 30 89 48 88 60 15
    23 12 88 45 8 32 87 33 83 72 66 5 42 63 78 56 62 84 13 43 37 28 58 39 17 3 51 30 90 53 81 38 89 40 75 35 19 2 82 20 31 4 24 16 54 49 71 7 9 57 27 6 69 79 29 73 61 67 46 48 11 21 44 15 55 86 1 22 36 41 47 80 77 60 52 85 65 18 70 91 10 76 25 74 50 68 59 34 26 14 64
    41 66 5 4 82 29 23 77 84 2 52 16 39 88 76 78 8 86 55 53 67 51 3 28 34 79 72 57 83 60 80 49 42 33 11 73 15 65 47 89 12 62 48 69 26 24 56 19 61 25 54 6 40 31 20 35 13 85 44 32 45 59 14 50 87 21 68 74 63 1 10 75 18 91 22 58 27 90 70 9 37 30 64 17 71 38 81 36 46 43 7
    11 69 83 23 49 29 84 76 12 3 75 30 82 72 28 50 57 78 18 71 35 54 27 62 31 66 80 89 38 4 42 39 9 73 88 7 32 25 6 56 55 63 17 33 68 81 26 77 41 87 10 15 52 58 20 14 36 90 74 13 91 60 70 61 16 5 51 19 79 53 8 67 46 43 85 40 44 59 34 22 24 47 65 37 1 45 64 2 86 48 21
    59 12 30 9 2 5 15 77 46 33 6 8 91 72 25 42 19 81 57 23 17 10 36 64 48 32 27 87 3 68 55 26 20 70 90 75 76 18 1 84 66 44 39 49 22 31 52 47 63 28 11 37 69 7 21 67 45 80 16 60 58 82 13 38 29 78 51 24 54 83 62 61 56 4 89 41 86 88 85 34 74 71 73 50 65 53 35 43 14 79 40
    89 79 31 45 74 18 34 78 41 62 13 54 67 39 38 15 55 64 73 63 37 14 76 50 90 40 86 43 17 32 83 26 82 72 51 49 56 24 77 48 71 42 11 75 4 91 12 61 35 53 3 81 28 2 66 36 80 16 70 7 1 44 19 60 52 84 23 5 88 6 87 69 58 29 65 57 33 10 27 21 20 68 9 25 46 8 85 47 22 30 59
    61 9 91 18 15 90 54 43 66 89 60 50 41 28 12 27 38 3 47 1 45 62 59 55 39 42 46 8 53 72 40 24 77 58 81 83 82 14 74 2 49 84 80 78 70 79 13 57 64 69 10 35 31 63 25 29 48 6 32 65 51 19 4 52 33 68 88 44 76 85 75 5 87 37 30 23 22 86 17 34 21 16 71 56 7 20 67 11 26 36 73
    38 26 3 67 55 7 37 54 47 48 85 50 76 1 36 2 89 22 11 65 14 68 28 13 44 91 8 74 24 69 42 33 70 34 90 88 23 62 49 53 51 12 52 80 20 58 81 72 71 6 19 78 59 9 46 17 73 83 63 15 27 87 43 77 25 79 84 56 16 10 75 45 41 21 61 31 18 66 82 86 32 35 60 30 64 40 29 39 5 57 4
    36 88 78 63 30 12 80 85 47 70 48 32 23 27 90 64 75 40 16 14 3 34 84 38 17 18 67 20 4 55 1 54 7 44 10 11 24 33 57 5 83 61 35 19 46 66 59 82 52 26 69 60 42 43 86 13 49 45 62 58 87 31 51 29 89 9 65 15 68 74 73 50 91 72 2 22 81 28 25 56 41 21 8 79 53 77 6 37 39 71 76
    58 50 75 44 61 77 89 74 78 65 26 60 56 14 23 18 72 46 15 43 22 20 51 2 12 6 85 19 49 81 40 54 82 1 21 5 30 71 32 4 31 33 64 9 16 67 8 87 63 11 28 55 66 62 29 25 73 79 39 45 91 52 35 83 48 80 13 47 68 34 37 38 70 59 76 10 69 17 24 41 86 88 53 57 3 27 84 90 36 42 7
    84 6 53 56 7 49 37 4 50 23 46 13 33 89 76 67 52 72 45 3 12 5 44 2 91 88 87 9 8 10 75 1 74 21 14 58 28 63 34 80 26 30 27 60 86 85 18 51 39 29 57 16 25 22 90 36 35 19 61 77 47 66 70 40 31 41 82 24 38 65 69 11 43 79 54 55 78 68 64 48 81 15 73 20 32 42 59 17 62 83 71
    91 1 60 57 21 27 43 25 86 84 77 50 29 46 78 32 5 59 44 63 53 67 56 24 9 4 40 17 80 14 6 22 88 81 71 12 30 87 18 65 72 52 62 70 37 39 69 48 90 76 82 11 54 68 51 66 58 7 26 49 61 64 45 19 75 83 47 73 8 28 16 42 79 33 89 36 35 10 55 74 23 20 31 34 38 13 2 41 3 15 85
    88 87 19 39 70 35 33 81 51 28 47 66 25 71 11 89 61 67 43 62 7 90 50 10 65 57 82 54 40 78 18 59 55 21 16 52 17 34 22 24 83 58 45 60 41 4 75 9 13 42 91 76 23 12 68 63 86 5 46 37 74 44 84 73 20 1 29 26 80 36 14 31 32 38 56 69 79 2 77 49 85 64 6 48 15 8 53 27 3 72 30
    2 60 84 64 15 58 91 34 11 57 52 66 71 23 26 38 86 75 43 46 31 20 89 10 35 36 29 33 22 55 8 30 63 17 87 78 70 7 45 69 37 42 68 62 32 51 85 28 25 81 9 47 77 54 61 27 14 48 79 67 50 74 18 4 24 5 39 3 73 12 90 41 65 88 59 49 80 72 56 44 82 76 16 6 83 40 19 21 53 13 1
    64 71 86 46 55 2 14 76 69 47 41 29 48 34 74 52 75 6 82 67 19 70 49 1 38 13 25 36 4 83 60 63 73 53 85 3 45 50 43 72 59 20 66 62 35 91 58 68 90 11 22 37 8 17 7 27 23 79 10 12 31 30 81 87 84 88 16 56 61 77 80 9 54 26 5 89 51 39 32 42 78 24 18 21 40 28 65 33 15 44 57
    70 52 34 7 90 51 30 64 44 9 6 56 46 53 65 57 81 20 60 15 17 41 27 84 37 16 43 82 50 33 47 2 28 86 54 68 19 40 45 75 4 25 12 78 22 26 42 67 87 74 71 63 59 69 31 49 79 11 58 88 39 80 18 77 62 36 8 72 73 29 61 89 23 32 35 21 5 1 14 38 3 10 55 24 48 83 85 13 66 91 76
    47 5 68 70 85 58 82 14 35 77 42 19 34 60 4 24 31 39 84 53 55 38 30 57 43 13 61 1 83 59 25 87 26 7 63 9 67 16 90 80 65 37 21 54 33 81 75 48 49 72 32 78 18 2 76 79 44 46 45 20 6 41 50 62 86 8 40 11 66 29 89 36 15 17 52 12 51 71 10 28 23 27 91 74 69 56 22 88 64 3 73
    34 47 44 87 89 54 12 39 72 61 63 52 7 66 57 80 5 64 56 74 29 15 43 75 46 71 38 83 82 90 36 59 86 45 11 14 55 17 49 24 42 70 79 22 13 53 18 68 1 65 31 35 60 48 41 2 62 50 25 78 85 76 23 77 4 28 30 8 9 21 88 19 67 40 3 69 73 6 20 26 91 84 81 16 27 51 58 32 33 10 37
    10 64 75 70 78 18 13 65 47 83 20 48 23 60 26 74 15 49 5 50 55 34 69 30 45 14 38 80 71 32 56 46 40 79 2 53 31 33 9 44 7 77 63 4 19 59 1 90 73 51 88 17 21 25 76 27 89 3 52 84 28 16 22 57 12 11 91 6 41 62 54 42 58 72 39 82 81 68 67 43 29 35 85 66 61 8 37 87 24 36 86
    78 59 36 74 44 20 8 60 88 81 16 75 63 84 6 26 68 4 31 82 79 39 53 40 22 55 18 77 25 15 71 41 10 57 7 91 3 29 34 70 83 62 9 69 23 21 2 17 1 5 24 35 19 38 28 56 50 76 51 54 52 27 89 61 12 37 43 46 67 32 48 47 86 87 30 33 13 58 80 64 14 72 42 73 11 65 66 45 90 85 49
    91 52 9 83 48 85 70 20 82 37 29 67 50 10 35 62 22 45 31 28 40 90 18 19 59 5 81 25 88 63 32 68 43 39 86 23 55 3 1 77 17 65 66 80 54 57 13 49 46 84 78 51 12 16 33 53 76 41 75 38 7 58 11 60 27 6 24 21 15 56 87 47 64 30 2 42 74 4 79 34 8 71 61 69 26 44 73 72 14 89 36
    26 28 66 35 79 11 45 62 8 29 83 9 19 86 55 32 67 49 57 7 47 34 18 36 39 90 70 24 23 40 6 5 77 3 85 1 56 74 82 37 63 60 13 12 46 84 69 2 52 68 71 76 22 27 50 54 61 51 17 43 65 64 48 42 21 59 25 30 58 89 31 20 91 53 88 87 80 16 72 81 15 78 38 14 33 4 73 10 44 75 41
    55 44 37 1 76 31 51 15 18 36 85 86 11 39 46 58 67 3 41 29 21 82 8 90 81 42 16 89 56 40 12 72 43 84 87 65 5 9 70 25 34 20 2 10 66 88 33 54 30 62 49 83 19 22 57 24 35 52 27 7 73 61 48 6 32 78 4 69 59 23 14 64 63 68 26 79 91 47 13 28 75 50 38 17 71 45 80 74 53 60 77
    69 62 31 71 33 22 85 8 60 72 81 20 74 77 47 51 79 23 89 29 84 5 16 10 7 11 30 80 42 82 64 59 53 28 40 41 91 13 15 58 32 66 2 44 88 56 38 39 14 68 25 4 48 1 27 34 78 76 18 21 55 37 52 65 36 19 87 86 9 50 26 75 49 83 6 67 54 3 43 24 12 17 90 45 73 35 46 61 63 70 57
    90 79 71 83 53 7 41 48 58 29 43 75 8 24 23 87 60 68 32 1 78 50 14 44 27 63 65 25 82 28 11 35 12 84 26 4 19 39 81 5 66 2 45 85 37 91 72 36 20 13 73 52 47 33 55 6 46 76 67 38 10 34 40 54 15 77 74 61 62 56 31 88 18 30 17 3 57 89 59 86 49 16 64 9 42 69 80 21 70 51 22
    56 60 22 50 51 68 21 71 34 75 32 77 43 37 89 83 66 25 76 10 8 79 80 12 44 70 3 81 36 28 82 6 40 73 90 39 85 16 52 64 55 84 17 62 61 7 58 74 63 14 30 86 20 91 78 9 5 59 54 69 41 67 72 4 45 35 53 57 49 42 19 29 24 65 46 88 15 33 11 48 13 1 18 38 31 2 47 87 23 26 27
    46 7 19 25 63 43 9 71 51 59 28 39 66 88 57 22 23 78 64 53 10 24 84 8 32 6 68 58 20 67 29 91 2 27 55 60 65 82 26 89 62 85 41 56 45 54 15 34 13 76 30 17 87 36 21 1 77 5 14 3 31 4 47 12 40 81 35 16 70 18 79 42 48 69 61 75 80 49 52 83 50 73 33 44 37 86 11 90 38 72 74
    2 82 77 50 87 75 73 83 58 11 41 49 59 46 78 8 10 42 29 47 4 25 57 13 74 23 70 86 55 84 15 21 44 63 71 1 85 17 32 16 80 18 65 61 67 45 51 9 79 7 88 14 43 64 27 30 69 19 33 76 35 20 24 26 62 48 66 5 72 56 31 68 81 12 3 91 89 28 38 60 36 52 40 54 6 22 34 37 39 53 90
    26 44 12 28 13 67 33 52 72 7 25 88 45 66 40 89 82 55 5 4 46 53 78 22 47 16 59 86 76 29 14 11 27 51 65 57 19 36 43 54 42 39 37 75 23 31 48 61 91 21 79 15 56 30 34 62 3 38 49 85 8 69 83 87 2 90 84 50 17 35 9 10 81 20 41 77 64 74 6 58 71 60 70 73 63 68 24 1 80 18 32
    37 73 1 40 88 27 81 21 76 64 12 7 56 16 91 77 68 26 22 51 80 39 41 52 59 36 13 28 44 33 72 60 70 32 61 75 85 25 11 38 48 10 45 71 4 20 62 47 31 74 23 2 53 78 54 15 55 35 57 86 63 67 82 89 87 49 5 69 29 58 42 46 90 24 65 79 8 30 6 66 9 50 17 83 43 19 3 84 18 34 14
    64 12 43 49 78 45 11 3 10 24 4 26 30 7 38 80 54 34 88 15 32 53 79 75 44 21 31 85 25 86 71 33 29 19 9 57 87 14 69 28 52 27 36 6 1 63 61 72 68 51 76 73 50 23 74 8 81 22 40 5 17 59 70 65 48 55 83 91 67 47 84 20 60 35 46 37 56 89 42 13 82 90 77 62 66 16 58 18 2 39 41
    90 84 5 61 38 63 54 87 75 13 43 79 32 49 40 51 60 48 21 80 30 45 66 53 1 78 25 4 57 59 74 34 70 22 36 3 42 37 16 71 31 2 35 6 10 44 91 72 7 20 41 19 85 39 29 18 69 33 65 12 83 17 86 81 9 24 11 68 46 88 64 55 47 27 15 82 14 73 8 23 28 77 50 26 89 62 67 76 56 58 52
    4 11 1 80 13 78 41 3 63 67 48 24 25 36 70 15 20 58 91 77 38 86 65 57 83 19 64 2 85 23 51 75 6 39 90 35 47 44 54 87 81 84 31 37 59 82 16 21 62 79 28 71 40 22 26 18 74 72 30 33 9 53 89 56 52 8 42 43 45 12 68 29 73 5 49 14 69 46 61 88 55 10 17 27 66 76 32 60 7 50 34
    32 20 15 71 84 26 63 78 73 34 13 55 52 7 75 17 79 67 62 10 64 66 86 29 9 42 2 59 53 4 56 12 70 16 24 45 49 1 83 74 5 21 11 82 27 35 89 40 39 48 58 28 54 31 33 50 30 65 8 44 80 87 23 36 60 18 37 14 85 57 51 90 88 76 81 69 22 91 43 25 19 46 72 3 68 6 41 77 47 61 38
    39 4 1 79 81 12 8 3 62 89 46 49 34 67 74 61 68 45 50 63 30 72 70 85 59 44 71 41 6 47 14 73 55 43 37 91 25 29 53 26 86 58 23 16 54 69 15 90 20 75 17 88 40 9 24 78 21 57 13 10 31 22 48 28 80 18 60 52 5 66 32 64 38 87 11 36 2 42 76 19 56 65 51 82 33 77 84 27 7 83 35
    58 63 51 66 77 24 56 71 90 34 42 36 10 12 79 73 60 15 13 45 85 47 27 70 43 67 35 9 61 76 5 3 19 16 26 86 72 17 29 74 23 14 6 53 75 83 44 18 37 25 65 7 52 68 88 89 87 54 31 30 57 8 64 91 84 11 21 55 46 50 4 69 1 49 33 22 80 2 82 59 28 32 41 81 78 38 48 20 39 40 62
    57 7 49 48 13 30 37 15 55 54 24 76 78 31 81 70 6 19 11 73 63 44 64 56 42 88 21 62 8 53 79 17 58 40 87 72 86 28 2 74 39 84 26 1 20 83 9 68 36 65 90 69 80 34 35 27 10 38 33 43 67 32 16 4 22 18 3 71 47 52 25 85 75 12 51 59 77 45 50 82 29 66 61 23 46 5 91 89 60 41 14
    35 17 30 47 69 16 18 51 89 67 59 63 11 66 54 38 78 53 26 70 80 6 22 91 79 29 74 83 64 41 1 52 72 3 49 71 62 73 43 10 55 87 76 12 13 57 40 36 23 9 50 42 21 85 19 8 86 88 4 31 58 84 75 27 81 37 68 82 45 2 65 5 39 56 60 44 28 15 61 25 34 20 33 46 14 48 77 32 90 24 7
    58 5 52 75 13 31 85 2 67 50 56 16 90 11 38 45 41 51 10 74 80 26 60 20 86 91 33 77 48 36 83 17 22 53 4 49 70 32 24 46 61 72 73 37 3 57 19 34 29 69 62 21 47 55 42 35 78 76 40 84 68 23 28 44 59 27 63 82 6 15 8 87 43 1 39 64 7 71 81 12 79 18 30 66 25 14 9 54 89 65 88
    58 63 22 53 44 25 73 42 2 65 83 81 89 8 55 6 78 26 1 15 14 90 9 33 40 49 86 16 52 12 70 27 28 74 11 13 39 57 64 59 79 67 88 47 46 48 31 82 62 34 80 18 87 17 51 30 38 20 7 60 41 24 45 23 36 91 61 85 72 37 43 77 10 71 50 54 76 3 66 35 75 4 21 69 19 29 5 56 32 84 68
    86 58 41 20 52 13 47 49 38 80 79 11 2 4 57 64 91 44 67 1 39 89 24 29 85 87 83 18 42 27 22 69 25 17 12 3 53 45 34 37 6 73 90 56 66 75 28 71 65 81 77 15 43 72 46 51 74 7 16 68 5 84 78 70 36 88 9 54 60 62 55 48 19 32 35 76 8 31 33 63 23 30 26 50 10 59 82 21 40 14 61
    65 30 13 33 56 22 74 17 24 63 69 10 18 7 73 78 49 66 27 75 14 16 57 61 36 72 20 46 50 28 23 90 83 19 25 11 58 34 32 71 81 42 44 62 39 48 40 60 47 31 86 85 43 70 1 55 29 52 54 64 37 87 5 79 8 76 91 82 15 3 84 51 12 41 9 80 2 21 59 68 6 77 4 67 45 26 88 89 53 38 35
    85 72 22 62 86 67 81 87 53 35 49 28 77 68 27 11 26 73 32 19 51 69 82 38 78 45 16 80 65 31 18 14 74 58 59 40 30 2 44 91 70 83 13 71 88 5 24 43 21 36 52 64 4 90 47 37 23 56 17 89 29 12 10 6 33 79 63 15 55 34 20 41 42 48 60 1 54 25 50 76 57 61 8 39 66 75 46 9 84 3 7
    40 50 43 76 74 67 66 11 12 68 15 80 3 23 51 72 37 48 20 6 10 69 71 19 73 49 30 52 1 8 90 17 89 86 5 38 18 56 87 2 35 91 83 85 81 77 88 27 58 84 41 70 16 75 9 33 62 7 59 42 25 64 61 4 14 54 65 39 28 36 13 79 78 32 31 22 47 55 60 57 34 29 24 26 21 46 44 45 53 63 82
    65 56 57 40 35 44 76 89 3 22 24 45 54 27 6 46 79 77 19 53 28 2 51 30 66 20 87 10 55 31 81 26 23 38 72 63 78 37 90 12 1 86 42 15 64 7 43 80 5 91 14 48 88 84 47 39 41 18 11 67 74 21 52 83 13 82 25 71 59 60 68 61 58 9 50 32 17 49 29 16 34 69 8 85 70 73 62 33 75 36 4
    77 55 64 79 36 9 65 61 19 30 51 21 6 63 57 82 76 90 49 15 73 14 89 78 67 48 42 75 38 85 34 33 27 87 11 54 50 74 60 10 40 29 7 69 5 37 71 18 72 45 44 58 3 17 24 4 2 13 88 81 59 25 8 83 68 43 52 91 16 62 26 80 56 20 31 28 41 46 35 39 47 66 86 32 1 12 53 22 23 70 84
    20 78 69 62 39 31 17 64 11 35 76 26 55 66 5 89 81 85 84 51 9 86 70 57 46 71 80 27 1 77 73 83 6 36 49 13 7 42 16 3 44 14 25 19 34 72 28 52 18 4 53 30 91 61 40 15 21 2 50 38 88 43 33 32 24 54 90 10 67 60 47 8 82 75 23 79 68 37 87 65 48 29 22 63 74 56 12 58 45 41 59
    54 31 17 64 63 87 65 89 91 12 47 6 43 51 34 5 28 56 48 44 33 53 25 19 77 69 66 38 73 76 45 75 8 40 15 41 3 70 86 13 58 11 60 88 22 82 83 72 16 2 7 90 20 30 4 42 46 10 79 27 9 52 85 68 81 21 35 1 50 32 78 61 74 37 62 49 80 67 36 26 39 14 71 57 59 23 18 29 24 55 84
    56 40 85 58 13 24 48 41 8 15 45 77 43 86 70 84 67 6 80 79 23 27 31 49 81 38 71 29 87 78 57 35 47 28 61 5 63 9 12 1 2 7 34 89 4 66 59 3 18 46 39 11 32 62 51 65 73 22 52 90 25 33 37 54 68 19 75 83 88 82 64 36 53 20 16 69 30 50 42 76 91 55 44 60 17 21 26 72 14 10 74
    27 81 58 2 86 71 24 84 88 90 53 12 70 72 68 85 73 77 17 40 76 25 87 74 42 61 44 89 26 50 33 21 78 63 35 11 54 62 32 28 34 37 75 67 56 30 14 57 60 23 36 47 9 8 45 16 39 29 52 82 83 3 38 69 22 66 64 55 80 13 48 91 59 19 7 41 18 31 1 79 51 46 20 4 10 65 49 5 15 43 6
    41 85 1 40 58 33 24 14 83 70 37 86 25 56 89 90 45 75 53 27 8 59 63 55 50 81 39 72 31 57 73 78 80 29 38 48 32 61 5 43 69 6 67 46 2 54 28 47 35 23 71 21 68 18 87 16 17 79 34 62 66 88 49 3 10 64 77 22 20 74 82 30 26 52 91 15 7 65 9 11 84 19 42 36 60 4 51 76 13 44 12
    22 74 47 63 85 42 79 44 33 62 20 6 50 43 77 39 76 9 81 83 53 26 48 3 35 18 23 55 80 82 24 29 15 51 73 52 91 58 57 5 84 59 34 21 45 54 31 11 78 66 16 27 41 56 69 12 70 87 10 28 8 90 72 2 14 67 68 36 61 88 37 17 32 75 49 65 1 38 86 40 64 19 4 13 89 25 71 46 30 7 60
    12 44 2 38 70 86 15 66 24 34 91 1 42 7 83 4 80 68 67 32 58 51 82 76 29 45 85 56 59 84 87 53 20 63 74 19 49 62 60 31 23 54 30 73 52 69 55 64 28 81 78 27 88 89 9 65 61 33 17 25 47 48 37 72 8 75 18 41 40 35 10 5 39 36 79 43 13 71 57 3 46 11 50 21 14 16 6 90 26 22 77
    83 21 78 22 52 67 86 29 54 34 31 71 35 77 9 51 55 47 64 82 58 18 24 63 45 30 75 48 44 85 17 56 15 59 90 16 41 11 70 39 43 60 74 33 66 13 37 46 3 68 5 10 32 73 23 62 87 20 76 2 69 6 91 4 42 81 25 27 61 80 12 28 14 26 1 50 79 7 72 53 57 89 19 8 38 49 88 36 65 40 84
    44 77 72 70 64 9 48 29 10 52 90 37 50 13 23 61 47 1 41 75 40 4 19 14 8 80 76 24 25 15 31 54 62 33 21 46 65 74 53 28 35 89 18 5 58 84 73 87 11 16 66 55 79 60 6 22 86 45 57 42 91 20 69 82 27 85 26 2 68 39 3 81 67 83 88 17 78 7 38 12 49 34 63 43 36 71 59 32 56 30 51
    40 10 80 83 37 91 13 54 55 66 26 21 11 36 1 17 63 50 6 73 69 18 47 84 23 81 52 29 74 5 72 22 89 12 58 30 3 49 20 24 34 87 51 28 77 9 16 32 59 62 15 27 39 44 35 78 65 88 4 85 53 68 56 60 48 7 45 61 38 70 64 43 90 2 86 19 41 75 42 82 33 57 46 76 25 8 71 79 31 67 14
    90 48 75 66 34 43 4 36 59 71 19 47 85 30 51 33 62 3 23 64 70 82 31 2 20 77 14 91 17 15 28 9 35 78 79 46 41 16 1 63 22 69 53 56 18 40 29 11 52 37 13 55 26 32 21 65 7 42 12 83 8 24 68 84 87 86 6 80 58 88 73 25 49 57 74 89 72 38 76 27 61 67 50 45 5 44 60 81 54 10 39
    31 88 55 14 12 37 91 70 66 10 71 13 3 36 72 84 69 16 35 78 64 6 83 57 68 32 77 38 86 5 48 74 46 27 19 63 45 53 80 21 30 34 81 28 26 58 15 33 20 82 44 42 7 56 2 43 49 47 22 62 29 41 76 24 87 89 25 67 59 1 18 85 73 39 60 50 79 9 90 65 40 23 52 11 75 61 54 4 51 17 8
    88 43 2 72 70 40 29 22 19 8 91 61 62 4 78 80 47 10 5 13 17 6 73 36 45 67 83 87 85 9 27 59 52 82 57 71 1 21 30 76 34 79 16 18 69 3 63 23 68 44 66 38 65 41 81 31 53 48 32 24 42 39 77 14 74 86 7 60 25 49 75 50 56 11 26 33 15 84 12 28 55 54 64 46 37 20 58 89 35 90 51
    13 26 48 43 67 66 28 38 6 65 49 72 53 85 1 45 62 50 41 2 73 56 64 54 25 16 75 30 22 3 32 7 91 23 20 71 84 81 69 46 40 34 39 90 33 51 57 12 11 79 52 86 36 89 80 59 47 58 83 70 8 10 42 35 60 61 4 24 63 18 14 9 29 19 27 68 31 78 82 21 15 74 76 37 87 77 55 44 88 5 17
    35 81 86 50 34 72 20 10 42 47 37 65 4 84 54 67 64 62 70 49 58 23 74 30 60 14 51 9 16 71 26 31 15 32 12 27 48 75 21 55 73 46 39 45 43 40 69 56 3 66 57 6 87 79 38 41 59 18 77 85 91 1 89 17 78 24 25 2 68 76 5 53 13 36 90 22 82 44 28 63 88 83 61 52 33 29 19 7 11 8 80
    69 5 41 40 18 17 8 36 51 44 4 6 74 68 2 89 47 29 73 39 75 72 38 59 24 23 50 70 82 11 9 12 64 37 67 52 80 58 26 76 66 35 45 81 33 15 55 79 57 3 54 19 90 42 62 13 14 31 34 27 85 61 87 49 10 88 86 77 16 56 43 53 32 84 46 78 22 20 91 65 48 30 60 7 63 83 71 21 1 28 25
    76 28 79 7 70 4 9 63 49 59 57 31 46 73 55 32 6 58 81 67 24 17 90 85 1 91 44 72 26 41 14 34 66 78 88 43 20 15 10 53 65 71 77 38 60 48 74 5 61 8 16 36 83 25 37 13 68 18 47 39 84 29 22 42 75 12 3 2 51 87 30 56 52 64 45 27 40 69 50 89 21 80 82 23 11 86 35 54 19 33 62
    64 55 33 50 58 68 81 16 65 59 74 36 52 71 22 32 91 2 49 70 78 6 69 79 7 43 86 38 44 80 34 30 10 21 29 46 13 47 11 62 19 15 42 35 9 61 4 82 57 41 89 66 39 25 8 51 85 1 72 67 84 37 56 76 28 54 48 83 17 45 63 40 88 87 53 77 27 24 60 75 20 3 23 14 5 90 12 26 73 31 18
    18 78 70 86 50 89 28 48 54 38 49 52 22 20 46 59 27 64 73 6 71 65 85 24 35 77 30 42 16 61 58 34 57 15 7 14 17 81 36 12 11 41 19 72 56 67 10 37 43 47 44 60 53 23 25 66 4 62 5 21 8 91 68 1 13 45 26 76 69 83 29 80 82 2 88 51 90 39 84 9 75 79 33 3 31 55 74 63 40 32 87
    25 43 10 76 52 87 83 66 22 33 48 81 20 51 18 61 19 23 73 74 5 31 34 91 82 59 63 30 50 58 40 90 7 86 4 29 68 42 77 65 14 69 75 3 11 44 85 35 55 62 46 32 88 56 2 26 36 47 78 64 21 16 70 54 53 57 49 72 60 84 79 89 8 17 28 6 39 1 27 45 24 41 67 13 80 37 12 71 38 9 15
    63 19 62 23 38 76 81 60 34 28 15 82 4 41 5 27 18 70 91 68 20 11 24 77 33 2 75 12 35 74 86 43 53 40 89 73 90 31 67 36 6 61 13 80 88 79 47 57 1 69 54 30 7 3 48 46 85 21 49 39 8 55 51 45 10 72 14 64 87 78 44 9 58 84 71 37 59 65 50 17 22 52 29 83 32 42 26 66 16 25 56
    40 50 87 89 76 44 13 46 55 3 21 15 38 23 60 35 25 16 47 88 42 8 28 70 33 68 4 77 67 85 90 81 2 73 66 10 72 63 19 22 75 43 6 56 79 31 58 32 9 11 49 59 7 1 71 69 54 17 52 18 62 53 37 64 26 91 61 84 65 27 82 78 39 5 24 29 12 80 45 41 14 48 57 74 86 34 30 36 20 83 51
    55 89 22 32 86 14 59 39 37 57 3 20 67 2 79 18 36 64 44 73 60 63 66 5 75 54 48 70 76 8 42 84 1 88 24 26 82 30 17 69 40 91 23 50 7 16 29 43 34 28 11 68 46 51 21 12 10 72 27 83 90 6 4 53 47 61 77 35 38 52 81 80 45 19 33 25 65 49 58 85 71 15 56 13 31 74 41 78 62 9 87
    6 64 52 5 4 70 73 76 10 2 37 81 13 65 60 82 35 15 22 77 42 83 39 54 46 84 38 44 86 47 19 72 74 14 8 28 33 59 7 25 20 87 78 71 27 31 11 51 45 36 41 68 56 69 17 48 3 16 43 80 58 24 61 79 62 85 18 9 75 40 57 90 12 63 21 34 67 91 53 50 66 89 29 49 55 88 1 32 26 30 23
    48 6 43 78 15 17 22 1 66 85 33 9 62 54 12 34 65 69 20 2 89 37 30 70 58 49 25 72 14 63 23 52 44 80 56 79 26 42 91 24 82 36 8 90 50 75 60 3 35 13 29 32 53 84 4 83 31 7 87 61 39 81 40 68 10 5 88 41 46 47 21 55 71 57 51 67 19 38 86 16 18 59 77 73 45 28 11 27 64 76 74
    39 36 22 72 56 68 8 37 27 38 70 61 79 12 73 88 84 15 23 48 71 77 63 3 20 1 59 91 43 26 7 32 45 80 50 66 11 18 31 64 89 78 30 46 57 9 83 76 74 51 75 52 87 25 47 90 49 82 65 44 13 5 60 16 35 53 29 33 67 62 85 4 54 24 2 55 19 69 14 21 10 40 86 17 42 58 6 41 34 28 81
    34 8 73 65 57 41 80 5 86 64 78 60 51 19 35 36 6 48 83 33 81 88 38 77 91 13 26 1 79 72 15 30 43 45 84 44 66 28 67 29 2 74 14 40 55 46 24 23 75 71 53 47 87 50 70 42 85 52 58 63 69 17 18 76 20 4 90 82 89 21 25 49 3 11 54 56 22 7 68 16 32 62 10 59 31 27 39 37 61 9 12
    20 84 81 4 83 55 8 87 90 44 23 73 46 38 41 34 50 53 48 68 18 37 6 77 72 89 43 57 76 62 25 91 9 88 14 10 58 61 32 85 40 2 27 78 75 60 59 21 56 86 31 71 45 39 63 70 19 26 1 7 65 16 22 29 5 51 42 66 35 24 79 69 28 67 3 11 47 64 17 36 80 52 49 12 33 54 13 82 30 74 15
    80 76 88 46 53 68 38 8 70 69 83 74 61 63 28 57 65 81 49 4 77 21 13 73 18 51 66 64 17 37 39 3 55 44 20 12 16 40 32 43 11 84 60 22 82 19 58 41 47 1 35 29 52 30 87 56 91 79 59 36 85 15 54 67 6 7 86 5 10 31 71 89 42 75 23 9 27 34 50 45 2 90 72 48 25 26 62 24 33 78 14
    61 74 63 18 24 25 1 86 28 70 14 4 21 75 78 41 55 60 73 90 30 54 91 43 49 47 45 29 20 17 64 87 2 48 69 34 62 32 39 5 10 26 80 68 15 22 76 31 19 23 44 67 16 52 56 7 57 59 6 8 77 81 83 82 27 58 50 88 40 51 13 37 42 65 84 79 3 33 11 89 9 85 53 72 36 35 12 66 46 71 38
    73 82 53 20 60 48 50 66 83 16 19 36 65 32 51 42 13 14 9 28 24 7 37 49 71 5 29 35 63 62 34 26 44 70 74 67 41 21 22 91 39 59 45 55 87 25 43 78 56 80 46 52 90 31 54 33 1 12 76 68 81 27 57 8 77 75 17 3 69 58 84 86 6 64 72 85 15 38 23 89 10 18 47 88 30 11 61 40 4 79 2
    22 18 41 37 83 5 45 66 50 25 64 42 63 3 11 72 71 21 81 57 32 6 69 28 49 70 58 51 14 68 91 27 31 73 76 74 9 24 89 34 80 4 12 56 77 13 47 8 60 15 17 65 88 23 36 1 78 43 87 30 20 55 75 19 2 90 16 48 67 52 62 33 38 85 26 35 40 44 46 53 54 29 84 7 59 86 10 39 82 61 79
    50 46 13 11 75 8 17 58 34 68 15 26 40 36 53 80 37 49 4 5 20 27 56 1 63 86 71 62 78 33 42 88 81 69 12 74 28 14 77 54 66 19 73 55 64 61 84 47 2 16 7 45 76 31 29 79 48 51 65 57 18 38 32 30 3 44 10 59 91 67 22 87 21 24 90 89 23 60 9 35 83 43 52 72 25 6 39 41 85 70 82
    10 55 36 37 5 89 16 91 11 4 79 8 41 81 65 90 13 44 35 1 23 27 68 59 61 74 63 76 82 87 73 43 40 71 49 80 31 88 64 21 69 22 58 84 72 86 12 19 14 60 38 57 48 6 42 30 47 45 70 54 28 78 24 7 33 51 25 67 29 3 50 52 9 75 46 56 20 83 66 77 85 39 18 34 53 15 2 17 26 62 32
    23 1 15 83 60 3 19 58 28 85 69 80 56 79 8 53 46 43 40 38 4 27 55 82 87 72 81 77 33 49 26 30 11 42 5 16 91 29 61 47 31 22 50 57 10 74 32 84 68 65 6 18 45 39 20 24 51 86 73 14 37 88 52 9 12 7 17 63 67 89 13 2 76 59 21 25 71 41 36 54 34 90 78 48 44 62 35 75 66 64 70
    48 86 32 5 6 64 37 30 7 2 53 41 4 84 73 25 14 46 18 85 78 65 55 51 35 54 34 13 19 50 87 12 36 15 20 90 39 72 31 89 57 62 43 69 49 71 82 26 22 9 27 60 56 29 38 24 8 47 67 21 70 77 91 81 66 28 83 10 23 52 45 80 58 42 11 33 44 59 76 40 68 17 88 16 1 74 63 79 75 3 61
    49 85 88 68 50 41 39 74 21 43 12 3 9 11 55 51 77 19 34 40 78 36 1 8 18 35 15 61 5 76 67 37 28 38 27 6 56 48 65 86 81 30 69 73 90 24 66 63 70 89 22 82 64 72 7 4 42 46 57 45 26 16 79 71 62 83 13 47 87 10 31 54 58 25 17 2 53 33 60 23 14 59 32 75 52 44 91 84 80 20 29
    65 70 76 67 49 40 21 19 75 88 4 54 33 55 58 69 28 15 34 62 7 42 48 90 31 51 14 16 35 13 81 79 6 23 3 91 22 24 30 73 29 44 59 66 87 8 56 84 41 2 12 18 17 80 68 72 74 53 1 77 64 60 86 43 5 45 61 78 47 38 26 82 11 9 36 32 10 89 25 20 83 71 52 37 39 46 50 85 63 57 27
    38 87 29 23 91 16 79 20 19 46 8 74 6 14 26 10 58 13 66 60 33 59 12 64 39 34 63 49 62 3 32 69 45 65 71 42 50 41 11 53 56 30 37 2 43 18 70 25 85 88 80 4 75 73 24 15 31 5 21 48 51 77 17 81 27 83 57 9 84 55 35 68 76 28 22 78 82 36 52 44 90 61 7 40 67 1 54 47 72 86 89
    79 7 90 32 1 24 42 74 50 73 31 68 23 12 9 54 86 38 63 59 28 25 84 67 71 17 64 44 47 16 13 11 81 49 36 89 76 27 20 78 19 30 35 45 53 29 41 61 82 80 57 14 88 52 21 60 55 51 85 2 46 62 66 77 75 39 43 65 4 72 56 33 10 26 40 70 3 48 91 83 87 58 37 34 69 6 8 18 22 5 15
    20 69 88 89 29 45 71 11 3 38 28 22 21 17 46 34 76 16 82 63 35 33 44 79 54 72 64 58 36 67 5 61 90 6 25 26 53 12 86 73 51 78 74 66 59 75 31 7 55 4 10 48 41 24 77 30 19 70 81 87 23 50 1 9 27 14 65 2 13 8 39 15 18 91 85 43 83 56 47 80 40 57 62 60 84 42 32 52 49 37 68
    21 36 61 33 27 2 34 20 17 64 85 12 51 41 77 18 76 30 22 56 91 24 71 40 43 4 80 62 25 47 66 52 59 54 44 74 39 68 7 78 28 57 35 81 6 45 49 63 10 90 88 55 38 50 67 3 65 37 82 60 8 79 70 16 48 9 29 14 23 73 89 5 83 13 31 46 86 58 87 69 42 84 75 19 11 53 26 72 15 1 32
    6 16 87 7 81 17 24 69 75 22 38 43 73 37 4 11 9 36 21 58 68 72 67 78 19 62 2 47 20 52 88 83 3 59 49 46 14 91 66 8 50 39 64 54 48 85 53 56 90 76 27 28 79 25 71 45 77 23 12 1 51 60 41 33 57 30 44 80 40 42 35 13 34 86 70 5 26 32 84 61 82 63 89 74 18 29 15 65 31 55 10
    18 52 47 74 76 59 87 36 48 67 86 23 89 21 16 32 51 3 75 43 15 33 55 54 7 10 35 8 11 65 25 31 38 79 62 71 37 5 83 63 40 68 73 77 56 58 84 80 41 64 45 14 69 19 27 61 24 34 29 39 60 82 9 30 72 78 26 91 46 17 4 6 50 88 1 70 44 85 20 90 22 81 57 66 42 2 28 53 12 13 49
    8 54 62 46 22 3 33 25 55 19 10 53 24 59 18 64 20 63 11 15 65 37 61 51 76 41 83 13 35 7 26 47 9 77 38 16 21 74 85 91 57 4 67 6 45 68 14 82 31 86 27 60 52 36 29 2 34 88 78 43 5 48 70 80 87 28 49 72 75 1 71 73 30 69 12 79 17 32 42 89 23 56 40 58 39 50 44 90 84 81 66


