92

    35 80 60 56 55 83 42 4 36 87 32 50 57 31 34 89 61 6 73 45 7 86 63 49 91 16 8 37 71 66 17 52 28 33 48 59 65 58 2 12 68 27 81 76 22 77 85 78 70 1 82 19 41 26 9 43 18 67 15 30 74 88 11 62 25 5 23 53 29 69 64 20 46 39 72 92 38 79 21 44 84 3 10 14 24 90 47 75 13 51 40 54
    45 41 46 91 84 66 55 92 64 22 90 79 54 52 35 63 36 71 24 5 89 20 21 73 49 56 18 38 57 88 23 68 31 30 15 74 6 11 48 81 59 85 13 58 33 10 9 87 25 34 62 61 4 72 26 27 69 65 1 67 53 14 19 50 40 8 7 28 12 17 37 77 83 16 60 86 44 42 32 78 82 70 75 80 3 43 29 51 76 47 39 2
    41 74 4 48 14 55 56 17 12 49 68 61 81 13 21 76 79 75 64 78 53 1 33 84 36 89 65 62 27 45 16 72 57 3 11 80 67 63 39 88 30 32 92 82 47 5 7 8 29 91 2 22 87 28 19 51 59 25 86 6 37 90 31 71 70 69 77 83 44 52 10 35 20 18 58 60 15 43 54 85 42 34 9 38 23 66 40 26 73 50 46 24
    54 50 45 66 61 60 51 40 62 73 29 37 83 69 77 24 14 5 88 28 33 89 10 8 9 27 38 59 21 68 36 85 47 56 91 58 26 48 18 87 78 19 17 2 67 25 90 70 57 39 64 32 82 65 44 86 92 31 81 49 3 35 16 22 34 4 12 43 13 46 74 72 52 63 53 76 80 6 1 79 11 42 7 55 75 20 30 23 84 41 15 71
    31 4 10 71 48 3 66 81 67 7 42 56 70 17 63 44 57 65 30 22 32 78 8 54 74 21 55 33 87 19 40 92 38 72 75 77 80 58 46 2 14 85 23 5 35 86 29 62 20 26 53 69 68 24 82 25 9 88 83 51 50 90 15 12 60 36 41 28 16 39 73 27 64 34 76 1 43 11 52 84 89 47 91 59 45 79 6 13 37 49 61 18
    49 59 76 20 86 31 1 6 25 54 39 83 43 15 87 35 82 60 81 5 23 55 14 90 7 69 8 66 30 40 73 42 18 48 22 4 41 9 63 92 74 37 68 64 62 53 85 17 77 10 19 32 79 45 78 26 13 12 72 61 34 2 50 36 11 29 16 80 56 58 88 91 70 47 71 3 27 67 51 65 33 75 21 52 89 24 28 38 84 46 57 44
    3 16 23 76 26 19 20 30 6 11 45 28 29 82 2 53 84 1 44 42 9 74 13 60 5 52 70 73 4 35 27 92 68 55 90 71 49 67 39 48 24 62 33 66 58 51 88 80 83 78 8 12 54 72 14 61 57 38 18 15 91 89 36 87 40 81 86 32 10 46 37 34 77 17 65 22 50 79 25 41 75 56 85 47 31 21 59 7 64 43 63 69
    71 74 2 10 33 92 17 46 9 22 13 58 21 75 59 39 84 6 63 24 64 88 90 7 60 56 28 26 81 77 65 83 69 45 85 38 67 70 31 27 16 18 52 11 44 53 19 86 72 68 51 43 15 4 57 89 82 34 47 87 78 40 30 37 36 23 42 54 20 50 49 32 5 25 76 8 62 91 73 61 41 55 14 48 29 1 66 12 80 35 79 3
    10 42 11 88 72 47 61 44 58 36 62 77 51 39 78 91 3 37 75 67 12 60 5 7 9 79 89 66 64 74 80 87 71 24 68 17 92 13 49 69 40 45 33 34 8 4 48 90 15 52 55 26 20 50 29 84 22 16 43 27 23 25 14 53 30 65 70 56 1 59 83 2 54 41 19 38 82 32 21 18 57 63 76 35 86 85 73 28 81 31 46 6
    59 12 54 76 7 16 70 39 3 79 46 30 25 10 73 1 74 85 18 29 92 68 86 17 64 60 50 32 84 75 24 23 8 91 37 53 78 44 87 80 56 34 69 20 28 61 6 67 9 49 15 41 71 89 38 31 43 90 63 27 40 19 14 2 48 65 5 62 11 22 72 58 77 57 47 35 55 52 33 83 88 82 42 21 81 66 4 36 26 51 45 13
    27 24 57 33 14 90 70 82 25 4 39 84 47 31 51 42 16 74 44 46 37 6 7 10 55 8 83 87 60 40 73 75 28 3 78 88 35 63 91 9 61 13 59 19 41 43 69 36 12 48 58 38 80 34 18 1 23 72 53 29 45 92 67 64 66 76 81 86 11 32 65 20 79 68 2 17 71 30 52 89 49 56 77 85 62 15 21 22 54 50 26 5
    10 73 92 23 68 85 47 88 56 7 76 62 8 36 2 81 27 40 30 57 1 37 32 78 61 59 5 21 26 65 55 39 6 66 34 60 90 84 64 82 35 49 11 13 86 9 20 16 29 4 19 89 51 50 75 58 18 71 24 63 54 45 72 28 33 69 22 31 52 48 41 25 74 91 87 83 15 46 67 14 70 44 12 79 17 43 53 80 77 42 38 3
    6 2 56 76 10 88 61 62 83 32 15 79 91 68 42 78 39 64 21 18 73 31 87 81 52 92 36 8 70 90 85 22 7 53 9 72 43 77 48 19 60 23 35 58 46 4 57 38 37 25 3 44 55 27 89 5 80 84 66 30 45 33 16 71 41 24 17 40 59 67 82 54 29 28 74 75 11 34 12 14 86 49 13 26 20 63 50 69 65 1 47 51
    37 23 82 61 34 21 69 31 55 75 19 26 84 5 35 38 89 14 41 74 50 6 65 51 22 42 7 47 3 80 11 49 59 39 17 43 92 86 58 67 10 78 18 60 36 62 81 32 53 68 2 71 9 72 4 54 57 48 76 30 56 45 40 85 29 46 28 15 25 83 64 16 27 73 91 79 63 12 24 1 88 20 8 90 52 66 77 33 44 87 13 70
    71 69 63 85 2 82 41 14 33 12 79 38 53 67 55 13 57 43 87 18 84 42 77 39 64 36 56 37 5 40 29 59 22 58 45 26 15 54 28 68 10 9 74 78 35 11 51 17 52 49 83 81 27 60 30 90 21 1 34 31 92 88 16 44 76 24 72 62 86 66 7 48 89 91 6 46 8 70 20 32 25 50 19 65 4 61 23 80 47 73 3 75
    79 85 22 46 7 61 91 60 32 36 5 58 53 42 33 67 86 84 48 71 11 20 3 12 64 17 35 54 77 81 34 28 83 57 29 55 41 63 75 89 59 40 69 39 88 25 73 82 37 38 45 78 6 31 87 1 16 18 76 47 13 15 30 4 80 70 51 90 68 92 56 72 2 9 8 24 23 50 43 49 62 14 21 52 10 26 27 74 44 19 66 65
    47 60 65 10 38 56 66 64 84 46 11 3 89 80 51 42 12 24 2 28 8 72 61 25 79 29 44 53 70 17 15 68 21 23 1 5 45 34 37 83 57 49 19 91 32 58 59 69 22 7 26 16 67 75 77 35 20 48 55 87 39 30 76 54 40 33 63 6 81 50 41 9 71 4 85 82 73 74 86 92 78 18 90 88 36 31 52 62 14 27 43 13
    13 57 7 49 12 25 11 51 35 16 3 29 47 27 20 67 32 42 79 10 85 8 36 31 45 55 54 72 39 38 15 48 50 26 56 68 80 65 90 17 24 44 63 28 46 37 34 33 87 41 5 92 84 82 78 76 77 9 23 6 60 91 58 83 64 70 69 30 59 1 43 88 22 4 81 71 74 75 2 61 66 21 18 19 52 62 89 14 86 40 73 53
    50 61 14 8 22 85 80 56 69 10 74 30 84 60 31 67 43 3 63 51 20 16 79 52 32 33 59 21 91 13 68 75 72 7 45 83 24 2 23 37 90 39 11 86 34 42 46 73 92 9 28 27 41 66 89 25 78 82 19 64 62 76 71 54 6 40 15 4 88 44 1 49 70 38 12 47 17 36 29 81 77 26 53 48 58 55 18 35 87 65 5 57
    38 45 53 89 40 65 29 19 91 59 37 90 82 16 7 12 8 5 22 60 50 6 11 83 30 74 70 58 49 21 87 20 4 51 18 52 34 35 17 75 66 72 2 63 27 88 81 48 57 73 71 41 67 92 80 9 61 25 13 79 36 78 28 86 24 64 44 32 33 68 46 84 26 56 23 62 39 15 54 43 10 76 69 1 85 77 47 55 42 31 3 14
    62 44 79 39 85 4 32 26 3 66 72 59 49 47 38 18 88 1 51 56 16 19 48 54 22 67 21 53 74 33 11 7 34 75 55 70 61 42 5 46 92 37 28 2 57 52 6 58 40 17 50 27 43 60 84 80 68 25 83 41 76 86 89 77 36 71 20 87 12 78 82 90 73 45 31 8 24 63 30 35 81 23 65 9 10 69 29 64 91 13 15 14
    33 91 15 11 49 37 16 3 9 85 58 17 19 7 28 25 88 36 66 63 44 26 81 73 92 38 72 23 35 32 43 1 61 74 84 82 41 90 55 59 4 53 27 75 80 21 31 52 86 60 10 2 68 77 14 62 64 71 39 79 78 6 34 50 56 24 8 18 48 51 87 30 67 46 69 83 70 89 45 12 65 54 76 42 57 47 13 20 5 22 40 29
    13 56 37 40 61 2 4 58 7 35 54 24 23 80 36 17 81 89 16 43 82 53 65 46 41 31 39 77 87 52 67 55 27 34 71 5 50 42 79 22 33 91 8 11 68 76 64 83 29 72 69 86 30 47 44 88 73 14 45 62 63 1 6 12 20 49 19 32 70 57 59 90 48 15 25 60 78 21 66 84 75 18 9 85 3 38 28 74 26 51 10 92
    61 79 9 25 32 23 46 39 76 81 6 90 69 92 89 50 36 3 74 35 43 67 77 47 73 60 78 8 41 72 24 51 33 34 13 45 22 10 66 20 15 16 53 54 49 21 57 82 28 44 11 59 91 58 12 27 4 83 70 42 62 86 64 68 37 85 18 63 14 56 75 48 7 84 71 55 38 5 65 26 52 87 80 1 29 2 30 40 88 31 19 17
    45 75 12 44 66 10 20 69 48 9 68 53 67 36 92 47 26 42 6 81 2 84 83 23 89 56 35 90 58 91 62 86 31 72 30 3 18 65 33 38 21 73 77 40 25 17 59 15 70 55 13 39 22 7 71 64 5 82 11 60 43 85 51 87 49 1 88 29 61 14 74 4 57 50 76 79 16 27 32 24 46 54 8 78 37 63 41 52 19 34 80 28
    16 19 29 37 26 8 21 53 13 2 7 57 42 38 73 72 10 89 61 39 62 78 65 36 86 81 82 34 85 17 55 79 32 88 4 33 80 49 66 11 75 63 23 6 22 71 25 51 46 3 18 54 76 70 87 35 41 43 27 68 40 77 92 31 20 64 84 74 24 15 56 1 9 5 58 59 67 47 28 90 12 48 69 83 91 45 44 60 52 30 14 50
    35 8 80 91 47 83 62 60 33 4 19 30 49 70 59 51 20 54 71 22 27 11 28 64 79 57 17 90 85 41 40 2 44 86 23 14 38 9 6 26 77 52 24 36 82 3 87 45 31 55 84 58 10 16 69 5 39 7 88 46 12 65 89 1 53 37 67 73 13 75 50 42 48 92 74 21 34 72 61 78 15 68 29 63 18 76 81 25 66 43 56 32
    44 21 57 29 16 86 66 9 59 92 24 15 87 47 60 43 72 79 19 64 20 63 67 14 90 28 25 55 8 91 76 37 70 69 49 30 71 34 5 54 88 2 48 3 82 84 51 75 89 23 45 36 58 26 11 33 22 31 38 17 80 12 40 41 65 77 42 4 85 13 68 52 62 53 6 78 7 32 35 56 61 74 81 39 10 27 83 46 73 1 50 18
    37 77 55 50 73 90 65 30 38 58 92 54 42 48 28 26 51 6 25 33 57 35 11 8 84 52 7 87 72 86 2 78 1 89 82 63 61 44 71 27 68 39 45 31 69 15 23 17 88 16 47 9 70 34 29 62 53 18 5 83 22 3 19 14 49 20 41 56 85 66 81 13 74 64 80 10 21 32 60 67 12 76 75 79 59 43 24 4 36 91 46 40
    7 85 73 55 80 29 90 92 78 38 42 21 17 58 77 59 91 9 31 14 25 67 72 62 52 5 18 32 3 6 33 65 22 43 83 41 89 4 20 26 49 36 50 81 46 87 30 15 61 74 69 47 56 34 23 10 53 71 19 1 37 35 28 51 44 82 24 84 27 64 88 2 68 45 66 40 39 11 79 12 13 76 16 60 48 70 63 54 75 57 86 8
    73 68 3 8 31 78 65 69 62 45 4 47 88 1 11 20 33 79 54 14 86 38 48 23 84 43 21 26 19 80 39 50 29 42 2 71 91 82 32 56 10 46 85 12 75 13 53 76 90 87 81 6 24 17 52 59 74 44 61 7 30 37 57 36 16 40 51 25 72 5 77 41 28 89 60 15 27 49 58 34 18 67 35 66 64 22 9 63 55 83 70 92
    31 41 15 51 20 81 72 77 18 12 60 84 76 49 4 92 73 35 63 3 55 26 58 19 40 34 69 88 47 38 27 2 61 33 91 28 53 54 45 79 30 7 21 86 10 82 67 59 9 1 29 24 74 14 13 66 48 6 80 16 32 42 5 85 23 89 8 37 39 70 57 50 68 43 83 90 71 46 62 65 22 75 56 44 11 17 78 25 87 36 52 64
    11 74 77 86 35 70 63 48 34 53 64 81 75 41 83 65 84 2 21 55 23 12 49 13 72 25 68 30 24 44 69 28 67 32 38 51 91 57 4 76 50 88 17 9 59 20 29 31 36 73 42 61 47 39 71 1 40 62 33 58 85 79 26 66 19 78 8 52 10 90 7 82 46 22 18 80 6 45 16 60 5 37 43 27 92 87 54 15 56 89 3 14
    32 75 14 10 61 39 6 73 33 64 68 41 46 15 16 80 56 71 38 2 87 54 67 63 34 55 90 78 88 48 74 92 36 45 69 37 43 9 12 65 24 91 7 76 40 66 5 62 81 17 8 47 30 79 50 3 21 83 13 22 89 72 1 52 25 57 51 28 85 42 70 4 27 59 29 82 49 58 84 86 18 26 31 44 77 19 23 53 60 11 35 20
    81 80 6 71 30 16 65 82 35 5 39 54 91 72 76 1 32 8 49 79 22 3 29 84 33 17 38 64 88 67 2 52 63 92 50 4 25 48 53 26 89 10 90 18 34 40 44 56 37 58 14 60 66 45 27 42 62 7 55 24 74 51 11 70 46 21 61 41 68 75 12 19 69 59 87 31 15 43 47 83 36 77 86 78 20 13 57 28 73 85 9 23
    8 25 87 49 30 92 9 19 65 60 59 73 56 68 42 71 48 1 76 46 57 34 45 61 26 75 66 54 90 41 84 77 24 31 21 7 33 5 39 13 43 91 37 67 17 85 50 28 80 16 20 6 52 51 38 64 83 36 58 79 88 78 35 23 72 12 14 62 29 89 74 11 86 47 70 53 3 55 15 40 10 63 18 32 22 2 4 69 27 82 81 44
    2 18 75 4 34 81 11 41 37 56 85 64 61 32 84 36 66 17 71 5 62 68 27 90 50 28 45 35 30 73 52 47 69 19 70 38 63 33 55 1 76 51 79 87 26 10 92 42 83 44 89 24 91 25 8 58 57 39 16 13 46 53 74 65 6 48 12 29 22 78 3 9 20 77 60 67 86 43 23 88 54 82 72 14 40 15 21 49 7 80 31 59
    62 25 29 83 21 2 1 8 58 55 40 45 41 80 64 53 92 87 18 56 52 10 74 76 31 75 43 30 42 38 14 66 23 12 91 69 17 72 32 88 71 90 39 7 15 86 49 9 24 78 46 28 82 84 4 48 77 59 68 51 37 67 22 81 89 20 61 11 13 26 33 85 79 63 70 6 19 73 3 50 16 34 5 35 47 65 54 60 44 27 57 36
    44 72 68 61 11 38 58 25 24 2 83 70 13 23 77 14 4 3 17 45 81 26 84 89 62 1 67 20 73 75 92 28 85 43 57 86 22 32 56 30 74 33 49 15 34 82 65 21 87 29 40 64 36 50 69 79 39 16 8 27 10 76 31 52 46 53 7 5 71 66 78 59 35 91 18 80 12 60 55 41 51 6 19 48 9 63 54 47 42 88 90 37
    76 55 58 66 87 80 35 91 90 62 61 82 72 38 29 63 7 45 54 11 9 71 3 43 92 33 57 51 18 26 64 15 89 52 28 17 13 75 40 50 77 85 30 79 12 20 8 56 27 68 53 78 44 86 6 4 19 37 74 24 25 16 34 60 32 46 23 14 5 67 84 10 83 47 39 81 73 2 65 22 49 31 42 21 48 70 69 41 1 59 36 88
    23 39 7 32 52 13 42 24 1 17 69 38 68 25 29 43 11 78 12 10 41 36 66 27 81 57 91 19 47 44 28 53 92 55 22 90 61 33 21 9 74 4 70 73 35 34 40 50 16 6 71 79 60 5 64 84 45 65 59 87 77 88 63 3 72 54 80 48 46 76 89 2 18 86 8 51 75 30 67 56 14 15 58 62 37 85 82 20 83 31 49 26
    19 18 55 5 31 79 40 54 4 49 3 14 41 1 81 75 86 73 36 61 89 52 74 91 25 48 28 85 69 80 15 26 88 82 20 24 66 16 59 78 77 33 53 83 65 45 21 50 42 23 17 71 63 62 68 72 43 47 29 76 38 37 51 84 11 57 27 67 87 44 10 35 58 9 8 60 46 92 39 30 6 56 2 70 32 12 7 34 64 13 22 90
    39 5 89 84 46 55 61 26 53 78 69 65 13 10 72 68 74 70 77 56 66 52 57 9 34 91 15 1 2 81 19 8 30 18 63 58 86 12 49 79 28 83 73 80 31 37 92 17 62 64 27 47 54 44 76 35 33 23 75 67 71 48 82 16 20 21 90 50 40 22 59 36 24 42 4 6 88 7 87 3 85 60 38 25 43 41 32 29 11 51 14 45
    26 16 27 67 87 5 19 49 43 58 81 25 38 71 83 10 77 52 73 61 15 29 84 72 34 41 66 8 4 91 78 55 3 23 42 20 92 53 47 54 12 68 7 88 74 9 69 85 39 6 18 44 50 24 13 57 31 60 75 28 65 62 11 82 17 45 2 90 36 86 35 33 56 37 48 30 40 51 46 32 1 70 76 14 89 63 59 79 22 21 64 80
    22 62 46 77 1 36 48 82 74 80 15 55 32 2 88 23 60 28 73 49 59 37 69 24 72 90 85 67 79 78 68 5 44 18 86 83 87 13 42 64 14 33 6 3 57 20 7 30 4 29 66 9 12 75 41 10 56 51 31 34 39 8 76 58 89 43 40 71 19 91 52 54 53 84 21 70 26 17 50 92 45 11 47 16 27 65 25 35 63 81 61 38
    12 70 82 43 81 3 76 92 83 36 31 59 33 57 10 32 35 28 2 58 26 89 69 6 53 84 23 79 17 72 37 20 52 64 68 49 41 34 21 62 29 60 50 54 19 63 77 24 55 45 18 46 67 47 87 85 51 91 22 11 7 9 65 61 13 8 27 71 88 30 38 4 40 14 39 66 73 75 5 56 15 90 1 44 74 86 80 42 25 78 48 16
    4 13 51 56 43 74 9 35 71 53 41 46 2 55 45 64 18 69 15 73 10 6 21 44 28 92 62 87 38 25 89 49 5 91 19 11 60 54 3 57 30 81 16 29 80 23 36 86 68 48 37 70 17 76 14 78 79 59 85 20 42 83 72 84 63 77 82 50 66 22 58 24 27 88 65 8 52 7 40 32 90 31 33 26 1 34 47 39 75 12 67 61
    87 13 26 29 47 22 66 36 71 38 28 77 48 55 81 82 75 65 2 41 24 42 37 3 63 80 86 73 39 56 46 40 8 74 70 76 79 6 31 45 69 27 19 15 62 61 53 17 14 7 92 4 64 10 83 23 30 60 58 84 25 50 59 78 43 32 51 44 16 68 90 57 11 91 21 52 49 33 9 54 89 18 67 5 88 72 34 1 12 20 85 35
    13 64 6 55 33 27 89 44 23 70 87 14 49 46 34 59 21 86 40 77 63 58 79 10 41 71 16 3 37 47 4 45 26 19 75 24 73 51 62 9 28 35 60 83 80 76 11 8 52 17 85 67 22 20 66 48 81 69 2 91 74 7 36 15 53 5 61 42 78 39 82 12 56 57 31 90 92 1 30 50 38 65 72 84 18 54 88 29 25 32 43 68
    54 50 27 58 11 61 30 69 6 89 53 84 67 24 17 35 26 21 52 25 59 46 20 75 60 64 49 48 23 82 9 1 73 15 68 83 43 76 92 90 77 22 62 63 72 41 57 65 71 44 79 18 10 47 34 5 7 19 86 74 80 81 38 88 45 32 70 14 39 8 3 91 66 28 33 87 36 4 85 12 16 51 37 55 56 78 31 40 13 42 29 2
    33 46 83 16 50 62 67 87 92 25 7 64 71 11 24 36 23 49 5 1 76 57 18 63 29 21 54 68 91 66 22 75 65 70 9 77 73 2 44 59 30 52 78 26 45 34 48 53 19 55 15 4 74 58 90 72 56 10 89 82 32 81 8 80 20 60 40 51 86 27 31 42 13 39 41 3 14 35 17 88 38 43 85 84 69 12 47 61 37 6 28 79
    6 69 84 76 49 44 15 52 27 10 5 79 56 68 46 60 41 1 34 37 78 91 23 85 3 45 62 66 29 35 57 17 70 9 22 59 24 92 36 2 61 33 39 88 90 81 64 67 43 82 50 31 58 63 53 89 73 87 77 28 32 16 19 13 86 18 72 4 74 8 42 25 21 12 20 80 11 47 14 30 54 71 75 26 38 51 40 48 55 7 83 65
    70 6 60 67 66 23 54 3 91 15 30 10 71 69 17 50 65 57 81 1 42 75 9 49 18 80 29 46 33 13 76 4 22 79 53 47 26 32 41 35 7 19 12 48 88 36 92 86 51 8 74 2 24 39 56 77 14 73 43 5 44 62 11 45 40 63 38 87 68 58 27 31 90 89 21 82 78 37 52 84 16 61 64 20 59 28 72 55 83 85 25 34
    28 3 89 60 35 81 79 18 61 74 90 46 88 10 78 57 56 76 54 66 19 23 29 92 40 33 49 37 11 4 8 25 41 21 47 7 75 80 2 13 85 52 14 70 36 44 50 62 58 72 9 71 16 83 24 20 42 53 31 65 67 27 32 22 1 68 69 17 15 12 91 73 63 82 34 64 87 6 51 86 43 45 48 26 38 30 77 39 59 55 84 5
    65 45 36 35 9 29 37 58 28 5 20 90 54 27 57 61 21 75 63 26 43 74 53 67 41 4 50 62 10 55 23 30 24 38 68 89 76 17 22 49 88 11 69 1 78 48 32 47 44 91 18 6 79 52 2 56 66 19 25 31 77 14 80 85 92 59 81 73 8 60 12 64 39 34 51 87 40 7 86 33 72 70 3 83 71 16 82 42 13 15 46 84
    79 27 72 68 43 34 78 1 85 55 40 52 31 57 18 92 87 58 13 44 89 75 47 74 48 86 62 5 23 61 29 71 6 63 38 28 56 25 81 30 15 46 45 36 49 22 60 41 82 83 19 50 11 33 21 3 53 20 70 84 9 91 42 65 10 76 88 51 16 7 24 35 14 64 32 26 2 73 12 77 17 66 39 67 59 54 80 69 90 37 4 8
    88 3 78 19 51 44 48 30 8 38 10 22 77 17 40 11 39 86 20 24 62 49 33 47 64 37 81 31 23 76 1 53 70 65 36 12 7 16 60 73 83 27 87 72 66 15 80 59 43 57 6 9 25 18 74 89 63 54 52 68 82 26 56 75 67 14 13 84 45 42 79 92 21 61 4 91 69 90 85 29 34 46 55 71 35 58 5 28 2 32 50 41
    18 7 29 69 83 65 35 80 66 79 4 3 70 88 14 27 92 77 6 57 62 76 2 17 89 47 24 19 54 58 56 33 38 12 48 23 46 26 30 55 75 72 43 51 90 16 32 61 71 1 85 74 64 67 21 42 81 10 31 53 59 36 34 13 52 45 73 60 49 40 20 41 5 78 87 82 44 11 91 9 39 28 25 63 86 22 68 8 84 15 50 37
    43 34 80 55 10 91 33 51 65 11 92 39 30 79 64 31 87 26 49 7 2 52 58 20 16 3 8 25 24 4 9 57 56 32 69 68 73 37 76 72 12 81 66 35 28 62 23 74 46 90 70 61 29 21 44 48 84 86 89 59 19 22 47 38 36 6 60 75 88 1 42 82 45 63 27 17 77 41 50 14 15 71 40 54 18 85 67 78 5 83 13 53
    91 92 35 83 18 54 61 10 62 44 20 79 75 46 12 31 43 27 49 77 86 47 70 30 50 55 16 36 74 65 64 6 71 66 82 38 39 90 8 21 58 41 87 26 40 56 57 13 11 14 60 59 1 81 80 28 25 4 15 48 85 19 42 45 84 89 32 34 78 68 2 72 29 52 17 23 5 7 9 73 76 22 67 88 69 24 51 33 53 63 3 37
    79 63 30 24 84 6 1 70 2 62 74 32 78 72 34 38 13 85 9 68 23 77 50 81 71 36 45 5 61 64 47 14 39 35 76 18 20 88 89 56 41 92 83 17 8 44 80 25 67 51 21 19 16 27 58 66 12 10 75 73 52 40 33 26 46 69 37 60 3 54 91 42 7 82 31 57 53 87 59 11 49 4 22 65 28 43 90 15 55 48 86 29
    1 42 77 59 15 46 34 9 6 80 2 41 28 37 60 7 3 19 48 50 12 72 62 30 65 38 36 86 16 67 90 57 75 61 17 10 8 55 24 5 66 29 14 4 40 53 25 70 56 52 84 91 71 22 45 64 82 32 43 27 79 44 13 39 18 20 89 54 21 26 51 58 88 73 92 68 63 33 83 81 78 69 47 11 76 31 85 74 23 87 35 49
    13 14 30 41 79 4 27 66 20 52 39 24 69 3 29 15 9 6 82 53 11 38 25 55 89 10 33 36 60 17 87 86 70 40 62 7 59 46 83 57 44 84 81 80 78 49 35 92 42 56 58 88 63 23 16 65 91 22 31 72 85 21 48 37 54 61 5 73 8 28 19 64 67 18 71 45 2 77 74 68 75 50 90 32 43 26 47 76 1 34 51 12
    67 40 68 21 75 71 47 41 50 28 85 78 43 52 61 17 57 38 31 60 18 82 62 72 23 1 8 3 33 14 87 24 58 37 4 74 34 35 36 86 27 44 2 5 15 66 42 30 26 59 84 73 83 20 77 91 29 46 11 10 49 19 89 81 51 80 63 69 65 25 53 22 55 79 6 9 48 56 16 54 70 45 13 39 76 32 92 64 12 90 7 88
    89 11 26 85 88 24 80 4 87 30 66 35 62 1 73 42 56 10 48 32 37 28 5 13 47 68 33 81 39 55 36 78 91 41 20 58 67 76 50 21 90 70 72 60 86 46 2 77 75 3 71 74 63 14 7 23 9 6 43 29 53 27 15 12 44 84 38 34 61 19 49 45 8 92 51 64 69 83 25 82 17 79 65 59 52 54 18 22 31 57 40 16
    44 46 32 47 13 28 83 6 11 81 84 69 9 79 2 67 35 42 63 25 74 89 5 26 54 23 22 21 40 75 53 12 33 86 59 65 52 66 39 58 87 27 49 50 62 3 91 90 43 77 4 72 60 78 18 61 80 92 17 20 8 14 70 56 88 76 30 82 34 19 48 36 29 37 45 57 41 31 1 71 73 16 55 7 10 64 24 15 68 51 38 85
    89 14 83 61 40 32 77 72 27 52 88 63 1 59 65 41 79 58 2 51 76 67 23 5 82 13 55 69 11 66 45 48 18 36 47 20 42 3 91 33 38 24 15 30 35 84 74 49 4 16 86 31 50 57 8 81 87 70 71 12 6 68 46 53 56 92 78 21 44 28 10 90 7 64 62 22 85 34 75 25 29 39 60 54 9 37 43 17 19 73 80 26
    5 63 83 90 76 85 8 48 6 24 17 4 69 40 62 39 77 73 61 32 55 30 10 47 34 27 52 29 66 59 60 92 79 2 3 11 7 35 71 26 22 78 49 1 53 84 43 46 74 45 80 36 31 15 12 89 44 37 64 56 25 51 50 21 57 65 33 23 28 18 67 54 14 38 13 42 82 87 9 75 19 88 58 72 81 41 70 86 68 16 20 91
    86 58 84 17 82 46 75 89 44 4 30 10 38 76 26 12 73 2 6 3 51 63 72 67 70 21 33 56 64 20 35 22 42 15 29 92 77 79 88 71 5 48 65 37 68 90 16 61 62 53 54 7 74 52 27 87 55 1 8 34 18 41 39 9 50 78 57 83 23 66 11 24 25 59 85 49 14 45 81 36 91 19 32 47 60 69 28 13 80 40 31 43
    28 22 50 78 84 66 7 14 17 9 75 30 18 60 89 15 27 76 71 92 1 29 5 20 52 16 12 21 47 68 48 42 83 32 67 2 8 54 77 41 44 74 58 11 81 35 91 24 70 65 85 59 33 62 4 90 45 53 25 3 23 37 49 39 79 72 56 46 63 61 26 69 55 19 6 82 38 10 40 64 31 43 34 80 73 87 13 36 88 86 57 51
    78 45 80 75 79 92 86 46 21 56 41 22 43 85 71 59 70 47 26 20 60 37 14 17 54 81 58 84 36 15 50 57 89 42 28 31 73 33 61 39 29 77 8 16 83 52 67 38 6 40 51 76 65 87 44 64 23 34 25 30 1 27 3 18 32 10 48 2 49 90 13 12 69 5 7 9 63 91 4 62 19 53 11 55 66 24 82 35 72 88 74 68
    68 27 25 36 64 6 13 61 63 43 76 81 78 15 9 14 11 31 73 18 71 3 10 1 53 70 50 84 49 39 92 87 82 26 34 42 48 67 80 40 29 45 23 66 19 2 47 44 90 59 51 16 5 58 17 62 75 28 37 52 88 12 24 32 56 60 30 35 65 22 41 7 8 4 89 86 57 83 74 72 38 77 20 79 85 21 69 46 91 54 55 33
    54 22 84 68 38 39 79 83 13 41 90 26 76 33 49 5 12 2 87 70 29 58 23 62 14 59 55 17 3 73 7 37 18 67 11 47 91 56 31 51 10 36 25 57 86 42 80 27 4 35 60 30 74 40 15 66 21 77 16 9 1 48 89 19 44 6 53 64 43 72 69 78 34 8 88 52 45 71 82 24 92 85 28 20 50 81 46 65 63 32 61 75
    44 4 9 34 85 33 86 27 68 77 37 41 61 35 36 82 74 15 11 90 26 55 1 88 43 28 52 17 6 83 24 18 40 14 59 69 7 13 57 67 92 87 71 25 58 60 78 73 72 31 66 63 19 75 23 64 8 21 32 47 91 48 62 81 65 10 53 45 54 46 84 38 12 76 49 51 39 79 30 22 20 3 5 2 56 50 42 89 80 16 70 29
    81 42 32 90 61 56 29 70 21 22 3 47 75 51 84 9 87 85 48 88 23 40 35 54 58 34 79 10 57 7 4 13 49 20 41 55 24 12 71 83 77 50 60 59 76 89 17 11 66 39 26 73 92 82 30 67 33 53 44 43 18 62 69 28 74 86 15 14 5 16 2 8 31 68 38 1 72 36 64 78 25 65 37 45 63 27 6 19 80 91 52 46
    86 85 44 33 79 21 17 3 54 62 9 71 78 15 56 14 7 92 59 90 5 60 70 77 40 38 29 57 42 69 25 75 89 58 63 80 24 73 46 1 23 30 26 74 43 81 20 55 67 61 47 31 8 35 13 36 6 49 84 18 68 87 10 65 50 32 51 45 41 34 82 39 27 52 37 48 4 22 2 16 66 64 72 12 53 28 91 76 83 88 11 19
    41 5 45 13 18 20 76 85 54 70 50 61 16 64 39 87 6 83 62 46 66 55 60 73 53 36 57 89 35 48 65 90 19 43 7 3 23 25 12 31 81 88 91 69 24 22 10 38 27 42 49 34 47 58 75 92 56 33 32 68 84 40 17 30 14 67 4 11 63 51 9 28 8 74 86 21 52 1 15 71 82 77 72 79 26 37 29 44 78 80 59 2
    51 3 82 57 7 8 64 89 54 66 32 92 13 35 20 10 4 53 5 63 29 18 37 62 70 61 40 26 44 46 12 50 30 79 21 2 6 85 27 88 55 84 11 65 39 71 17 52 25 16 80 9 33 56 81 49 45 69 23 14 59 24 73 22 75 42 91 1 38 67 34 15 90 87 48 76 41 72 28 19 77 68 31 36 58 86 74 83 60 47 78 43
    37 56 18 49 34 71 46 82 26 74 24 5 81 48 63 38 68 86 12 47 77 40 19 10 36 92 11 7 69 57 25 23 64 58 75 32 44 88 90 80 54 16 53 51 28 4 66 79 73 39 45 9 33 61 85 87 17 42 65 2 78 30 91 70 20 52 15 29 89 67 41 35 55 6 31 72 43 1 84 13 62 60 76 14 22 50 27 8 59 21 3 83
    58 39 3 75 20 68 36 4 60 42 87 37 41 69 22 83 34 47 11 81 54 62 27 13 6 89 65 48 64 63 23 19 40 15 2 35 9 73 24 31 38 71 25 32 17 90 1 88 44 57 5 53 28 16 61 92 76 33 82 86 45 56 85 59 66 46 8 43 21 49 67 29 14 77 10 72 79 74 30 18 7 50 84 12 78 55 51 80 26 52 70 91
    79 25 42 30 8 15 41 88 13 28 18 58 59 19 48 57 44 1 74 75 20 86 90 66 55 61 32 52 34 11 3 64 83 16 49 40 63 70 27 80 73 85 91 60 81 67 92 39 33 84 78 68 14 24 17 76 47 37 56 21 69 36 82 38 9 5 89 29 2 23 50 12 71 87 6 62 51 35 10 26 54 7 43 22 72 46 53 4 65 77 31 45
    1 40 18 92 47 21 46 63 67 65 72 48 23 64 56 57 15 25 49 43 5 14 88 36 13 60 35 73 24 44 16 70 86 30 69 54 80 7 38 17 26 39 58 79 78 3 85 55 2 74 51 9 50 62 91 52 33 28 20 82 81 34 22 19 61 10 31 89 66 87 4 8 27 90 76 68 45 59 11 77 83 37 29 84 6 12 71 42 53 75 41 32
    70 81 25 39 15 13 35 56 43 3 7 72 85 50 69 11 71 20 1 49 47 64 14 45 19 21 38 58 27 6 53 16 55 41 42 52 73 60 33 40 4 9 63 87 30 68 12 61 29 78 92 80 46 77 74 76 24 31 44 79 26 86 34 65 66 48 83 91 84 37 2 17 59 90 82 22 10 75 28 18 62 32 5 51 57 23 36 88 67 89 54 8
    77 59 57 31 20 18 60 12 47 48 14 23 5 76 67 24 75 85 70 1 68 6 36 81 49 7 91 34 50 46 19 11 4 66 51 88 10 73 21 82 80 45 16 8 92 84 26 71 56 32 33 38 52 17 78 35 43 30 64 3 28 61 42 72 27 2 22 25 13 69 62 58 74 55 44 89 83 79 65 53 15 90 40 63 9 39 86 37 29 54 41 87
    71 3 20 68 88 83 8 37 2 28 15 23 12 46 40 13 75 24 62 74 18 61 7 41 4 42 32 78 92 67 17 89 82 91 47 79 5 39 90 49 76 60 59 14 51 70 54 66 65 48 80 77 69 34 81 85 57 21 11 36 10 86 55 35 64 25 22 27 38 44 72 6 19 1 33 45 53 16 9 56 58 73 87 30 52 63 50 43 31 26 29 84
    30 16 12 24 3 10 56 15 75 69 70 64 32 37 18 59 57 71 53 22 27 7 89 42 73 91 21 82 86 50 87 4 5 1 20 78 34 38 62 44 35 23 2 74 72 31 61 51 45 79 13 48 67 46 85 66 41 9 49 43 58 77 28 6 55 52 88 40 36 83 63 60 47 25 26 17 8 68 39 19 54 80 84 14 29 81 33 92 11 90 65 76
    91 56 16 10 25 51 24 53 89 13 5 7 85 4 21 18 77 59 81 3 39 6 55 64 26 82 70 27 62 40 42 31 47 17 8 87 41 86 36 33 43 19 73 60 63 58 12 35 1 54 67 69 28 78 84 79 44 66 2 88 38 45 15 61 14 74 32 30 52 9 37 23 57 34 50 72 22 92 71 29 65 76 20 75 46 49 11 80 68 83 90 48
    22 44 46 86 82 17 1 90 80 57 60 2 38 15 45 33 61 62 75 20 73 40 10 71 79 27 14 11 78 54 55 70 83 32 63 52 89 92 59 5 39 91 67 85 26 84 12 8 24 77 28 25 47 31 37 51 64 13 18 4 65 56 69 42 88 3 74 72 43 48 23 41 9 49 34 58 76 50 7 53 35 87 19 81 30 16 68 66 21 36 6 29
    62 3 7 51 5 19 43 14 41 65 92 56 74 64 4 18 9 48 81 8 54 78 88 77 58 71 73 66 40 20 17 57 60 12 61 76 30 68 1 24 34 33 32 45 63 35 13 26 37 46 86 90 11 44 80 67 21 59 27 72 89 42 38 10 69 16 2 29 79 6 31 85 87 22 53 39 28 82 75 91 36 15 52 55 49 84 83 50 23 47 70 25
    56 74 5 44 63 43 40 69 17 31 22 25 58 19 6 30 70 20 89 48 32 45 21 53 15 78 55 34 87 77 51 84 41 76 91 14 11 68 65 71 60 18 90 73 10 61 81 82 79 9 37 27 13 54 38 88 59 28 3 26 8 86 1 47 62 7 29 80 4 52 35 24 12 16 33 46 85 36 49 72 2 92 67 50 75 64 39 23 83 57 66 42
    67 86 79 44 48 8 5 92 57 77 18 47 9 13 36 4 37 43 76 63 54 24 10 28 90 22 17 85 15 80 74 50 39 7 62 12 73 11 49 51 61 75 32 40 14 31 70 46 3 52 58 69 83 21 88 19 23 27 45 20 53 66 71 82 72 59 91 41 42 56 68 1 33 87 38 78 2 34 26 60 65 81 29 30 25 89 64 55 35 16 84 6
    24 3 11 29 81 50 52 2 76 48 27 13 77 60 58 38 42 22 78 87 34 26 32 37 25 28 75 84 53 33 62 43 51 82 41 72 16 88 85 4 69 91 19 12 56 31 44 46 1 63 45 65 5 80 30 64 67 89 10 59 54 23 92 71 86 74 15 79 40 17 39 83 68 6 90 9 49 36 35 47 7 14 61 70 18 8 73 21 57 66 20 55
    29 31 18 7 66 92 1 73 27 84 48 69 12 47 54 15 49 50 43 68 75 21 38 30 24 17 32 25 2 60 70 77 34 40 90 85 53 41 5 88 82 11 79 16 59 64 23 74 80 78 26 4 42 67 89 63 39 61 56 22 3 37 71 46 9 36 45 55 14 20 51 83 58 35 72 62 91 65 28 86 19 81 57 13 87 44 10 33 8 76 6 52
    27 69 41 29 45 84 88 67 52 40 50 5 3 35 65 13 71 8 90 57 37 39 72 78 83 87 91 20 75 61 43 15 22 18 19 70 31 46 25 85 48 47 58 49 34 53 6 89 10 12 11 44 28 9 80 1 86 81 63 62 33 79 26 16 2 74 14 92 17 21 82 36 32 56 55 42 4 60 76 59 24 73 66 38 7 54 23 64 51 30 68 77
    80 8 78 54 79 38 36 32 83 15 91 89 70 46 31 72 67 92 37 30 71 90 55 59 52 58 27 69 74 23 75 14 57 17 7 87 50 53 34 68 64 24 19 39 66 47 43 65 45 26 85 84 61 56 11 13 51 21 2 4 88 25 20 16 6 81 29 49 77 12 35 18 10 48 5 1 28 22 82 73 40 62 86 33 44 60 76 41 63 3 42 9
    27 82 23 7 44 58 56 29 79 41 73 67 64 72 71 66 9 35 21 45 69 49 6 31 59 17 15 34 22 63 46 5 50 68 40 8 48 42 37 24 57 4 89 19 74 52 75 90 2 70 83 53 60 43 65 80 36 30 84 51 28 87 1 38 62 32 11 10 81 12 91 25 3 16 20 77 18 85 88 13 76 86 47 55 26 54 61 39 33 92 14 78
    21 56 87 13 19 18 49 28 41 89 82 54 23 52 53 72 32 50 62 29 85 46 88 66 31 39 22 35 7 60 5 15 10 27 90 58 34 14 65 24 26 40 55 83 2 25 69 59 11 45 73 91 81 36 75 67 71 77 3 33 61 63 68 78 57 92 12 20 38 17 9 30 16 44 74 8 37 70 76 48 79 84 1 86 80 43 42 64 51 6 47 4
    30 34 53 23 40 59 83 89 19 29 6 50 32 73 57 17 90 22 70 16 65 55 46 45 8 4 60 13 33 85 66 84 51 5 76 67 49 71 25 52 56 15 64 38 88 12 1 26 86 54 21 74 78 7 47 20 48 41 82 61 44 37 79 43 72 58 2 18 27 11 81 36 62 42 3 68 77 92 39 24 10 14 63 80 91 28 31 69 87 9 35 75
    89 13 14 66 46 92 23 19 82 88 11 67 69 47 80 84 7 41 90 49 68 6 3 40 61 15 25 51 71 42 79 24 33 52 91 57 50 55 43 87 35 75 81 16 4 20 5 86 30 38 1 2 77 32 60 27 56 29 26 36 74 59 65 28 34 39 63 78 31 62 10 76 48 70 9 17 44 54 12 72 37 21 53 58 83 18 8 85 45 64 73 22
    22 18 83 69 71 58 20 66 8 59 54 28 91 34 63 24 44 10 9 86 53 70 11 33 81 79 85 74 84 17 89 65 47 6 16 5 1 30 36 3 49 37 14 13 23 78 46 29 26 31 40 64 61 80 39 27 32 82 90 43 57 38 41 15 45 55 68 21 76 12 42 52 75 73 77 19 92 25 2 88 35 50 60 7 62 67 51 48 56 72 4 87

