93

    54 2 59 60 63 30 76 9 65 83 41 39 86 55 15 28 52 80 72 35 43 77 74 26 25 53 64 75 88 27 57 13 69 6 11 49 4 10 51 21 87 14 73 37 12 92 1 7 33 79 44 29 46 68 82 81 32 38 23 47 34 22 93 62 31 58 90 40 78 24 16 5 42 89 8 45 17 67 50 18 70 61 84 19 85 56 91 3 71 20 48 36 66
    80 53 37 2 76 42 10 64 26 65 92 63 81 36 79 33 17 73 59 13 47 51 35 25 57 8 91 9 28 18 41 21 5 86 48 87 67 83 90 12 6 50 39 7 24 85 68 58 27 61 44 74 62 23 84 55 14 38 45 43 71 29 32 1 72 77 46 82 15 52 30 11 54 31 78 70 3 89 60 19 40 66 49 88 34 22 75 4 20 93 56 69 16
    5 29 38 47 40 21 76 82 86 80 78 37 87 91 73 71 74 68 52 41 77 35 84 48 59 19 17 39 9 4 54 28 85 31 6 56 15 93 18 22 53 43 46 81 75 57 13 34 25 88 30 24 11 16 10 58 72 12 2 62 20 60 83 55 49 32 64 51 7 23 33 14 79 92 3 67 36 26 69 70 45 90 61 27 66 44 65 1 42 8 89 50 63
    51 16 1 35 91 12 15 19 42 71 80 68 23 52 32 79 39 55 67 40 20 70 56 41 29 59 5 38 72 63 11 6 2 58 10 87 69 92 8 60 48 77 62 18 4 37 65 24 45 57 54 78 81 61 85 3 83 25 90 89 73 7 44 31 22 47 64 17 50 86 53 34 33 14 93 82 9 36 74 75 66 26 84 49 21 13 30 27 43 46 88 76 28
    8 30 19 33 72 76 73 27 45 6 89 79 47 26 65 91 62 41 7 22 51 14 2 92 50 1 4 74 25 54 57 52 58 15 59 83 53 55 16 60 38 63 39 28 20 43 71 56 36 24 77 78 9 34 11 61 66 81 5 10 93 31 12 75 82 67 32 18 88 29 69 87 84 85 49 70 40 35 68 37 46 86 42 17 90 3 48 44 23 64 13 21 80
    37 82 40 7 74 85 80 28 25 67 5 1 48 86 73 41 50 32 59 34 22 26 29 45 93 10 72 90 60 54 49 2 92 87 83 61 66 6 13 19 46 57 8 62 18 89 4 75 84 36 35 21 65 58 52 69 43 33 39 88 56 16 20 17 68 27 81 44 23 31 53 79 38 63 42 78 77 24 3 64 71 11 91 12 76 70 15 30 55 9 51 14 47
    17 61 18 42 38 1 34 58 63 68 80 93 28 67 75 70 2 81 71 72 43 31 23 37 19 82 86 57 69 77 29 87 35 12 15 89 24 78 73 3 5 22 91 60 55 25 76 41 27 85 46 48 74 40 45 8 62 83 21 7 39 10 13 16 66 30 14 44 36 88 32 33 92 49 11 50 64 84 51 26 20 53 4 54 47 9 79 90 6 56 52 59 65
    80 78 21 6 30 60 90 92 11 23 93 25 18 31 17 26 61 66 74 36 73 91 16 35 28 64 55 67 46 89 14 69 45 20 54 2 82 27 56 32 65 88 87 22 24 83 63 84 29 48 70 79 38 10 49 15 57 44 34 71 4 85 37 51 43 52 53 62 81 9 77 86 40 50 3 58 76 19 75 12 7 68 13 72 42 8 5 59 47 39 41 33 1
    88 12 35 42 63 16 83 93 75 91 68 20 71 55 13 59 21 38 4 70 28 52 43 67 50 74 85 51 40 14 79 34 30 72 86 62 11 66 77 56 6 69 15 22 2 41 27 76 57 36 1 24 8 58 33 82 84 64 65 49 18 39 80 9 26 87 23 19 53 7 5 61 48 32 37 81 45 60 54 17 78 10 44 89 46 3 92 31 25 47 29 73 90
    7 45 88 89 73 63 81 47 39 27 90 29 91 10 16 72 30 53 92 66 52 77 41 19 40 24 85 43 33 70 59 9 22 14 82 65 35 87 15 38 68 20 23 55 60 51 57 11 17 2 78 6 37 32 12 62 21 80 18 42 46 5 25 1 79 84 50 28 61 49 86 56 67 54 26 64 76 93 69 48 74 83 13 34 71 44 4 3 8 36 31 75 58
    44 1 84 60 45 78 6 68 49 12 10 2 43 11 76 73 23 42 86 9 7 74 70 21 3 71 34 36 64 30 90 77 57 18 75 50 93 17 89 91 83 29 66 54 92 48 37 15 5 46 13 85 58 81 14 41 20 33 22 88 25 35 59 61 26 79 56 72 82 53 4 40 62 28 80 38 39 8 55 16 32 31 24 65 67 69 52 27 47 19 63 51 87
    81 75 58 9 3 92 72 88 25 26 42 49 28 32 76 82 10 23 31 39 51 64 15 67 78 84 74 90 59 85 1 48 93 29 33 2 37 22 4 91 80 13 68 30 86 47 5 79 52 62 35 71 46 87 56 36 6 83 89 38 66 73 27 44 60 69 21 11 55 63 40 50 18 65 20 57 61 70 53 14 41 17 77 12 16 19 43 34 7 54 24 8 45
    11 77 52 41 2 33 54 90 87 71 32 60 84 44 5 79 89 36 35 78 10 6 82 46 68 80 73 58 1 20 61 70 4 23 75 64 19 26 16 28 43 40 39 45 85 59 57 15 67 76 63 27 30 3 37 38 18 42 9 56 86 92 66 22 53 69 13 29 25 8 17 74 91 65 21 72 62 83 51 88 47 12 31 55 81 49 7 34 48 93 14 24 50
    54 30 31 70 26 1 40 72 28 6 85 21 38 51 20 82 89 88 48 43 3 90 73 63 4 2 74 14 12 18 66 49 33 84 47 29 27 55 32 9 68 8 7 45 19 87 35 59 42 69 92 58 91 93 25 50 11 16 77 53 46 81 24 17 13 76 22 41 15 80 5 57 10 86 79 60 23 71 83 34 56 52 65 67 62 44 75 36 64 61 37 78 39
    90 24 73 9 60 23 29 7 47 74 17 72 52 31 84 46 55 37 81 68 41 34 70 12 57 32 63 20 42 5 38 22 56 2 3 30 78 19 91 87 33 66 39 21 59 61 10 27 82 79 77 14 25 86 13 93 88 69 44 15 43 67 51 4 26 36 65 89 76 11 8 71 64 85 28 75 40 58 45 62 48 6 50 54 92 80 16 1 18 53 35 83 49
    82 51 90 52 16 22 32 57 48 13 63 20 5 44 81 78 73 7 24 59 21 69 60 4 43 29 17 28 62 61 9 30 54 71 18 45 49 33 55 25 6 14 67 77 38 75 3 92 1 11 93 53 41 27 76 68 19 8 72 2 39 65 85 74 10 88 34 64 46 70 35 50 87 23 37 56 58 80 79 31 42 89 36 83 26 86 47 84 91 40 66 15 12
    66 44 27 65 22 56 67 50 83 51 55 80 39 38 45 85 29 7 12 79 41 14 40 33 78 63 32 81 76 88 24 35 42 47 54 91 90 23 73 11 86 8 57 92 62 93 28 18 69 43 77 72 49 30 87 68 20 59 21 60 10 16 26 17 31 48 3 58 89 13 4 53 37 2 61 71 74 84 75 5 9 25 6 64 34 36 15 52 70 1 46 19 82
    49 56 6 75 69 50 52 31 9 68 91 12 76 60 3 54 42 57 45 47 33 32 81 24 39 59 19 80 41 23 86 2 61 62 10 58 84 55 30 72 8 37 88 92 93 65 44 79 36 34 11 26 1 48 43 35 83 28 71 63 4 85 38 18 78 27 53 13 40 46 21 29 14 16 82 77 5 22 20 90 89 7 66 74 51 73 25 64 87 17 15 70 67
    59 81 2 88 43 76 75 58 10 70 9 31 19 8 47 52 17 71 13 55 62 42 37 21 16 6 63 86 41 79 24 74 20 72 92 48 28 87 78 26 32 33 51 54 44 5 3 36 73 67 29 85 69 34 57 82 27 90 93 83 4 50 38 18 89 14 30 49 11 40 84 39 22 65 91 77 45 66 68 60 64 53 80 12 1 15 23 35 7 61 25 56 46
    47 48 65 62 4 35 33 90 88 92 8 79 56 27 24 9 55 40 64 76 85 37 3 68 38 51 89 63 93 49 84 34 86 7 77 21 80 83 1 10 36 73 41 14 91 50 52 59 28 5 66 13 71 19 42 23 11 20 25 87 60 32 12 70 74 39 54 22 31 29 17 82 44 78 53 26 69 2 58 16 30 15 81 75 46 61 72 45 67 18 57 43 6
    27 39 56 89 67 79 16 63 81 70 29 28 2 71 92 78 43 55 83 48 47 64 46 14 72 87 80 85 74 9 6 8 36 7 35 66 5 30 34 23 24 1 75 32 20 42 19 37 25 41 40 76 3 45 21 57 90 26 82 69 22 12 10 65 50 59 60 18 17 38 58 13 73 88 52 44 68 31 77 62 11 61 93 86 49 91 54 4 51 33 53 15 84
    9 14 12 17 40 50 13 92 36 83 6 72 37 57 75 60 87 35 84 77 71 15 54 66 20 25 48 88 22 10 16 80 89 52 28 56 4 7 27 2 69 62 53 42 85 24 93 55 47 43 65 90 34 86 30 91 23 79 51 74 39 31 45 19 18 8 3 49 82 76 29 26 63 41 11 5 38 81 58 44 33 68 21 59 46 64 67 78 61 1 73 70 32
    59 47 19 58 70 8 34 32 1 43 30 48 60 88 82 61 26 35 66 85 21 6 80 57 64 16 91 73 41 24 14 69 50 78 23 87 4 76 28 79 29 18 52 90 74 11 49 93 75 71 10 56 27 72 15 39 40 13 45 25 31 9 65 77 68 62 84 44 83 5 81 3 37 51 7 67 92 86 12 55 17 89 42 22 38 2 36 20 54 33 46 53 63
    69 15 17 58 28 32 93 52 1 57 22 65 47 59 44 8 38 72 88 42 75 43 16 13 6 34 9 31 84 26 86 90 7 53 89 51 29 60 79 56 19 36 49 80 25 63 54 10 2 21 73 83 46 45 12 39 66 74 71 48 70 78 5 41 81 61 64 55 23 76 62 85 82 20 67 3 24 68 30 91 18 33 11 27 50 35 77 92 40 14 37 4 87
    81 1 46 79 35 27 83 19 25 39 70 77 5 44 80 59 43 21 7 36 31 82 62 10 86 73 88 64 18 14 58 23 33 40 53 34 69 65 28 75 60 87 68 9 3 93 71 56 15 30 4 72 51 24 29 47 78 42 20 45 6 74 12 55 91 52 67 89 8 26 11 50 49 57 61 66 41 17 48 2 22 76 16 63 13 85 38 92 90 84 54 32 37
    87 8 43 33 82 77 56 22 30 14 54 59 80 44 67 48 52 12 55 7 91 11 72 27 9 84 90 21 53 6 76 46 3 65 40 35 49 79 71 37 78 70 24 10 26 2 83 57 60 20 17 92 19 74 34 18 63 64 5 16 75 42 15 1 31 62 29 51 66 58 69 88 38 13 50 25 45 47 89 36 32 93 4 61 86 28 73 41 81 85 23 39 68
    55 30 13 32 86 87 41 59 93 25 56 18 49 64 11 92 58 89 73 70 6 79 42 71 5 76 35 46 82 17 83 20 51 90 48 8 52 10 15 7 29 85 19 23 75 91 34 12 78 62 26 66 21 9 63 50 77 54 4 53 47 22 3 38 44 80 31 81 16 67 68 27 69 74 33 36 84 88 2 61 1 60 43 57 24 37 40 45 65 28 14 72 39
    29 72 34 17 65 91 73 32 84 35 3 1 28 21 16 25 38 85 69 8 77 31 7 2 11 88 76 90 58 53 56 55 80 14 83 74 51 45 6 41 70 82 37 4 42 26 79 22 49 93 5 71 64 19 24 47 59 52 15 92 60 12 44 89 48 66 87 46 57 43 86 20 30 50 68 23 40 62 18 39 33 27 54 36 63 9 67 10 61 75 13 81 78
    49 66 53 65 91 35 10 79 87 54 32 43 8 89 41 75 70 50 86 18 73 83 9 20 85 23 4 6 48 58 13 15 2 11 52 69 17 1 33 84 12 64 7 67 31 47 61 45 36 46 71 5 40 93 72 88 74 38 25 42 19 14 78 60 51 55 76 34 68 29 3 44 24 57 92 39 26 81 63 22 37 28 27 30 21 56 59 77 80 62 16 82 90
    47 53 75 90 65 60 81 63 88 5 39 66 86 93 77 26 89 2 20 12 25 57 51 33 6 46 32 54 22 91 80 59 16 41 19 67 38 71 44 72 13 1 23 37 70 17 79 50 11 21 43 78 49 84 62 74 35 83 40 36 58 73 61 45 87 92 14 4 30 24 69 15 18 34 7 76 56 31 9 28 42 64 29 85 52 82 68 55 8 10 3 48 27
    88 90 23 28 81 85 25 33 67 12 5 61 71 17 86 36 87 32 72 62 77 47 52 43 2 53 69 6 60 41 73 64 56 22 8 26 9 68 58 30 91 75 42 63 24 31 18 40 65 66 74 14 84 3 82 11 1 50 46 35 37 27 20 7 57 92 93 80 51 34 49 39 19 76 78 48 83 13 45 54 89 55 10 21 70 29 15 79 59 44 38 16 4
    88 86 48 39 22 33 34 52 61 62 57 54 24 91 9 42 89 44 8 30 51 28 5 38 13 93 56 32 53 60 74 78 49 63 58 6 67 46 70 71 55 29 1 92 76 73 31 4 40 50 66 80 75 20 21 26 17 16 47 59 19 68 18 11 84 72 65 10 85 25 2 45 81 82 87 36 77 69 15 37 14 43 27 64 83 90 23 79 3 12 41 35 7
    33 31 61 38 4 78 93 71 40 26 34 85 59 46 60 87 5 16 24 37 55 42 86 64 75 70 82 53 50 65 17 52 83 54 80 28 81 67 29 47 35 76 73 25 44 23 56 21 77 14 41 48 30 9 89 12 91 10 19 13 57 22 90 11 32 6 51 72 45 84 43 20 18 63 58 66 8 7 36 69 62 1 74 92 88 49 27 15 3 2 68 39 79
    57 59 64 26 43 23 53 80 74 46 17 27 5 32 86 72 92 56 1 19 37 25 30 66 9 11 76 51 62 83 75 31 18 81 35 33 71 4 54 3 24 67 69 14 82 38 85 73 13 39 68 90 50 87 12 42 47 8 79 65 10 41 70 49 48 88 34 78 20 63 61 89 91 40 36 21 55 16 29 28 44 22 77 58 93 15 6 7 2 84 45 60 52
    81 14 68 29 17 13 41 28 93 6 59 33 10 26 66 55 58 75 51 56 21 42 27 23 90 88 70 71 61 24 80 89 53 18 35 78 19 69 12 4 64 46 31 5 52 44 8 38 77 48 73 45 62 34 22 20 3 7 91 30 15 67 87 1 74 9 72 83 57 39 50 86 85 40 63 92 84 76 43 32 36 37 16 47 11 60 25 54 65 79 2 49 82
    66 81 55 60 1 28 68 54 71 46 13 9 48 19 84 20 10 76 39 38 53 75 5 22 85 74 26 87 82 42 58 31 47 69 63 24 65 83 15 88 11 36 27 57 29 70 91 89 40 67 78 3 6 16 45 72 32 35 37 7 25 49 17 14 61 44 8 41 50 4 64 77 92 12 93 52 86 18 23 30 34 56 79 59 73 90 62 21 43 51 80 33 2
    39 17 60 6 27 65 19 51 50 31 22 11 13 30 57 36 90 40 43 73 71 83 85 25 35 26 79 14 77 59 42 37 48 8 67 72 41 2 29 74 68 1 86 88 84 80 34 4 61 56 92 87 81 93 70 66 69 52 5 58 10 75 89 46 53 91 63 21 55 3 78 44 45 12 64 76 15 33 54 9 7 62 82 49 20 28 24 18 38 23 47 16 32
    36 31 55 76 42 93 89 4 56 18 65 32 25 57 82 46 37 60 92 20 49 29 87 19 62 41 7 24 69 58 44 70 48 85 47 78 22 71 39 66 34 10 77 3 12 63 54 51 61 50 52 79 13 11 6 28 26 14 81 72 23 1 73 59 15 80 67 8 35 68 38 43 83 75 30 27 84 90 53 88 64 86 9 33 17 45 40 2 5 16 21 74 91
    2 65 24 6 1 76 22 28 43 35 21 62 47 90 13 34 83 25 87 61 40 36 5 17 86 33 3 29 10 56 31 32 15 54 60 72 53 67 64 38 92 45 14 88 19 55 16 11 85 44 82 50 73 23 70 7 78 74 63 58 42 41 37 68 66 80 75 49 57 52 69 9 51 46 71 12 4 81 84 8 91 59 48 79 39 27 26 93 30 77 18 20 89
    12 58 9 37 75 15 77 54 73 6 35 48 16 57 56 33 85 93 92 28 23 36 1 50 63 66 40 22 51 25 65 72 69 7 76 21 60 89 18 41 86 90 82 81 68 29 62 5 45 11 3 61 53 32 43 38 74 87 30 67 83 26 4 79 27 49 55 24 59 19 47 13 44 42 34 88 70 17 78 2 52 14 31 10 84 91 8 46 20 71 64 39 80
    14 43 33 84 54 91 19 69 83 49 3 46 88 7 77 58 39 6 59 17 50 56 92 60 63 76 66 80 64 32 23 53 61 9 68 11 81 72 51 79 71 10 30 45 41 89 65 29 31 20 26 40 12 34 48 57 38 47 8 74 1 16 5 27 4 18 62 87 35 37 2 85 44 13 70 21 36 75 25 22 86 90 15 28 82 52 55 67 93 73 42 78 24
    50 92 42 18 9 48 64 8 7 37 41 26 79 10 80 51 74 81 27 5 1 56 29 36 62 63 75 3 77 14 43 49 45 60 35 12 86 70 31 72 71 40 30 76 90 59 47 46 19 20 24 15 44 67 84 11 13 4 69 38 89 16 33 87 82 25 85 6 73 53 2 91 61 39 58 88 28 78 34 23 21 17 22 55 65 68 66 32 93 83 54 52 57
    66 10 53 31 40 55 78 3 88 22 73 6 28 39 16 63 21 27 82 46 19 9 61 60 52 69 83 26 50 44 81 11 90 47 15 45 20 41 62 8 56 93 87 76 92 14 5 51 86 30 68 25 49 54 42 23 37 32 71 74 91 13 1 18 84 4 24 12 80 34 77 89 36 57 2 79 35 43 17 85 65 70 38 72 33 67 7 48 29 64 58 75 59
    25 79 5 82 67 75 15 66 57 61 35 55 92 12 17 26 30 22 37 2 36 29 40 42 71 58 28 38 80 86 47 49 31 46 78 90 23 59 3 10 83 81 72 68 64 89 91 52 32 56 44 18 74 48 45 8 43 19 33 50 1 73 87 93 6 60 4 39 76 88 77 62 7 11 51 53 9 84 69 16 13 21 14 34 20 27 63 41 24 70 85 54 65
    65 26 49 44 76 48 74 16 70 5 34 93 29 71 68 41 54 37 58 43 38 87 53 67 69 59 25 18 21 33 20 8 62 91 9 61 7 27 6 32 45 17 55 42 4 46 78 19 92 35 10 11 12 51 66 36 88 86 80 13 60 84 40 63 31 14 64 56 39 47 89 22 3 77 72 82 85 28 23 52 81 50 73 57 90 79 83 75 2 24 1 30 15
    32 70 24 48 37 89 75 58 10 64 65 69 81 78 80 41 86 12 35 15 61 57 29 2 28 74 8 31 63 60 19 46 76 55 17 42 14 36 52 43 53 91 77 90 18 13 93 85 67 38 1 84 79 7 88 72 51 66 25 22 20 59 45 54 92 47 39 27 6 33 9 40 68 49 50 23 71 5 82 44 87 3 34 11 21 16 4 30 73 56 62 26 83
    37 68 91 34 6 53 55 2 44 82 76 40 85 77 43 58 54 80 22 17 61 5 3 35 28 60 19 88 10 11 16 47 70 73 13 63 39 93 74 8 83 71 49 56 38 32 79 21 65 36 57 69 27 26 59 50 51 29 42 86 52 30 18 87 66 4 14 84 72 23 15 81 89 31 48 92 64 12 62 7 25 24 90 67 9 41 75 20 1 33 78 45 46
    69 38 81 82 61 36 21 67 14 86 89 20 39 2 78 7 29 4 1 92 32 66 6 80 27 90 62 53 44 46 48 70 8 12 93 58 91 55 47 15 35 30 22 19 74 59 31 60 10 37 25 84 56 34 65 77 45 76 51 28 24 87 43 3 17 9 26 73 85 88 16 57 42 63 33 83 52 68 5 75 23 18 79 13 40 11 71 50 64 54 49 41 72
    4 6 36 70 17 86 9 61 18 69 3 31 37 66 93 71 34 38 63 64 89 49 91 26 5 48 75 33 92 45 87 30 39 32 78 81 35 10 23 51 7 25 83 54 13 79 19 53 52 77 16 24 74 46 80 21 44 72 27 82 8 11 59 40 65 85 73 60 1 55 67 88 76 84 14 12 29 15 41 50 2 62 90 22 56 28 47 58 43 57 20 42 68
    38 6 60 64 35 72 8 47 24 73 43 39 62 11 26 30 75 52 29 92 91 41 61 48 68 27 23 37 78 88 54 83 85 3 45 89 4 40 82 19 76 12 65 63 20 10 67 32 25 49 17 42 59 74 71 16 21 44 70 86 69 46 93 1 51 28 58 7 77 18 55 50 84 80 66 87 34 15 90 22 57 36 13 56 9 79 14 31 53 81 33 2 5
    20 61 26 8 19 80 55 60 37 47 32 75 4 86 13 74 33 53 76 16 92 22 5 9 49 54 41 52 78 72 18 93 79 82 40 45 28 62 57 68 29 27 35 21 36 85 89 6 51 12 67 77 69 46 88 43 44 70 7 34 48 66 65 63 25 31 73 17 30 56 38 64 59 39 91 11 71 81 50 90 83 3 1 23 87 14 24 2 42 15 10 84 58
    4 73 68 1 88 85 31 72 90 55 2 3 40 70 51 46 34 9 53 56 20 48 67 47 19 82 23 36 66 60 18 81 87 91 50 79 35 54 45 33 61 89 13 74 25 5 42 16 37 11 27 86 28 58 49 26 80 10 77 12 32 29 15 84 64 76 6 59 78 14 93 24 65 57 22 41 21 52 38 44 62 17 7 83 69 71 30 63 92 43 8 39 75
    18 38 26 57 71 20 93 35 25 9 54 12 32 21 28 10 48 3 15 92 41 1 88 83 4 59 63 34 82 40 43 23 76 69 77 11 90 75 60 46 72 52 22 33 5 73 65 91 47 89 84 62 68 27 37 66 61 36 31 67 8 13 64 78 81 16 50 2 85 55 7 74 30 45 80 24 42 86 70 87 58 56 51 39 44 17 79 14 19 49 53 29 6
    43 20 47 87 62 34 3 67 45 84 29 26 7 2 91 11 68 49 32 63 31 56 10 89 79 25 60 12 27 14 1 17 52 18 74 82 71 40 39 90 70 24 86 55 21 72 36 78 37 30 69 59 23 13 75 41 65 54 57 4 6 73 92 53 81 42 15 8 38 33 50 22 93 44 16 76 77 64 35 88 19 5 66 61 9 28 85 58 51 46 80 48 83
    74 55 42 64 75 61 59 28 8 25 34 62 23 88 4 45 81 18 36 15 69 41 16 92 35 24 33 7 21 57 54 65 56 50 71 85 47 6 5 44 78 29 60 93 10 26 14 17 46 31 66 90 84 9 73 77 58 72 87 13 51 70 48 63 79 76 89 3 91 39 38 22 82 37 52 83 40 27 67 49 32 1 2 86 80 43 20 12 53 68 19 11 30
    50 79 66 24 36 28 13 84 21 67 30 88 69 57 53 7 81 37 58 71 11 27 39 93 63 46 85 43 16 48 61 91 26 25 62 38 49 5 32 87 34 54 4 10 68 3 64 17 2 83 51 22 86 78 41 9 20 65 90 75 8 77 89 80 70 52 55 59 73 44 33 45 74 40 60 42 92 18 35 82 76 1 15 23 6 31 14 29 56 12 47 19 72
    19 13 65 82 88 6 29 42 33 86 14 75 28 5 30 68 18 71 11 16 60 80 79 48 46 85 12 69 26 57 45 37 3 90 53 64 87 52 74 27 78 81 62 25 34 9 92 73 43 76 15 7 67 17 31 63 72 49 47 56 59 1 20 89 2 84 66 83 40 8 44 21 32 38 10 51 39 55 91 54 77 41 50 23 61 22 58 35 24 36 70 93 4
    77 62 23 56 74 50 34 90 38 85 36 9 18 30 48 54 25 93 41 84 28 37 8 47 81 40 72 58 1 57 69 14 39 44 6 7 45 22 5 80 3 76 66 46 89 2 15 29 12 20 31 24 35 92 61 82 55 13 42 79 65 75 83 64 88 21 17 32 60 67 16 73 68 78 10 71 91 53 33 11 51 43 27 86 49 59 87 19 63 70 4 52 26
    28 76 18 58 4 37 16 66 63 47 78 43 21 13 68 46 60 26 65 50 27 31 93 92 53 54 52 3 6 10 14 20 91 45 51 80 40 32 17 86 19 24 12 85 75 74 77 38 22 2 83 11 69 73 48 49 67 8 15 88 9 41 34 84 36 5 89 39 44 70 7 33 82 42 56 90 61 62 71 64 25 81 59 55 57 1 35 29 87 30 23 72 79
    50 55 68 37 5 41 9 47 65 63 88 83 23 49 15 81 16 21 77 3 90 43 67 80 29 31 17 64 78 70 46 24 45 20 62 40 57 1 87 7 36 38 30 25 39 2 34 75 82 76 66 18 58 32 10 92 53 33 54 35 12 42 11 22 79 61 89 13 27 26 19 84 73 71 48 56 93 14 72 60 91 6 28 59 44 52 51 4 74 8 85 86 69
    12 35 22 37 81 76 32 26 6 68 88 60 8 13 36 59 82 44 29 70 3 51 48 92 11 75 50 67 16 52 14 34 33 28 1 64 57 62 9 15 30 84 83 61 41 55 45 93 17 43 2 65 85 23 72 25 31 74 90 40 73 66 54 79 46 7 27 19 78 63 10 42 18 87 69 20 58 86 53 77 89 56 4 91 49 24 38 5 80 71 47 21 39
    42 2 92 16 61 36 69 43 81 63 37 57 7 70 4 18 53 77 91 50 25 66 3 35 90 22 9 58 82 75 6 33 24 19 45 11 14 34 12 93 73 78 47 17 71 55 32 83 60 59 56 54 38 64 21 86 30 8 87 26 79 76 1 52 51 48 65 40 29 89 84 88 49 20 67 68 10 27 15 44 13 23 5 62 80 46 31 85 39 41 28 72 74
    7 73 13 52 90 44 32 88 49 31 11 85 37 19 58 83 80 65 21 60 33 76 92 30 38 84 77 4 54 8 72 15 71 69 51 91 62 29 12 39 53 55 26 75 3 18 64 82 43 17 63 68 89 81 25 22 27 66 1 36 67 45 9 74 87 78 40 10 93 46 35 47 28 16 50 48 14 59 5 20 6 42 86 24 41 2 70 79 56 57 34 61 23
    70 38 11 52 78 24 22 65 60 90 35 42 86 46 29 83 21 14 58 66 41 73 20 47 2 18 80 79 8 25 89 17 82 44 6 93 87 26 55 15 7 32 10 67 4 69 31 23 88 3 74 48 64 75 51 36 85 50 68 56 16 91 28 62 54 27 61 84 72 5 33 9 92 77 76 57 19 13 45 43 53 34 30 59 39 1 81 12 40 37 63 71 49
    46 25 18 16 39 69 5 51 12 43 81 83 91 11 37 8 19 90 44 68 26 14 65 10 35 88 63 47 22 49 40 42 61 85 27 75 29 56 77 72 50 59 36 45 82 48 93 4 9 92 1 52 31 58 28 67 32 70 76 89 86 71 80 78 6 54 33 64 53 7 60 21 74 84 57 62 38 79 15 2 73 24 20 23 17 13 34 55 30 66 41 87 3
    88 86 62 76 15 56 43 12 1 83 16 70 37 26 52 89 24 10 13 60 80 25 57 61 6 41 30 42 92 8 75 44 65 39 9 34 4 19 38 69 55 54 40 11 23 27 32 81 5 93 45 20 28 84 68 77 22 90 71 53 87 36 3 2 47 31 59 78 67 50 74 58 33 73 17 7 29 48 35 49 72 85 82 18 91 66 63 79 14 46 21 51 64
    72 90 70 5 58 63 19 51 52 89 20 93 53 86 13 77 64 23 10 81 57 82 31 79 78 2 30 83 74 7 71 92 6 9 26 14 76 66 41 27 67 45 1 48 29 84 11 42 32 54 39 46 28 65 18 37 85 55 56 44 17 35 80 43 62 60 38 36 68 21 3 69 73 12 91 61 40 33 34 4 87 15 75 22 49 88 24 59 25 16 8 47 50
    20 13 29 10 84 23 80 37 34 68 79 27 8 83 7 63 47 18 24 43 67 78 25 85 3 90 54 6 40 61 66 36 41 93 42 35 56 75 49 51 52 21 31 81 77 82 70 5 14 92 91 58 73 69 74 65 88 22 50 9 89 17 76 16 62 4 57 28 48 46 2 45 87 1 33 38 60 55 72 53 19 11 15 59 86 44 39 12 64 30 71 26 32
    63 15 12 8 11 59 56 70 60 46 5 14 40 84 27 73 13 68 44 28 57 53 25 7 50 66 80 49 65 23 71 41 36 62 83 86 58 54 51 39 93 17 89 88 77 61 22 81 16 3 91 69 20 38 30 45 64 67 78 85 6 2 26 1 48 43 37 79 47 10 90 74 75 87 55 92 72 9 21 4 19 32 76 31 82 29 24 52 42 18 33 34 35
    63 73 14 39 32 77 68 71 44 88 49 47 83 54 34 40 60 36 18 26 79 80 64 65 19 78 52 33 27 7 29 92 59 55 61 58 50 23 15 6 30 76 12 57 31 10 4 22 82 86 67 16 2 5 84 72 75 56 21 51 93 37 69 25 91 38 87 45 35 81 85 28 42 74 8 43 1 9 90 46 20 89 62 13 24 11 17 3 48 53 70 66 41
    2 65 68 83 35 27 86 53 54 11 32 12 38 92 41 85 79 46 91 34 40 31 37 5 19 74 29 87 7 14 67 10 52 51 25 71 24 76 44 9 47 88 55 77 42 22 57 78 72 17 81 4 43 62 75 28 13 30 93 39 70 64 89 61 84 80 26 8 59 49 45 69 82 48 20 58 33 3 50 1 21 16 56 73 63 60 36 15 18 90 23 66 6
    31 47 82 15 78 93 64 41 37 30 11 58 75 91 54 92 27 33 42 71 12 3 87 10 48 52 20 65 60 28 9 74 14 79 17 25 85 5 77 1 34 4 36 80 46 83 56 19 63 39 22 81 38 8 70 18 84 73 72 49 90 51 68 32 13 44 2 89 43 29 59 23 7 62 61 57 6 26 67 69 76 66 55 21 16 86 45 53 24 40 88 35 50
    51 25 18 62 44 82 13 41 69 45 20 70 65 92 63 71 36 81 14 79 15 72 80 2 32 28 90 3 85 39 60 9 73 68 54 27 83 10 48 66 78 34 56 74 47 23 21 37 33 22 77 57 43 91 53 52 7 12 8 29 58 59 46 11 38 49 30 76 6 93 42 19 1 4 75 86 88 87 40 26 16 55 17 35 5 61 31 50 67 64 89 84 24
    72 92 44 33 9 26 29 50 64 5 82 38 88 37 76 60 53 63 23 32 77 17 39 21 54 15 41 65 2 83 18 61 75 78 35 34 25 91 11 69 3 4 28 59 86 19 84 1 62 10 6 43 74 70 49 71 36 48 7 42 56 66 45 30 8 89 31 80 24 22 40 20 73 16 68 57 90 46 58 85 27 47 12 81 67 93 55 14 52 13 51 79 87
    73 18 32 22 75 90 91 3 10 58 30 41 15 14 33 29 26 59 67 24 57 20 46 80 81 71 92 25 87 31 66 43 60 23 8 85 27 48 63 83 77 45 2 36 40 62 37 17 49 53 13 88 19 28 79 68 12 1 21 44 82 55 34 89 74 50 93 78 70 38 84 76 4 39 7 69 56 9 61 72 47 52 65 11 6 51 64 42 5 16 86 54 35
    69 34 2 59 52 28 86 77 76 24 83 90 1 84 68 8 53 19 27 48 60 56 23 62 4 85 36 71 64 22 7 91 33 63 92 6 29 72 88 54 55 70 13 25 65 43 38 45 9 75 78 93 31 50 12 66 3 10 11 18 21 49 82 87 61 73 89 14 81 67 40 26 30 16 15 20 46 41 5 47 17 44 51 35 37 79 80 57 32 58 39 74 42
    17 82 54 80 16 5 69 3 52 1 27 86 7 44 71 58 10 26 67 74 4 68 59 62 60 42 43 47 73 8 63 23 38 89 12 28 66 41 87 18 31 77 78 57 84 2 32 55 21 91 19 49 46 92 83 56 40 24 35 70 85 37 36 39 20 61 93 30 75 34 53 22 6 33 79 76 13 65 88 51 25 64 48 72 15 14 81 50 45 29 9 11 90
    9 76 82 49 1 20 34 45 33 50 73 77 47 4 83 35 46 80 52 37 25 6 10 39 87 36 86 85 43 16 63 62 23 58 18 59 93 79 27 70 7 12 40 84 56 69 53 38 5 78 26 2 31 68 19 17 21 14 24 75 41 64 22 51 90 44 30 28 88 71 65 72 11 91 15 81 32 67 66 13 74 29 42 55 8 60 92 61 48 3 57 89 54
    26 35 12 77 4 27 74 48 62 52 81 59 33 1 78 38 90 24 16 37 73 65 58 88 28 46 86 68 84 60 10 15 32 61 13 30 92 66 11 44 54 6 36 22 51 83 8 41 75 5 72 3 55 80 31 85 87 39 47 9 82 69 71 79 29 21 49 56 91 63 14 76 57 45 7 43 53 70 25 34 19 40 2 42 50 17 20 89 67 18 23 64 93
    61 40 50 60 47 35 23 86 32 26 15 5 87 79 33 75 44 25 73 78 74 22 10 28 64 88 37 34 91 71 14 90 72 1 16 52 65 3 81 27 17 36 6 29 38 18 77 31 39 80 46 12 70 69 58 53 20 13 82 42 24 51 41 89 63 49 66 54 55 83 7 62 2 67 84 48 57 8 21 76 19 11 30 92 85 93 56 68 45 43 59 4 9
    84 36 26 11 43 62 78 4 40 58 56 20 75 9 85 72 2 93 39 29 34 71 13 52 10 57 46 5 88 7 91 24 31 87 8 28 63 74 44 33 73 49 45 68 25 55 14 54 64 21 41 51 60 32 15 53 69 65 27 42 37 77 67 47 80 38 89 82 61 50 17 18 81 70 86 22 90 6 3 79 59 35 19 83 23 16 1 76 30 12 66 48 92
    7 68 46 48 26 43 47 62 25 41 86 63 19 77 33 73 18 83 23 93 15 78 20 21 44 90 24 39 60 57 88 37 28 31 1 55 76 5 22 65 29 74 91 59 8 52 27 6 75 82 11 84 51 36 16 85 3 69 58 4 71 2 12 42 66 9 13 50 49 38 10 56 32 45 17 92 72 87 70 81 89 14 30 79 64 67 54 53 40 34 61 35 80
    93 76 19 33 35 58 39 29 50 34 69 45 32 1 41 80 22 7 42 65 20 31 57 16 2 71 89 51 75 85 28 38 43 55 12 21 8 91 3 36 73 27 40 79 24 62 26 56 88 64 90 81 74 86 11 92 70 53 78 63 77 59 60 54 14 47 87 84 37 5 61 66 30 67 83 49 72 18 23 68 25 9 15 48 17 6 82 13 52 4 10 44 46
    31 51 7 81 66 85 3 33 2 46 63 43 32 77 12 26 5 8 53 23 69 19 60 74 68 61 34 93 55 6 14 71 10 40 21 4 87 75 36 28 89 52 24 41 80 30 78 18 58 73 11 76 86 59 48 57 29 62 44 17 22 47 42 39 35 56 91 1 38 79 20 49 15 9 82 67 84 70 64 25 65 54 16 37 13 92 72 83 45 27 90 50 88
    34 51 93 88 44 48 27 53 17 41 5 90 22 36 35 92 42 78 33 1 83 15 31 66 21 49 46 80 62 30 7 10 64 54 19 84 39 75 6 13 29 14 12 76 52 73 18 4 50 72 24 40 59 82 70 60 9 69 91 32 79 8 87 26 61 43 23 68 55 65 81 20 28 63 85 3 77 45 74 58 25 89 2 71 57 47 56 67 37 86 11 38 16
    15 56 59 76 48 87 46 67 29 13 90 53 49 71 68 1 91 32 61 8 55 83 7 42 6 57 20 62 17 43 50 86 4 23 78 14 80 24 41 82 16 45 60 18 81 84 54 92 70 65 75 63 27 26 31 35 64 9 88 33 52 89 39 34 47 58 74 22 19 3 11 73 72 69 10 85 38 21 44 30 12 2 40 66 51 28 79 36 93 37 77 5 25
    5 16 18 20 4 2 80 64 75 53 8 62 32 50 57 82 60 91 81 88 33 7 84 48 38 73 27 24 61 74 68 63 43 19 83 15 35 28 34 36 31 23 26 11 58 69 21 76 13 42 86 6 70 52 1 46 17 67 14 22 29 37 51 72 47 12 77 41 3 54 44 78 79 71 49 56 25 59 30 90 66 85 93 92 87 65 39 55 10 89 45 40 9
    89 63 80 47 87 37 38 90 35 27 93 66 69 86 68 75 6 57 7 83 17 91 70 25 92 64 12 58 16 10 51 60 34 61 20 50 32 74 79 67 3 24 77 81 52 44 31 13 85 88 49 46 41 78 2 59 26 5 40 8 42 21 4 18 76 19 48 54 9 23 36 65 56 71 15 53 72 1 33 45 14 82 29 43 73 84 28 55 30 39 22 11 62
    62 19 69 43 45 17 54 65 12 33 3 24 32 86 90 81 15 73 38 57 59 82 47 71 36 87 77 35 18 37 40 67 88 83 74 85 93 29 78 46 30 53 64 21 63 4 79 51 55 80 75 49 72 31 39 27 9 91 11 89 44 20 50 68 66 8 84 16 61 42 13 58 6 76 2 14 26 28 23 5 7 70 60 41 34 25 10 22 92 52 1 56 48
    14 12 87 58 8 68 59 60 22 25 73 88 43 33 46 72 18 56 4 54 1 19 85 45 27 78 49 48 40 53 11 50 38 86 75 34 47 3 16 61 13 10 32 80 63 79 35 67 69 52 91 42 24 66 77 31 41 44 65 55 29 90 51 17 84 81 93 89 83 6 92 2 76 5 15 37 21 30 20 23 9 36 71 28 64 57 82 26 74 7 70 62 39
    8 77 2 62 52 36 18 74 76 35 14 15 60 42 49 45 27 50 83 61 53 88 30 26 63 20 38 59 4 23 48 17 57 1 43 73 9 19 91 29 84 34 32 24 90 25 56 13 66 80 55 69 51 3 12 58 39 46 16 28 82 22 65 7 93 10 64 78 81 41 6 47 67 89 44 87 70 86 68 79 5 31 92 21 72 33 71 75 40 54 11 85 37
    19 32 92 20 48 14 73 70 76 23 7 72 41 29 37 35 86 27 67 24 52 39 3 10 6 61 9 22 78 33 90 40 66 54 8 77 57 31 55 81 49 13 62 51 59 71 83 11 79 56 47 45 87 65 12 50 88 63 42 75 38 28 1 93 34 68 58 64 46 36 26 2 4 21 74 89 17 44 85 30 16 91 84 82 25 80 60 69 43 15 53 5 18
    79 14 27 80 67 75 86 4 69 55 50 49 11 20 93 77 38 54 70 85 31 71 45 58 46 53 56 18 41 87 72 24 36 84 78 3 30 23 19 7 29 63 47 9 81 51 39 42 10 32 35 8 61 92 68 22 73 5 34 48 21 12 2 37 17 90 64 62 91 83 76 26 66 74 60 33 59 43 16 28 13 44 65 88 1 15 89 57 40 82 52 25 6
    29 54 24 40 6 90 63 60 93 81 58 65 55 75 91 85 15 78 46 35 68 14 62 48 33 44 45 92 17 20 42 38 19 18 8 89 32 31 12 11 7 76 72 25 86 79 83 16 74 49 9 22 56 34 37 71 27 10 3 88 36 52 84 82 51 50 57 39 4 67 5 73 53 1 87 47 43 69 2 64 66 70 28 13 80 41 59 61 23 26 30 21 77
    58 69 45 59 75 80 9 19 33 55 10 28 52 84 49 37 12 63 18 54 83 88 91 87 71 41 77 16 90 42 50 62 67 27 76 79 1 4 78 47 3 46 89 60 22 70 44 51 85 57 21 66 73 13 81 53 43 65 92 72 74 39 20 82 64 26 86 34 68 93 56 38 17 6 35 36 14 25 8 48 31 30 40 7 32 24 61 11 15 23 29 5 2
    5 57 50 88 61 59 21 42 55 62 18 65 15 86 25 20 24 38 37 64 44 85 93 41 4 71 92 53 3 19 81 70 36 16 29 26 30 60 58 77 7 13 10 17 9 91 28 79 63 23 90 31 27 43 45 34 80 84 76 11 83 33 67 56 47 14 66 32 48 75 6 8 73 54 89 22 87 52 12 82 35 49 39 40 51 46 69 78 68 1 72 2 74
    57 22 91 56 36 19 53 86 70 60 68 39 92 59 27 26 6 44 42 40 51 20 87 83 21 75 90 5 48 15 80 9 47 61 77 50 76 4 58 33 18 88 84 2 62 1 89 10 72 11 65 32 74 34 71 7 37 23 73 63 13 85 30 49 78 17 64 54 43 28 41 66 31 82 79 55 81 25 69 14 52 8 12 24 35 67 93 3 45 29 46 38 16
    81 69 89 3 18 83 56 33 70 46 82 44 2 55 43 4 54 58 57 24 62 19 88 92 79 36 72 76 63 78 85 39 77 5 13 51 45 74 68 48 9 12 38 7 37 11 8 65 32 17 75 53 25 23 34 47 14 29 93 16 42 61 80 49 31 91 28 86 15 59 50 30 87 41 20 10 40 66 35 60 22 84 26 52 6 21 90 27 1 67 71 64 73
    1 63 48 6 53 61 59 21 3 33 45 27 31 54 4 91 20 51 44 78 22 38 42 30 10 43 52 66 8 68 34 81 18 72 60 55 36 71 15 19 2 83 17 50 13 57 11 58 69 92 74 39 64 84 87 86 79 14 40 62 25 7 24 89 65 93 49 12 73 46 88 37 23 67 5 26 77 85 70 28 9 80 90 29 16 32 56 76 75 47 82 35 41
    44 50 63 2 12 66 6 90 58 45 15 35 39 80 51 78 76 71 11 52 59 27 42 81 54 56 48 23 20 77 7 93 33 13 85 41 74 26 31 72 24 29 14 70 55 9 22 82 83 65 32 21 86 34 3 89 75 43 8 46 19 60 37 10 88 17 91 28 79 18 38 4 68 92 67 30 47 61 69 62 25 84 73 36 1 57 40 49 87 64 53 5 16

