94

    87 23 70 19 78 7 6 46 21 72 20 47 75 56 12 58 62 90 76 34 25 89 63 16 37 66 82 73 79 86 10 26 35 64 15 8 5 55 13 29 93 24 91 49 2 22 48 43 54 71 92 80 30 40 4 65 38 77 68 85 36 18 50 94 27 41 9 1 3 14 11 17 32 42 84 52 33 60 61 53 69 57 67 31 83 39 74 45 59 81 28 44 51 88
    46 31 53 6 80 19 79 69 4 12 78 5 16 24 71 77 39 87 75 92 11 22 15 10 56 52 41 8 74 73 81 36 90 49 70 51 66 2 47 55 25 30 34 68 1 91 94 57 40 27 21 60 20 44 65 82 48 7 67 89 59 93 86 14 23 38 88 17 63 26 18 35 3 64 50 72 76 84 45 28 29 9 85 42 54 13 43 61 32 37 33 83 62 58
    35 28 29 32 20 33 21 31 18 86 75 82 48 24 44 2 70 50 68 38 76 91 8 71 12 1 6 3 84 63 43 89 23 90 30 60 80 67 40 69 87 64 5 41 22 53 14 13 56 81 15 27 45 19 9 59 47 26 65 39 52 46 83 79 55 54 78 42 74 49 93 61 77 66 4 72 17 7 57 16 36 37 92 58 62 25 51 73 10 94 85 34 88 11
    94 30 51 24 90 67 12 57 39 58 83 60 64 16 48 25 43 92 74 66 55 84 62 76 32 22 8 87 35 86 54 34 88 6 20 49 33 56 79 78 9 77 3 85 91 5 21 63 81 38 75 89 70 36 65 42 23 69 27 26 13 82 72 53 7 37 46 4 19 80 28 41 71 61 73 59 2 44 14 31 40 1 50 68 15 45 18 29 47 10 52 93 11 17
    8 35 83 57 40 33 53 51 24 32 73 70 44 59 46 79 18 14 63 89 28 5 43 23 45 10 90 67 64 17 11 55 84 91 39 54 62 60 71 85 13 58 81 61 66 87 19 7 68 37 25 41 27 86 42 50 6 21 22 75 80 34 2 94 29 92 30 72 82 78 26 16 56 15 12 52 48 93 20 47 38 77 3 49 31 65 88 4 76 69 9 74 36 1
    69 9 63 81 68 14 47 10 65 92 30 4 36 62 34 56 35 75 24 13 59 29 7 25 43 77 5 6 33 23 41 38 48 50 22 91 19 11 55 16 71 61 53 37 46 66 94 8 45 15 21 28 79 72 73 27 87 12 60 17 58 39 31 18 80 42 52 89 67 90 83 49 76 88 64 1 57 74 51 3 44 20 40 32 54 84 86 85 78 70 26 2 82 93
    44 35 9 64 31 15 53 19 28 87 16 36 41 10 80 72 81 38 42 23 83 65 54 1 3 2 82 48 14 91 63 89 92 66 32 17 74 24 62 49 69 30 55 71 59 84 12 4 11 21 79 34 61 75 6 25 7 37 90 57 76 85 33 22 58 18 56 52 5 47 94 43 39 27 45 50 68 26 86 60 46 13 73 77 88 40 8 93 20 29 70 67 78 51
    21 76 18 44 79 63 71 42 83 94 3 8 12 41 64 28 26 35 40 56 31 16 13 32 1 66 61 38 25 57 4 49 81 70 47 89 74 78 30 50 73 68 33 52 27 80 24 65 85 77 11 86 67 91 59 53 58 17 54 22 51 60 45 72 19 37 6 69 75 48 88 39 10 93 15 84 90 20 29 23 2 92 82 36 87 55 7 62 46 14 9 5 43 34
    26 16 48 9 8 19 54 60 52 89 84 53 59 63 37 50 70 80 85 93 3 58 56 31 34 41 69 10 81 36 68 86 35 22 49 12 38 18 90 72 14 79 77 17 62 30 15 29 25 57 20 21 47 39 23 33 74 46 94 87 45 1 67 44 43 55 5 4 2 32 51 92 82 73 76 42 78 40 83 13 6 7 61 75 64 88 28 71 65 11 27 66 24 91
    30 66 20 60 10 92 1 6 41 58 71 9 69 23 70 16 47 91 42 44 49 63 32 50 43 68 61 35 79 26 12 46 34 29 51 76 40 25 17 67 86 72 48 4 45 7 59 14 78 28 53 74 87 94 39 38 22 56 84 21 77 62 54 3 88 80 24 27 73 33 11 89 90 82 75 13 37 5 64 81 19 52 8 85 2 15 18 55 83 93 65 57 36 31
    33 6 35 69 55 10 34 40 57 21 58 49 45 68 78 18 66 76 70 39 2 63 77 3 83 44 84 43 46 56 23 74 60 72 5 75 92 59 61 62 82 51 32 88 36 93 80 12 38 65 29 64 71 73 24 19 20 27 37 16 26 15 7 9 91 47 81 31 14 85 41 50 42 17 13 48 8 25 53 4 94 11 52 1 89 28 87 86 30 67 90 54 22 79
    30 52 78 48 15 72 19 7 11 53 56 1 9 57 70 13 41 8 37 16 68 4 85 31 32 62 74 51 63 75 45 80 82 66 94 87 91 18 38 44 64 12 58 28 46 23 93 49 26 65 33 54 55 77 43 60 14 81 10 40 25 17 90 61 71 39 2 69 22 21 88 67 29 59 24 92 42 86 5 6 20 3 35 76 73 84 27 89 83 47 36 34 79 50
    74 63 11 27 2 82 13 94 64 21 58 45 48 15 28 91 83 89 75 3 14 8 90 20 51 4 32 18 43 73 52 54 49 36 38 81 78 53 22 9 87 1 65 61 5 37 10 57 70 12 60 72 79 17 71 34 23 30 85 19 62 6 76 77 66 88 26 69 25 56 86 93 24 84 39 31 41 16 67 46 35 47 7 33 80 40 59 42 92 55 29 44 68 50
    64 38 47 37 61 44 81 49 78 19 18 24 29 67 88 1 82 71 65 10 92 41 42 80 56 22 77 20 40 54 39 7 50 16 72 75 76 27 21 70 48 62 87 73 94 84 11 52 14 79 91 57 59 9 55 53 23 35 36 58 43 90 66 3 25 26 33 5 13 74 28 15 45 93 69 17 63 51 12 6 30 60 31 83 89 32 34 46 68 4 8 85 86 2
    39 1 7 9 6 17 71 15 58 85 61 50 12 32 81 84 75 47 72 35 54 38 19 83 33 60 37 51 92 23 89 53 76 74 25 2 10 22 56 27 80 43 4 31 3 45 69 44 88 62 59 86 90 46 52 63 68 28 79 93 55 20 30 29 5 77 49 14 18 94 24 67 66 13 36 87 16 82 65 42 48 21 8 73 70 57 78 41 34 40 91 64 11 26
    88 34 74 77 48 55 76 61 45 62 70 37 23 94 8 51 66 52 49 26 71 3 6 2 44 47 75 5 85 31 4 63 39 20 93 36 17 9 90 89 53 12 80 78 73 59 79 7 57 24 28 22 15 14 43 50 64 1 25 19 27 65 69 35 32 42 91 68 10 30 84 21 67 41 56 18 58 87 46 92 38 29 72 82 86 54 16 13 83 11 33 60 40 81
    41 28 76 79 81 18 5 67 86 16 22 33 59 62 17 58 60 87 13 52 8 92 15 70 1 74 83 39 20 19 40 64 53 30 94 63 3 43 90 51 89 11 14 4 85 78 12 2 55 36 50 75 37 21 29 34 54 32 72 57 31 38 24 44 65 77 82 48 25 23 46 10 69 61 35 26 56 66 80 49 7 27 42 6 71 68 9 45 93 73 91 84 88 47
    7 5 87 82 39 77 84 73 52 55 66 70 85 4 12 48 8 19 31 64 14 62 1 58 47 49 69 9 13 29 24 33 27 3 30 45 41 53 74 67 88 10 56 63 38 17 23 92 46 71 94 50 54 15 75 90 80 89 35 83 78 32 11 57 93 22 26 76 28 37 20 81 34 79 18 2 44 43 61 86 16 59 91 42 6 68 72 60 25 36 40 21 65 51
    26 66 40 49 19 31 55 57 42 85 32 48 84 50 56 18 75 71 90 83 77 38 70 46 91 28 52 68 12 87 7 53 22 61 37 80 65 20 3 86 5 58 10 82 76 8 13 39 41 93 36 47 51 74 60 27 6 63 94 30 34 4 62 67 79 78 16 15 88 44 35 81 54 59 45 72 1 29 64 92 9 89 33 17 25 11 73 23 24 21 14 43 2 69
    42 62 13 21 52 4 16 63 87 27 83 80 1 94 10 41 71 35 43 19 77 14 53 50 45 40 59 32 47 86 30 67 38 88 2 48 85 28 37 17 66 3 51 74 24 84 18 49 70 57 90 55 64 12 9 7 91 78 31 39 34 6 61 93 23 46 36 56 73 25 29 65 69 33 15 44 68 54 81 75 72 76 26 22 60 79 8 58 82 89 5 11 92 20
    42 87 43 74 53 60 19 66 83 69 34 61 79 10 12 59 80 89 45 65 93 55 70 72 77 6 36 81 90 68 67 24 86 85 92 58 71 44 63 20 47 31 88 50 2 39 29 49 38 46 56 18 41 37 3 94 73 4 1 35 25 82 26 57 51 30 9 40 91 5 62 33 8 64 13 78 48 15 17 23 76 84 28 21 22 52 27 75 7 14 11 32 16 54
    93 9 63 79 31 16 39 41 75 78 15 33 8 57 84 7 48 65 18 77 87 62 4 50 44 46 89 32 43 19 81 45 64 71 36 5 14 22 55 58 11 35 40 80 30 24 6 49 1 23 13 70 27 54 26 17 34 67 38 92 25 86 91 56 12 2 3 53 73 60 61 59 76 69 68 66 85 83 29 74 47 42 94 82 21 88 72 20 51 52 28 37 90 10
    92 89 54 38 43 65 13 3 81 27 74 53 56 40 88 21 28 41 8 80 77 1 91 90 60 47 64 2 10 25 71 48 32 45 79 58 67 6 83 50 7 84 66 33 46 18 4 23 19 29 49 9 57 76 87 63 24 20 39 42 62 17 5 75 34 22 86 61 44 30 85 70 37 15 12 72 14 94 68 78 93 69 51 52 31 55 11 82 35 26 73 36 59 16
    9 89 26 35 78 17 11 4 24 27 68 32 57 15 42 50 63 62 83 80 60 31 52 76 66 71 40 16 38 39 3 58 53 19 73 43 74 69 87 36 1 70 2 48 61 20 93 14 64 94 91 37 8 23 21 86 55 85 45 25 12 18 56 82 29 79 54 28 34 6 13 47 44 59 92 65 22 67 51 30 90 46 81 41 84 72 77 10 33 88 75 49 7 5
    7 29 8 38 46 30 61 16 57 17 42 47 24 31 86 54 67 37 43 21 36 80 69 6 79 63 73 15 4 77 70 78 33 87 55 71 10 65 58 56 76 40 59 14 52 22 39 51 50 64 89 25 9 2 44 13 18 82 85 81 41 11 90 83 28 84 62 49 66 45 5 94 32 34 48 26 35 53 1 75 92 68 72 60 88 3 27 74 12 19 91 93 20 23
    37 83 72 21 41 66 38 61 67 85 1 64 68 49 15 84 28 74 75 87 5 17 81 47 53 91 89 40 7 52 57 59 60 79 51 78 73 16 65 10 26 30 80 88 58 45 32 43 20 25 13 69 77 31 27 92 33 42 14 50 9 44 93 76 62 18 39 48 3 34 90 2 6 70 8 11 23 4 35 63 86 82 29 36 54 94 56 19 12 71 22 55 46 24
    36 50 39 9 56 31 41 45 1 84 68 64 59 33 90 21 66 78 51 32 94 73 53 83 5 7 48 2 80 70 4 93 38 10 52 77 20 25 16 49 57 74 71 22 24 42 12 61 65 62 92 34 46 88 60 26 67 14 3 15 89 28 75 86 54 13 85 44 17 76 87 29 58 72 19 82 43 35 81 91 63 11 47 8 40 55 30 18 27 69 79 37 6 23
    85 40 5 41 86 45 81 66 6 47 8 61 77 10 52 91 50 56 3 37 14 35 62 29 13 67 63 27 87 74 51 79 57 73 64 24 26 84 4 23 55 83 70 46 69 39 18 75 89 2 92 12 20 49 76 94 80 1 88 28 34 53 31 36 11 68 19 16 43 9 15 7 22 54 48 33 82 25 17 21 78 59 44 38 72 93 30 60 32 42 58 65 90 71
    88 65 91 69 15 30 33 61 7 17 36 89 63 70 38 24 16 72 44 10 41 93 83 21 51 80 82 60 27 62 76 48 42 8 46 43 5 85 13 59 9 84 75 78 37 35 74 3 66 73 57 32 23 39 4 81 58 68 14 52 45 49 19 50 34 64 1 55 2 25 31 54 56 71 90 67 6 28 20 18 40 53 86 79 22 87 11 92 94 29 47 77 26 12
    62 84 83 11 59 80 75 39 26 89 16 87 69 55 18 78 8 24 28 67 49 53 23 44 68 10 25 82 92 33 61 57 77 73 46 21 48 1 58 36 65 14 31 91 63 81 86 85 15 40 52 94 51 64 47 70 32 66 38 7 6 41 76 93 22 30 35 2 74 50 45 19 34 13 90 42 72 60 79 37 29 43 27 17 88 9 3 4 71 56 5 54 20 12
    92 59 94 5 87 18 85 81 27 89 8 23 53 57 4 66 24 45 20 78 67 58 21 14 38 7 79 34 2 48 76 86 68 88 35 52 39 82 84 93 90 47 70 25 55 72 75 1 12 74 30 73 65 62 40 22 33 13 56 64 10 69 71 61 16 19 36 29 49 15 46 80 6 37 31 28 26 54 41 43 44 3 32 50 17 9 63 51 42 91 60 77 83 11
    31 28 70 87 81 4 75 91 85 80 19 57 72 54 79 7 64 20 78 42 69 89 43 73 12 16 33 92 49 30 90 3 94 21 17 67 48 24 59 45 34 11 74 56 53 9 86 18 35 50 38 26 55 93 44 2 13 8 58 63 32 37 61 71 1 14 5 66 77 6 88 15 60 25 23 84 46 40 62 51 36 10 65 76 47 41 22 29 82 39 68 27 52 83
    72 11 79 42 15 53 66 24 46 64 10 18 88 32 93 85 3 49 73 29 45 59 26 44 2 6 67 74 34 5 94 83 9 52 68 43 33 57 27 81 39 25 13 30 21 61 69 4 56 80 38 14 40 19 41 37 54 47 84 12 17 7 78 22 50 91 28 51 48 71 76 65 31 23 75 77 36 86 63 20 58 8 16 82 90 1 35 87 62 55 70 89 60 92
    11 15 55 73 59 65 41 50 21 2 69 31 57 4 32 64 67 87 79 45 63 88 61 80 74 39 91 22 23 26 89 44 70 37 30 68 38 3 54 86 62 71 35 17 43 14 7 19 72 49 9 85 36 76 81 18 12 8 82 1 93 28 90 29 78 46 25 6 53 52 42 20 56 10 83 24 77 5 27 48 58 84 16 75 92 47 60 51 33 94 34 66 13 40
    92 46 77 1 15 80 90 61 52 76 63 94 27 87 73 36 40 60 71 7 31 2 3 51 11 26 8 10 88 6 13 66 32 54 5 58 65 50 93 33 91 9 62 23 19 83 30 24 81 85 75 39 37 22 57 38 16 69 55 67 53 25 18 86 12 64 4 84 14 17 35 45 56 89 79 72 68 41 82 20 70 28 29 48 34 43 21 74 42 78 44 49 59 47
    65 90 64 17 86 72 5 24 13 34 73 32 18 83 55 37 12 77 31 61 41 9 84 58 46 25 92 76 20 22 38 33 93 66 75 69 91 2 63 59 53 79 50 16 28 27 8 68 1 44 71 94 35 52 43 80 30 3 10 51 47 89 60 6 4 36 48 85 87 40 39 11 26 29 67 42 70 19 88 23 21 15 62 74 49 81 7 54 57 56 45 78 14 82
    66 27 88 87 38 33 50 2 9 75 70 73 81 74 85 93 53 49 69 94 42 92 67 20 35 58 39 41 78 31 19 76 72 62 34 47 32 11 7 51 83 48 52 28 89 12 82 6 25 29 45 17 1 3 79 77 23 64 8 18 22 57 91 84 60 5 21 37 68 30 43 14 80 15 10 65 61 36 16 56 44 46 4 13 26 63 71 90 59 86 40 54 24 55
    77 12 90 1 79 71 72 11 25 70 32 63 42 14 37 88 58 62 28 59 21 51 38 13 80 17 74 34 15 24 92 50 67 69 89 10 68 7 18 93 20 6 39 2 46 36 16 54 73 35 57 76 45 41 61 78 19 40 85 48 56 33 65 4 44 64 66 60 26 8 55 3 43 82 9 49 31 75 23 87 81 52 86 94 27 84 91 22 30 53 5 29 47 83
    24 50 7 8 85 47 18 41 14 52 78 6 94 87 56 16 38 64 89 31 77 22 76 42 26 83 63 36 34 35 88 82 73 67 72 54 23 11 69 71 37 15 84 45 68 58 30 70 46 25 81 65 13 66 4 92 20 9 44 86 62 40 80 75 2 53 33 21 91 59 60 17 3 51 90 10 79 29 55 61 27 5 28 1 19 43 48 57 93 12 49 39 32 74
    17 6 92 94 62 34 77 40 53 45 21 74 27 66 51 20 23 42 22 70 86 8 72 1 4 41 85 44 46 12 26 89 33 18 48 3 9 50 36 30 10 52 93 25 47 80 84 65 73 83 88 19 82 5 13 67 49 68 28 55 75 76 56 43 58 11 91 90 35 57 87 15 63 60 54 24 64 16 69 38 81 2 71 29 61 14 32 79 37 7 31 78 59 39
    14 4 76 9 74 37 33 26 82 59 30 31 70 79 10 5 73 77 93 65 7 88 69 51 36 43 27 25 38 13 6 80 34 53 17 40 55 11 71 94 47 66 54 81 22 90 19 23 89 46 29 86 57 45 61 44 39 87 58 42 18 91 52 16 64 56 62 75 84 1 28 2 3 60 15 72 48 49 83 68 12 85 35 63 41 24 50 67 20 21 92 78 32 8
    75 82 25 38 5 47 41 14 67 19 18 23 62 16 28 43 55 27 37 35 79 40 42 3 54 77 8 60 59 53 20 63 7 94 81 71 4 58 39 78 50 1 91 83 84 80 12 85 17 51 33 52 29 24 13 48 74 57 73 22 49 6 69 9 46 90 26 2 64 65 61 88 86 21 10 76 11 36 92 15 30 31 72 66 44 45 70 34 56 87 93 89 68 32
    84 41 16 66 80 11 52 47 59 49 21 83 2 61 94 45 4 77 25 72 86 27 17 13 19 39 69 64 33 35 87 40 5 42 6 74 88 89 46 76 50 93 32 85 22 26 92 29 56 1 24 81 53 30 79 18 34 91 9 37 62 12 15 20 65 43 90 71 68 10 44 57 31 82 36 75 54 55 78 8 60 23 14 67 38 48 58 63 28 7 73 51 70 3
    36 90 29 31 3 21 19 47 85 59 54 93 66 11 4 26 23 81 16 53 52 35 28 61 83 44 24 77 88 86 18 49 2 43 32 76 92 48 13 69 51 5 75 73 74 65 94 8 46 20 55 37 67 60 82 17 45 22 34 15 33 50 41 68 27 25 1 38 87 84 58 79 42 63 14 9 70 12 57 64 80 78 56 7 72 40 89 39 71 10 6 30 91 62
    40 86 4 29 91 80 49 53 64 36 71 67 12 81 69 62 88 22 77 35 32 74 52 24 8 66 75 9 94 38 19 27 21 6 18 2 1 39 15 57 58 61 70 65 16 37 3 45 84 46 48 59 7 92 87 72 33 89 5 51 14 83 23 73 63 42 11 76 54 78 85 30 25 17 28 82 79 20 68 31 56 26 43 50 13 41 90 93 34 47 60 10 55 44
    63 93 50 41 57 9 32 56 72 53 5 31 80 68 24 87 83 64 15 13 35 21 73 23 89 17 84 49 28 29 46 37 67 85 52 54 65 25 34 77 69 59 86 14 81 1 45 12 20 79 91 36 82 10 27 44 4 30 11 74 3 70 22 48 51 58 2 71 55 75 16 88 6 33 66 92 90 18 60 61 47 43 39 94 62 38 40 42 26 19 76 78 8 7
    18 86 82 79 62 59 29 4 94 49 31 50 2 9 5 80 35 72 64 20 22 66 13 51 48 36 77 57 27 15 91 52 28 43 84 69 17 88 47 54 71 26 83 19 81 1 34 11 63 46 78 45 61 23 87 74 10 39 33 70 3 68 24 92 21 65 25 7 67 76 12 44 93 6 30 89 14 56 53 32 55 85 40 38 8 41 42 16 73 37 60 75 58 90
    11 3 24 90 37 17 60 14 70 85 18 91 19 63 35 43 27 20 66 34 86 72 88 36 53 73 80 52 82 22 57 92 89 58 56 62 65 31 93 77 6 76 44 49 15 79 67 47 68 1 13 33 59 94 45 38 83 5 74 4 69 10 55 48 41 84 9 81 21 32 23 29 64 28 8 54 42 25 78 50 40 51 26 39 30 2 12 71 16 61 46 7 87 75
    88 56 63 2 49 34 66 61 81 27 12 3 37 80 17 44 9 1 26 41 76 69 68 94 6 38 71 31 29 35 73 89 90 45 42 59 40 52 79 11 74 36 28 82 16 8 65 58 14 25 60 87 5 30 84 51 15 22 64 54 18 4 50 43 48 75 53 93 85 83 57 20 19 92 39 23 72 47 24 86 21 67 46 10 13 33 78 55 70 91 77 62 7 32
    44 60 35 33 63 75 53 51 6 40 52 26 29 16 73 65 34 78 23 58 24 68 85 42 39 57 28 15 81 79 69 94 8 32 13 82 92 86 93 74 90 48 9 76 47 89 46 72 10 66 1 54 19 14 49 87 17 11 50 77 18 67 27 31 21 62 3 41 43 2 80 25 88 61 22 56 30 5 36 91 38 70 55 12 83 7 64 45 4 20 71 84 37 59
    2 89 6 56 15 83 57 76 18 44 8 73 77 52 1 93 64 31 40 53 69 86 5 58 75 37 30 82 68 17 38 55 65 12 80 32 47 67 51 11 66 42 94 91 92 70 50 34 26 43 87 22 79 9 25 16 14 7 59 13 63 54 74 24 61 23 33 81 27 85 36 28 41 60 4 88 84 35 78 3 48 71 90 62 72 45 21 46 29 49 39 20 19 10
    2 1 82 73 3 46 4 72 11 38 64 25 52 7 13 36 17 34 14 70 19 81 9 39 37 16 94 55 93 31 90 20 75 80 22 50 71 32 74 76 43 53 58 63 45 69 78 23 87 88 42 5 27 89 84 51 15 91 65 35 30 66 85 68 86 41 62 28 48 49 26 60 77 56 6 18 54 21 44 47 10 61 29 33 83 57 59 79 92 24 40 12 8 67
    47 65 63 82 77 71 4 69 76 21 52 54 2 31 45 33 12 89 57 61 53 85 41 14 23 17 38 6 74 7 30 44 49 66 56 20 36 42 15 72 34 75 73 32 68 40 1 29 70 13 92 60 84 79 19 64 67 62 16 91 51 37 58 8 26 80 88 22 5 18 94 35 55 48 93 27 87 9 83 25 43 78 50 11 24 86 81 59 46 3 10 28 90 39
    16 19 23 59 81 50 65 4 31 7 53 44 80 52 21 55 61 35 66 8 36 87 75 88 63 28 85 76 32 78 18 84 25 72 82 90 94 3 5 54 41 39 14 74 34 47 1 29 42 22 46 48 45 40 15 77 60 70 11 26 62 6 20 33 38 2 79 17 69 93 92 30 56 13 73 67 57 37 71 10 9 51 64 91 89 86 49 43 83 12 58 24 27 68
    49 68 74 50 93 7 77 79 30 80 72 87 21 82 83 22 43 46 16 19 33 1 57 37 32 48 25 66 76 60 17 36 35 34 61 10 51 90 9 4 56 85 15 24 2 58 52 11 64 92 27 42 13 88 31 3 73 39 28 53 69 89 41 14 20 81 29 94 26 55 86 5 23 44 54 84 40 59 38 18 67 8 6 45 75 78 70 63 71 12 91 62 47 65
    66 91 23 82 35 38 49 81 31 3 7 68 85 22 52 41 73 51 8 75 87 10 6 34 94 47 78 43 42 24 28 86 29 80 54 60 17 11 36 18 89 76 90 55 65 4 33 57 74 53 50 64 93 70 88 69 15 9 40 19 12 1 92 84 61 79 72 83 71 62 46 48 14 26 25 58 30 20 27 59 21 2 37 44 63 32 45 39 56 16 67 5 77 13
    92 74 27 23 19 18 62 53 47 5 42 26 79 80 16 29 31 64 61 10 93 72 82 20 9 75 44 55 33 67 7 34 89 28 41 68 36 8 49 1 76 90 56 6 83 71 65 77 4 70 88 21 48 91 25 3 22 43 12 15 59 13 35 54 86 84 11 45 63 14 69 51 66 78 81 39 73 40 57 58 37 94 30 60 17 52 32 85 50 87 38 2 24 46
    2 29 48 62 55 91 4 56 5 3 57 36 84 8 25 30 32 49 24 45 67 17 72 53 82 87 65 59 43 90 33 85 22 58 64 42 76 78 23 6 26 7 69 47 37 71 35 31 70 11 40 39 68 50 75 28 27 1 66 94 80 83 51 21 88 60 13 15 89 73 12 74 19 14 34 41 18 20 63 46 9 77 16 10 52 61 54 38 86 81 93 79 92 44
    85 31 89 60 81 43 58 72 88 14 22 8 23 4 15 44 26 82 1 52 73 59 64 20 49 41 17 25 40 75 42 74 29 21 56 10 2 76 80 71 3 93 63 48 32 61 87 69 9 77 16 24 6 18 27 55 90 30 86 12 37 50 79 68 70 39 13 35 94 65 28 78 83 5 66 7 45 53 38 54 51 47 11 36 57 67 46 34 91 84 62 92 19 33
    76 13 17 60 53 37 5 33 24 45 61 56 32 52 91 44 9 6 43 86 59 8 71 27 35 64 78 51 22 16 62 11 15 40 47 68 87 75 2 25 83 39 14 18 90 1 21 85 74 4 29 49 20 88 73 46 80 89 94 79 42 67 12 70 28 93 63 82 36 3 31 77 38 41 81 54 48 57 84 26 34 30 92 19 66 23 58 55 69 10 7 65 72 50
    54 9 93 78 21 17 49 19 51 25 3 47 94 92 52 10 77 35 55 89 44 2 8 70 50 65 86 45 74 66 90 7 58 42 67 75 84 26 46 37 32 76 83 4 73 27 22 30 62 61 24 85 5 69 59 11 53 33 39 57 34 1 13 88 63 6 41 28 56 29 18 60 81 23 91 15 79 20 14 82 40 87 48 71 16 36 38 12 64 80 43 31 68 72
    64 17 35 67 38 79 22 31 45 85 2 75 13 83 80 86 61 66 8 27 65 73 76 62 24 16 23 72 89 26 41 77 3 40 84 93 7 82 19 74 88 53 14 43 6 81 32 29 68 48 37 94 60 10 42 20 18 58 90 49 4 78 28 50 55 92 52 47 25 36 51 87 34 39 30 63 59 71 57 15 9 70 44 12 11 91 5 1 21 46 56 69 33 54
    35 6 87 21 56 71 50 91 54 18 23 93 65 36 26 30 82 19 73 55 7 16 69 8 12 74 92 10 78 20 58 40 53 85 31 25 39 32 43 27 60 42 79 9 4 66 52 29 15 1 47 76 86 88 81 38 89 94 63 41 37 80 48 24 70 13 62 33 90 5 14 51 45 61 64 75 72 59 77 49 57 68 3 46 17 2 22 84 83 28 34 44 67 11
    50 64 39 26 6 91 34 55 89 88 28 18 75 58 69 78 32 54 20 51 77 59 36 53 62 8 72 93 49 15 84 12 31 37 45 30 27 29 83 71 61 3 80 44 41 76 43 67 92 73 7 68 94 85 16 90 13 79 81 4 35 9 56 11 14 25 38 47 66 5 52 63 40 10 48 23 65 21 24 42 87 17 22 46 1 2 60 82 33 74 19 70 57 86
    28 14 81 47 91 15 72 44 88 32 43 35 75 76 67 16 3 79 45 69 54 4 85 9 66 73 49 74 56 26 51 2 64 23 61 90 58 39 41 25 50 52 1 33 46 86 5 68 29 59 84 63 77 31 42 8 37 53 11 65 48 92 82 60 21 12 94 80 7 93 27 57 24 55 6 78 62 10 34 20 89 38 36 87 83 70 22 30 13 18 19 17 40 71
    37 55 66 56 76 28 78 71 5 80 46 77 48 19 45 88 89 62 79 59 58 60 84 29 34 69 91 10 27 90 73 2 93 24 52 38 47 87 85 9 39 54 20 72 81 35 92 63 12 94 57 49 53 7 33 68 21 82 11 43 70 8 83 14 18 26 44 65 22 61 23 1 31 51 15 41 13 3 4 42 16 75 74 32 67 6 64 17 30 50 25 86 40 36
    56 7 49 67 31 10 91 27 45 50 53 59 81 40 24 78 74 6 63 20 4 70 28 69 80 94 8 25 33 87 75 41 35 21 60 38 72 79 17 3 62 88 58 85 65 43 84 18 11 37 42 16 32 30 82 61 46 48 14 89 2 1 22 12 76 29 36 44 34 73 92 71 5 77 66 26 83 52 55 13 54 15 47 64 9 93 39 90 51 23 19 86 68 57
    91 85 15 93 67 37 4 10 27 12 35 2 92 64 19 17 55 73 1 34 54 9 23 88 71 29 42 18 13 36 45 21 39 16 68 78 52 8 32 28 46 63 3 50 51 14 59 86 87 33 77 22 65 70 6 57 56 69 48 5 61 31 81 25 84 90 47 24 80 30 43 83 7 76 89 82 62 66 40 79 94 38 44 72 20 75 74 60 53 41 11 58 26 49
    19 34 1 46 14 42 25 51 8 20 69 66 45 62 76 12 92 82 93 85 35 65 71 89 68 30 21 6 28 81 37 61 79 2 40 75 22 87 54 13 53 23 39 60 29 77 91 72 16 67 74 59 5 15 18 11 36 47 50 10 57 83 26 84 73 44 4 24 33 7 49 94 3 41 63 9 55 56 88 38 17 80 52 27 90 43 86 70 64 58 78 48 31 32
    8 29 16 36 79 84 23 57 75 22 17 26 67 69 50 78 82 54 10 89 39 19 27 4 62 44 88 15 37 92 72 14 74 20 11 70 80 76 12 5 30 60 52 47 18 49 91 40 85 42 64 87 43 24 86 21 58 59 1 71 81 66 63 61 28 83 56 35 46 41 73 68 38 9 7 55 93 48 94 51 34 6 53 90 3 31 2 77 33 65 45 25 13 32
    23 84 2 66 57 80 21 74 14 88 87 64 28 69 86 15 31 71 94 53 16 75 20 61 33 34 9 76 5 68 7 56 72 39 24 25 58 83 50 18 52 10 44 32 8 55 77 43 29 78 67 35 49 42 47 60 92 65 46 70 19 26 85 6 41 93 36 40 91 12 38 73 37 63 81 13 79 22 27 3 90 89 1 48 45 82 59 54 62 17 11 30 4 51
    85 17 3 74 54 44 31 73 48 87 50 15 19 64 76 24 7 1 5 32 13 9 23 42 25 45 67 37 27 92 34 77 20 10 93 79 36 55 33 8 89 4 28 84 47 14 46 80 88 2 30 82 63 40 57 68 75 62 26 86 49 53 51 60 18 11 21 12 78 58 69 66 38 59 22 72 52 43 83 56 41 65 16 70 6 94 39 35 91 81 29 61 90 71
    85 37 6 24 45 48 66 76 5 2 23 57 80 83 21 67 86 69 75 34 7 31 59 17 78 90 29 40 91 4 41 10 12 38 13 42 39 47 28 64 71 77 36 30 87 54 58 92 79 19 49 70 93 25 33 74 88 22 61 11 43 26 18 52 16 20 73 72 94 27 81 32 44 51 50 84 53 46 63 9 35 68 89 1 14 60 56 62 15 8 3 55 82 65
    52 48 40 65 57 60 88 89 62 73 58 36 66 25 69 37 41 1 93 38 8 63 47 15 80 67 44 77 92 19 22 72 90 34 70 43 81 27 30 68 71 20 7 13 23 82 24 26 5 9 87 3 35 49 21 55 91 33 53 75 94 14 10 29 54 11 56 59 28 79 78 64 86 51 84 83 2 31 18 42 16 74 61 46 12 17 76 6 85 39 45 32 4 50
    66 90 41 93 47 42 86 46 85 7 88 56 1 51 89 81 60 13 43 39 16 80 79 33 72 61 59 70 37 52 9 77 55 57 94 45 36 92 31 12 68 73 75 25 2 20 58 27 69 82 54 35 18 4 84 63 5 71 26 28 11 19 22 38 15 64 10 53 87 40 29 32 17 50 48 74 67 78 34 30 62 3 6 49 83 8 14 24 44 91 65 21 23 76
    76 94 39 43 8 19 11 18 49 36 63 84 12 2 79 65 57 7 75 15 67 10 27 81 44 3 20 23 83 70 52 37 9 91 24 4 69 6 68 72 29 45 61 35 58 33 34 17 28 71 89 50 21 53 5 90 85 59 51 80 31 87 25 40 48 16 22 26 64 77 62 56 86 74 41 13 92 32 93 38 14 42 54 46 55 60 73 82 88 1 78 47 30 66
    85 22 86 42 8 6 4 50 36 62 28 19 78 67 51 34 74 45 88 73 15 64 56 39 37 70 55 65 30 32 77 41 84 49 12 82 9 40 43 13 91 27 54 11 94 81 58 21 66 16 87 89 29 2 18 75 72 83 23 24 10 92 69 63 48 14 47 79 71 33 20 35 3 25 80 31 76 52 59 53 46 38 61 26 90 57 60 93 7 5 1 44 68 17
    54 34 52 59 25 41 92 60 30 19 61 75 70 22 2 65 14 55 12 4 77 83 17 8 72 36 39 31 57 67 49 71 69 93 20 53 46 44 37 38 87 63 56 33 80 48 23 73 28 81 7 79 10 43 85 47 29 15 45 18 26 16 78 66 74 42 6 91 21 27 90 76 88 62 9 82 64 51 50 94 84 1 40 89 32 24 86 5 58 3 11 35 13 68
    61 27 25 37 42 14 93 43 85 46 91 34 81 68 73 47 17 72 80 45 71 40 62 12 92 31 50 10 70 94 9 76 1 90 58 11 89 2 8 15 30 69 63 64 6 67 18 21 23 75 38 3 29 5 65 22 4 19 26 54 13 16 82 39 57 49 48 35 52 41 56 32 74 84 87 60 55 86 51 20 79 28 78 53 66 36 24 77 7 33 83 88 44 59
    57 64 2 31 86 75 82 59 25 80 88 83 18 53 8 70 51 3 14 28 45 90 20 15 44 65 32 74 41 10 63 56 35 62 71 78 87 81 5 37 69 77 47 30 9 39 6 17 58 23 4 52 42 89 49 76 12 48 92 94 73 7 46 68 40 16 19 33 55 38 1 67 21 22 11 26 91 24 36 54 93 61 27 50 60 85 72 29 84 79 34 66 13 43
    81 25 34 39 38 66 9 70 32 2 75 47 82 74 12 60 54 86 10 53 87 72 65 50 37 29 3 1 44 18 42 68 51 91 43 6 26 73 56 84 48 58 78 77 52 79 40 21 30 27 16 83 94 22 93 15 49 19 23 20 59 71 88 24 55 17 7 67 28 61 14 80 35 89 4 5 33 90 69 8 41 36 46 76 85 62 57 13 92 31 11 45 63 64
    65 63 83 51 47 19 23 17 79 49 59 90 27 22 80 85 33 87 70 38 45 5 41 39 53 91 78 93 64 58 4 66 32 28 12 37 92 69 71 20 75 26 9 73 16 10 57 14 72 46 44 40 6 35 42 56 55 31 3 43 24 86 48 15 77 7 61 21 76 18 60 81 52 29 94 82 50 1 30 89 88 54 13 8 84 74 36 11 68 62 2 34 67 25
    47 3 12 25 34 9 44 91 69 1 56 33 80 71 83 31 39 7 70 78 6 57 19 54 14 79 16 26 76 2 20 61 48 59 84 28 58 36 21 77 29 52 46 5 49 74 32 93 40 30 66 89 11 4 60 8 64 86 72 82 23 41 63 62 73 75 50 35 38 13 17 81 87 18 24 43 15 67 90 53 45 68 10 55 65 88 92 42 27 51 85 94 37 22
    17 39 51 28 60 49 9 66 10 56 18 35 6 31 50 84 93 38 13 21 20 12 42 2 69 43 63 33 45 88 94 58 65 70 89 30 92 26 37 78 46 16 91 47 82 81 1 86 61 32 40 85 25 73 7 19 15 75 77 41 29 44 14 71 67 4 74 48 62 52 36 80 55 59 53 87 64 3 68 24 90 23 83 54 72 76 27 5 8 79 22 57 34 11
    10 49 67 31 55 56 21 26 18 9 15 8 35 73 94 4 40 66 25 39 17 44 5 12 2 54 22 93 41 27 86 84 24 47 11 71 6 19 76 87 75 78 28 13 33 29 92 14 42 59 82 51 91 7 30 81 60 62 50 34 38 68 36 1 69 57 88 37 58 79 53 70 65 72 43 90 74 64 52 63 85 20 61 23 46 32 89 48 77 83 3 45 16 80
    85 7 74 89 47 46 28 49 4 26 44 54 91 32 41 45 27 72 36 70 60 23 20 86 82 10 79 34 13 68 31 9 39 50 56 69 63 37 88 42 80 66 84 53 16 51 35 2 62 67 11 21 24 15 73 75 78 5 43 14 87 38 8 17 92 29 1 22 48 94 77 55 64 25 65 12 58 57 61 93 3 81 40 83 30 90 52 6 18 19 76 59 33 71
    81 3 38 65 63 60 82 56 77 69 36 88 19 23 71 68 40 37 53 48 67 89 1 58 33 90 87 85 84 42 62 75 61 16 28 70 78 59 46 13 30 26 55 21 25 7 41 43 45 93 9 5 4 49 11 17 14 27 12 92 51 32 34 94 6 44 52 83 39 2 35 91 10 73 50 31 15 29 64 79 80 72 54 76 20 57 74 8 24 66 86 22 47 18
    65 8 51 38 82 44 41 64 68 24 54 35 59 77 19 48 43 15 73 18 7 91 69 66 4 56 3 79 57 21 6 72 53 90 61 74 75 58 2 14 80 25 60 29 36 28 50 70 83 92 67 93 87 10 85 26 9 42 71 86 40 39 45 88 34 32 31 17 22 46 94 89 16 11 47 84 20 1 12 78 23 52 5 33 81 13 30 49 37 76 63 55 27 62
    74 12 39 60 53 14 61 71 10 93 20 4 22 34 68 89 83 42 80 40 75 73 3 63 5 35 37 8 54 66 85 57 6 92 41 65 72 50 79 43 30 84 70 64 82 81 45 77 15 26 11 16 87 62 69 9 56 49 2 67 38 23 47 52 25 33 7 86 76 17 21 94 91 51 55 32 36 31 59 46 24 78 90 18 1 19 27 28 44 13 58 88 48 29
    51 39 86 65 56 52 90 42 76 50 87 83 33 11 61 22 77 26 24 79 38 72 88 41 14 84 15 91 92 62 63 78 46 55 48 3 43 73 18 21 4 12 23 59 37 34 25 31 74 67 6 71 1 28 32 85 49 54 20 2 80 7 36 75 16 10 60 30 9 82 53 70 58 81 27 69 45 66 57 68 93 40 35 17 29 19 8 44 94 64 47 89 13 5
    6 7 45 13 31 32 50 88 68 11 26 16 62 60 4 46 27 25 73 83 91 49 12 22 56 67 43 14 44 92 40 34 63 61 90 70 79 5 17 93 28 1 82 42 66 65 86 84 55 77 72 78 85 36 48 76 29 10 39 41 23 57 19 47 3 15 8 54 35 75 80 71 2 81 24 59 9 30 18 37 89 51 33 53 69 20 87 94 74 38 52 64 21 58
    6 11 78 65 44 30 43 48 71 85 7 19 62 53 59 55 9 83 3 70 84 23 35 10 15 56 88 87 2 91 37 92 17 50 73 39 80 77 67 46 47 49 4 61 5 27 33 75 31 76 93 8 72 52 90 58 1 89 26 82 45 22 63 74 40 14 32 94 86 79 41 21 42 81 13 66 18 38 16 29 24 20 64 12 57 36 51 25 28 34 54 60 69 68
    32 80 15 14 84 34 58 75 74 50 56 68 47 40 60 90 8 64 27 67 73 19 91 44 2 9 55 25 26 17 6 87 3 11 23 20 12 35 39 5 1 31 7 36 16 53 30 82 41 48 62 93 83 79 59 69 38 13 92 88 66 71 57 46 85 61 24 86 28 18 76 94 45 37 52 81 63 49 4 22 89 72 10 29 77 51 42 33 78 21 65 70 54 43
    48 88 29 53 36 19 46 73 79 91 26 92 56 13 57 61 68 7 84 39 4 45 75 15 14 33 70 51 58 89 12 60 67 66 9 41 11 93 16 54 3 85 27 34 20 62 25 32 50 43 30 38 74 22 94 31 42 2 65 80 82 23 40 37 5 18 71 35 28 21 72 1 77 90 86 52 83 63 87 69 44 64 8 6 47 17 24 49 76 55 59 78 81 10
    38 22 57 59 92 66 73 64 7 3 52 76 24 15 55 74 9 80 46 4 35 93 87 41 27 67 31 48 60 56 90 88 68 49 83 11 91 40 44 70 13 21 36 84 23 43 32 51 6 1 25 33 39 89 69 37 81 20 34 79 65 71 8 17 72 85 75 28 53 2 26 78 62 18 77 82 30 94 14 54 45 19 86 47 61 5 12 58 10 50 29 16 63 42
    17 34 45 11 64 89 30 20 80 75 4 46 72 42 54 7 9 67 63 21 82 74 6 40 70 33 37 93 55 31 1 36 23 73 13 59 2 90 12 16 32 35 3 79 69 48 43 51 53 26 92 49 52 25 44 66 61 86 78 24 27 10 84 50 8 81 56 91 68 71 83 41 94 29 19 62 39 47 58 38 88 15 77 18 85 65 22 60 57 87 76 14 5 28
    52 22 86 18 45 34 56 35 53 79 93 20 63 54 29 1 38 77 80 16 92 75 85 81 13 37 83 40 6 64 82 72 7 71 46 2 3 23 94 9 4 26 31 11 90 27 68 57 50 28 43 44 39 19 62 88 89 59 30 91 66 14 48 67 84 17 8 21 10 78 32 51 58 36 42 12 73 24 87 47 33 49 69 55 70 74 61 15 41 65 5 76 60 25
    58 30 11 19 75 80 21 17 85 77 51 92 76 1 2 46 64 81 54 25 60 63 32 59 87 38 9 55 16 39 89 50 73 71 93 6 24 88 36 26 52 47 70 53 84 41 62 15 34 86 65 61 57 23 45 31 3 18 12 74 66 90 22 44 14 68 20 10 42 56 78 37 27 4 29 91 35 83 82 8 69 40 43 72 67 94 49 13 79 28 48 33 7 5
    75 56 7 34 78 33 94 55 91 10 65 58 64 79 86 93 52 45 32 53 81 87 4 26 36 29 2 71 13 72 1 15 35 9 74 24 76 50 84 31 42 90 17 80 16 46 41 66 69 70 82 43 51 63 3 60 19 47 67 11 92 28 85 37 48 30 38 20 88 77 61 59 49 40 18 21 27 8 89 39 44 68 12 23 57 5 14 25 54 22 73 62 83 6
    9 58 47 2 39 73 5 33 42 31 44 24 77 43 15 12 68 62 20 41 79 67 64 49 36 76 11 45 1 63 90 35 26 4 92 17 78 48 22 80 32 55 37 38 8 71 61 28 57 91 87 51 7 85 84 86 30 10 34 53 88 75 52 54 25 69 50 13 93 89 19 82 40 60 6 72 14 46 94 3 29 56 74 16 21 83 70 18 66 27 59 23 65 81

