95

    20 32 55 88 14 6 30 58 8 41 86 17 47 84 9 7 21 15 39 16 28 2 44 3 68 77 67 93 83 49 48 13 70 24 53 37 95 79 87 10 23 75 74 89 43 63 52 71 22 54 91 33 29 19 57 59 82 64 73 50 42 61 34 11 51 85 18 5 80 78 38 31 92 4 72 40 36 27 90 69 46 12 76 65 62 60 25 26 66 56 1 35 81 94 45
    27 94 25 79 75 78 61 41 11 14 20 82 90 23 38 32 56 50 92 84 58 35 65 91 70 34 71 81 45 36 13 57 3 59 52 37 16 55 43 73 8 62 4 17 80 53 33 76 85 10 42 69 6 40 44 15 9 72 30 12 22 48 86 29 26 60 39 74 47 77 5 63 64 31 66 49 83 1 89 2 18 46 28 93 21 67 95 51 87 68 54 7 24 19 88
    35 31 69 93 13 90 71 34 79 84 19 76 57 26 1 87 41 36 92 70 46 63 89 22 33 85 32 55 39 73 83 10 86 44 78 77 23 47 28 68 94 29 14 43 42 4 11 5 64 61 30 7 15 9 80 24 21 16 66 49 50 95 6 58 27 20 37 91 75 17 25 60 8 40 12 38 65 88 48 53 52 72 82 62 59 81 3 74 2 54 67 51 18 56 45
    83 72 70 25 49 82 42 84 91 65 19 69 43 26 87 61 38 44 20 76 21 78 27 41 35 88 3 16 14 52 13 48 58 36 79 6 59 47 10 93 17 7 64 56 66 5 37 22 60 77 45 34 54 31 1 46 92 32 68 39 51 94 81 57 24 74 28 40 95 75 73 85 63 90 86 29 11 2 15 23 12 80 89 55 33 4 50 71 9 53 30 8 18 62 67
    12 4 13 82 56 91 55 30 19 42 37 70 50 22 27 26 28 8 15 11 93 64 80 35 18 47 23 92 1 7 74 65 75 24 31 68 36 85 69 71 83 17 51 86 76 5 44 9 49 84 25 43 73 33 3 32 67 14 39 52 46 62 88 41 54 38 29 2 72 34 89 61 60 94 59 16 78 10 58 20 79 48 95 21 40 81 6 63 90 77 53 45 57 87 66
    59 37 17 61 88 11 80 25 31 83 20 27 85 21 73 46 95 72 3 56 10 54 49 43 57 38 19 68 29 53 94 16 26 47 75 90 5 65 42 78 39 6 92 79 81 7 24 35 62 8 30 70 23 4 89 77 69 87 67 13 41 82 9 66 40 74 45 84 14 64 55 18 12 51 52 93 34 76 58 1 91 33 15 86 44 48 60 71 32 28 63 36 22 50 2
    1 44 41 78 66 61 49 55 9 69 70 85 90 5 83 20 42 60 94 25 53 10 87 6 47 59 13 21 76 50 31 27 71 17 62 33 26 56 18 22 40 11 35 3 48 63 2 7 24 8 19 54 30 88 38 89 82 95 72 86 29 92 84 79 65 15 74 57 28 68 45 37 32 16 91 52 73 43 67 4 80 75 46 34 23 58 93 14 51 77 64 81 36 39 12
    48 27 94 14 2 28 15 85 23 4 84 89 20 86 32 33 5 45 82 29 24 7 38 54 49 75 81 80 31 78 68 66 87 57 6 43 40 88 64 42 56 1 8 41 71 16 51 34 12 22 47 53 21 65 58 46 92 76 63 30 60 25 55 95 93 74 19 18 17 73 10 26 67 3 72 13 37 90 9 52 59 44 35 50 83 11 77 70 62 69 39 79 36 91 61
    8 42 31 10 3 6 48 50 52 29 65 4 28 70 60 92 56 1 51 43 11 74 54 78 36 84 62 61 12 15 9 27 41 13 14 39 59 75 90 32 81 93 18 38 86 88 72 45 44 66 37 20 87 71 35 7 63 17 94 22 49 25 34 55 23 73 30 91 80 47 95 64 77 68 5 2 67 19 16 46 33 26 89 82 57 83 85 21 40 76 79 69 53 58 24
    67 15 79 84 88 71 12 16 52 62 36 74 93 7 11 92 55 27 59 14 9 77 40 76 35 56 18 34 37 83 5 65 44 94 50 8 61 69 75 70 45 32 41 31 86 54 51 63 1 53 19 89 10 80 24 38 64 43 29 85 21 23 47 60 26 28 78 6 42 2 4 90 72 91 48 33 30 20 87 46 13 68 66 58 17 82 49 22 81 25 95 39 57 3 73
    95 25 17 3 53 10 68 60 39 91 92 37 32 50 52 56 9 86 74 67 28 23 69 1 76 18 81 61 24 14 84 73 65 22 35 75 58 34 21 48 43 64 7 41 5 27 8 19 66 13 55 38 45 85 88 62 71 36 16 78 40 15 47 6 59 44 26 46 29 54 11 79 4 94 57 70 51 33 42 87 82 63 49 72 77 31 89 20 93 83 12 30 80 2 90
    52 24 91 61 10 18 29 31 3 68 81 13 21 79 43 48 94 6 16 40 69 45 11 71 12 37 28 32 66 33 92 93 19 87 58 23 63 54 72 8 15 56 78 20 30 95 51 74 55 82 42 5 1 41 44 38 88 76 47 57 4 67 26 53 34 14 64 49 2 35 77 65 46 50 62 27 90 70 22 17 86 25 7 39 85 9 59 36 89 73 75 60 84 83 80
    90 39 63 23 32 36 8 69 30 47 55 51 71 4 61 93 43 84 27 45 57 66 31 11 3 82 25 59 81 74 73 19 77 58 40 12 13 62 5 17 9 35 68 86 83 15 48 54 88 85 75 21 22 38 7 53 65 80 6 78 46 41 34 28 37 91 14 18 44 70 89 2 60 67 42 10 52 1 16 20 56 50 94 92 79 49 26 64 24 33 95 29 76 87 72
    51 29 68 24 85 8 39 88 11 40 54 76 34 64 65 48 21 71 22 23 26 33 67 56 42 92 4 80 13 91 17 90 12 35 7 55 28 70 87 9 77 6 63 1 62 84 2 36 31 19 25 53 66 27 49 89 57 30 78 32 75 47 72 5 43 41 86 18 74 10 61 94 82 69 73 38 44 37 52 14 45 59 58 93 16 15 46 81 83 3 20 60 79 95 50
    34 7 3 47 84 62 2 83 22 56 37 91 4 78 85 1 68 11 25 30 17 23 8 90 87 13 54 86 15 80 52 71 35 41 46 12 29 92 75 58 5 72 53 70 45 14 66 28 94 33 82 40 81 67 27 6 42 10 43 57 64 88 51 74 59 65 31 63 49 39 24 32 89 18 95 69 77 9 16 79 73 21 20 55 26 93 19 48 36 44 50 61 76 60 38
    30 43 76 38 1 31 32 70 95 78 11 7 12 16 74 87 4 71 60 62 86 75 84 53 23 56 65 42 58 89 64 2 41 57 61 69 35 10 90 67 73 92 5 9 45 79 8 27 82 18 25 83 46 54 19 91 26 22 6 80 40 37 21 24 33 63 36 39 66 48 55 28 85 77 52 47 49 3 68 13 14 81 17 94 93 72 50 34 20 29 44 51 59 88 15
    82 50 76 78 38 28 57 24 69 30 43 74 60 39 66 89 75 42 91 84 26 77 83 81 72 25 31 44 73 93 51 6 1 88 52 18 92 46 54 9 27 8 95 35 47 21 3 49 67 17 90 13 20 59 45 68 7 15 37 32 19 14 36 48 64 71 61 16 87 41 79 85 94 12 86 80 22 55 53 63 4 65 10 11 34 29 70 56 5 58 33 23 62 2 40
    58 68 12 77 71 84 15 85 34 87 48 13 44 54 61 95 62 91 49 46 81 6 60 63 18 14 74 78 38 51 73 27 1 90 22 64 94 47 72 8 75 55 3 45 36 66 4 52 7 39 28 40 56 30 33 43 42 82 89 83 23 65 10 53 86 93 92 21 79 9 16 2 69 70 11 26 80 41 50 31 57 19 37 20 5 59 88 67 24 35 25 17 29 76 32
    31 53 25 64 23 4 75 60 67 16 29 56 61 74 10 54 77 30 38 95 15 9 13 8 76 91 6 81 87 51 79 11 36 12 94 5 85 45 37 44 46 50 69 84 83 72 2 78 17 21 71 58 33 86 47 92 14 82 22 39 88 20 18 40 68 1 57 90 65 32 3 48 7 66 70 49 62 89 73 43 80 63 41 35 34 24 42 59 26 93 19 27 55 52 28
    14 7 28 58 82 29 37 49 27 36 17 70 53 21 87 9 34 60 88 3 38 63 72 48 51 35 81 68 4 76 90 45 24 16 1 32 54 56 84 79 12 25 23 44 69 66 52 47 20 57 26 77 2 40 92 15 6 62 64 91 85 89 73 30 94 5 80 95 65 18 55 46 19 83 11 75 50 67 8 42 39 71 93 13 43 61 41 22 86 59 33 74 10 31 78
    91 77 82 86 66 2 69 46 3 30 18 42 49 23 14 89 33 68 60 75 7 22 84 79 11 13 16 61 90 4 64 56 1 32 26 44 74 35 48 73 72 93 62 27 21 28 54 87 41 85 9 57 40 20 8 76 12 95 25 39 88 58 81 37 80 83 65 6 10 17 78 19 24 55 92 94 5 67 59 52 34 51 50 15 71 47 31 29 36 70 63 45 38 53 43
    73 6 13 22 76 52 53 81 87 46 62 66 11 12 89 31 4 71 77 25 91 28 55 90 18 48 7 82 85 92 49 33 93 29 39 68 63 79 64 23 10 50 70 69 17 67 44 95 75 9 36 42 94 32 84 5 8 19 43 20 27 86 37 58 21 45 24 3 57 61 78 65 34 88 15 38 30 47 41 14 35 74 16 54 72 59 26 51 56 1 80 60 2 40 83
    43 32 87 94 23 68 91 69 41 10 27 45 8 77 61 15 73 4 75 35 18 24 64 49 59 40 25 42 29 72 12 16 83 78 34 70 86 13 30 65 39 63 81 92 88 82 55 38 53 9 46 7 2 1 37 67 5 80 89 17 33 54 28 36 57 66 74 44 71 56 19 52 26 62 21 95 48 76 6 84 51 22 58 31 3 85 11 90 50 20 14 60 79 93 47
    25 46 53 18 88 3 51 95 27 41 48 62 15 13 1 49 9 2 84 76 28 66 21 39 90 69 58 85 44 93 23 29 68 33 60 91 22 36 42 43 83 77 92 79 12 87 4 61 54 17 65 82 55 37 35 31 40 56 74 30 70 86 57 14 6 63 64 47 80 38 72 71 34 73 50 24 5 7 75 52 81 89 20 8 26 19 78 11 10 67 32 59 45 16 94
    12 78 65 91 34 47 83 86 75 48 16 7 33 79 26 62 8 32 70 23 4 1 51 39 45 53 11 50 72 44 61 87 95 88 74 71 66 10 64 20 81 19 28 73 36 69 35 46 18 6 92 25 38 13 84 80 30 63 40 2 52 57 67 41 29 82 54 76 24 60 49 22 14 68 21 56 5 42 58 27 9 85 15 3 94 55 93 77 37 59 43 17 89 90 31
    34 88 32 90 40 1 66 9 2 84 8 18 37 78 55 42 62 41 52 74 65 28 43 70 79 69 7 63 25 19 77 87 47 56 26 36 27 76 73 58 81 35 12 33 29 20 67 59 16 61 80 75 71 57 86 24 72 44 14 49 10 53 22 4 21 30 82 91 64 45 38 3 95 50 39 46 68 17 15 51 54 89 94 85 11 93 13 5 92 60 83 23 48 31 6
    63 64 74 32 9 20 16 27 61 57 46 50 51 8 22 58 75 77 34 76 87 56 4 11 39 67 28 72 89 44 5 68 41 30 15 86 10 93 48 88 29 60 40 80 78 66 65 79 49 6 70 84 43 52 38 73 85 19 82 23 1 13 90 45 2 94 7 47 55 12 42 62 36 83 21 54 18 33 95 3 31 91 14 69 37 53 17 92 35 71 24 25 59 26 81
    83 62 22 75 24 28 25 44 40 9 51 36 90 64 78 95 63 15 55 29 49 85 48 46 6 31 16 80 33 45 74 13 26 41 34 93 60 27 14 86 57 32 76 17 39 43 1 42 84 65 73 23 61 72 66 10 59 52 8 37 87 30 7 2 4 67 79 71 3 94 21 53 69 77 18 38 20 50 70 68 54 12 58 91 47 5 81 88 92 35 82 56 89 19 11
    36 58 32 85 35 68 69 57 46 93 7 51 42 52 92 22 48 1 40 67 4 26 8 71 59 54 76 21 6 72 18 60 28 44 90 27 3 9 70 73 88 23 37 78 89 24 49 39 41 15 38 31 19 43 17 34 30 56 2 5 11 80 33 87 10 74 25 86 82 61 50 83 81 91 63 75 45 12 65 62 29 13 95 47 79 53 20 64 55 94 84 16 66 14 77
    80 23 26 15 46 5 18 3 7 74 60 4 77 1 44 78 28 54 32 49 6 14 22 17 45 42 93 33 16 56 81 75 73 94 2 82 48 69 24 36 86 43 91 39 63 9 34 8 84 55 92 65 47 41 83 62 87 37 58 12 27 70 52 31 25 76 53 20 68 71 79 59 19 21 88 61 35 90 72 85 57 89 13 30 29 95 10 11 66 67 38 40 51 50 64
    33 24 53 46 27 87 62 85 90 37 10 41 72 75 8 78 89 5 64 39 28 20 34 76 55 12 23 66 36 2 31 54 35 51 3 79 80 47 60 17 15 61 71 43 48 58 69 86 70 92 68 1 45 26 4 57 84 91 88 14 40 94 22 63 93 59 18 13 29 50 11 32 82 7 56 67 77 73 30 16 49 81 21 38 44 52 42 83 19 74 6 65 9 25 95
    23 46 61 24 45 86 56 29 66 57 68 13 44 19 58 9 63 38 40 41 90 72 73 26 2 77 51 83 34 80 81 43 52 92 12 79 20 25 89 85 35 67 59 55 94 78 3 31 30 69 33 11 42 70 60 21 7 16 84 8 32 15 75 18 6 71 28 4 53 65 76 48 22 39 37 95 1 36 5 47 74 62 10 88 17 49 27 64 87 82 14 93 54 50 91
    71 36 87 92 34 22 3 28 68 95 25 10 93 13 37 24 86 65 88 72 38 40 75 91 16 48 2 12 55 54 33 59 47 15 58 45 29 51 89 20 19 30 57 84 77 78 94 74 85 80 90 39 76 81 14 43 46 62 21 52 70 49 79 56 7 23 73 83 42 44 8 41 50 82 63 64 18 11 31 60 26 67 32 35 66 6 69 1 17 53 4 61 5 27 9
    82 25 8 83 31 26 85 10 63 9 44 71 21 77 75 58 65 67 6 28 52 88 27 35 11 48 41 80 90 1 49 50 7 92 84 73 53 40 95 60 78 18 70 81 29 15 86 37 62 22 12 34 47 43 5 54 2 68 16 56 76 94 32 57 61 17 45 59 69 93 91 33 51 23 46 79 19 13 89 20 87 3 72 66 4 24 74 30 55 36 14 38 42 39 64
    41 16 11 42 95 86 76 31 68 48 15 21 64 85 5 57 50 93 46 91 40 32 9 53 55 59 77 6 12 56 26 71 70 67 47 74 18 17 80 58 81 27 24 49 1 87 90 88 33 29 51 28 72 13 92 73 82 63 69 94 36 54 7 39 65 23 75 84 8 14 19 89 61 43 52 25 10 38 34 79 20 66 44 2 60 45 22 83 78 35 62 3 4 37 30
    88 56 75 49 44 33 25 12 46 53 82 65 92 51 47 39 84 77 52 70 78 16 41 68 5 69 55 89 3 95 7 21 11 32 73 94 18 42 83 62 48 17 31 29 58 43 35 2 40 37 19 45 8 63 86 66 71 30 79 10 87 36 22 9 80 20 34 54 90 6 24 64 72 93 76 57 1 59 91 4 85 23 28 81 61 74 15 27 26 50 13 38 14 67 60
    53 47 66 85 29 24 60 34 22 33 15 81 28 80 42 50 69 11 79 51 89 30 21 1 76 56 39 5 57 83 18 61 77 38 82 32 74 86 40 58 12 91 9 75 94 3 35 68 62 45 17 4 16 8 67 90 25 31 20 6 84 23 14 93 78 64 13 73 43 41 26 71 44 88 7 48 65 46 19 59 92 52 49 72 2 36 37 87 55 95 10 63 27 54 70
    21 72 53 73 66 15 38 46 89 63 20 48 33 14 95 51 57 64 37 78 49 13 75 54 7 3 91 94 65 8 86 17 87 61 71 74 90 68 18 10 39 50 45 4 26 32 36 84 34 88 55 23 79 22 67 81 93 59 30 83 62 76 44 25 29 70 52 92 11 12 27 80 85 35 9 60 69 28 24 42 41 56 58 2 77 43 6 31 16 40 47 1 5 82 19
    69 24 72 73 32 88 54 53 70 34 65 26 2 55 17 78 25 68 61 57 27 47 37 94 8 84 62 9 18 21 36 44 38 64 46 29 41 23 52 63 79 81 13 59 60 51 89 67 6 22 76 3 92 30 1 90 77 71 33 49 20 28 58 83 45 40 31 86 80 93 87 43 12 4 75 85 5 39 19 74 48 7 11 15 42 50 10 66 82 35 14 56 91 95 16
    46 62 24 14 22 78 25 86 44 85 76 18 52 13 72 29 56 61 87 1 2 95 66 71 88 63 39 36 8 91 75 92 37 60 26 17 82 77 33 58 19 53 49 32 90 15 80 42 54 38 47 35 10 4 83 43 57 67 45 69 30 16 93 9 41 40 28 6 12 55 64 73 81 84 3 20 94 11 59 31 48 65 50 89 34 68 27 79 74 5 21 70 23 51 7
    25 36 22 9 82 34 52 61 62 79 24 48 3 15 84 49 63 44 53 72 74 41 87 59 27 64 30 90 67 78 95 21 73 89 93 8 40 81 33 2 91 68 19 42 85 45 1 83 6 38 57 66 28 4 46 12 50 65 94 70 14 75 11 86 20 76 80 16 23 69 60 10 31 32 29 88 56 58 92 47 43 77 71 39 17 5 55 18 7 51 54 35 37 26 13
    15 21 9 80 94 31 90 36 18 17 69 29 24 71 50 20 57 14 55 79 13 65 32 22 10 38 85 37 70 72 60 33 53 12 66 42 51 47 41 95 91 43 83 27 73 16 23 61 39 86 1 44 35 5 48 26 34 25 19 75 88 74 7 58 92 62 3 84 64 63 81 28 78 4 52 45 30 49 2 56 93 87 68 6 59 11 46 77 82 54 40 8 67 76 89
    23 78 9 93 35 15 76 57 56 68 89 38 42 28 6 67 24 70 91 47 31 30 11 13 45 33 60 26 21 29 75 82 20 87 94 7 88 22 79 72 48 8 64 12 90 19 73 17 44 86 50 2 61 3 10 25 84 81 34 55 53 5 39 77 62 37 52 85 71 32 46 83 4 80 16 59 18 49 66 54 74 95 58 69 40 92 1 43 27 36 65 51 41 14 63
    89 56 47 40 26 87 7 81 32 62 15 67 36 65 31 64 34 63 52 50 19 53 75 38 21 5 66 48 54 80 86 29 60 79 82 3 28 4 51 2 78 1 72 8 10 93 17 83 20 22 33 77 25 55 92 71 27 43 45 11 42 12 18 90 69 74 85 16 44 14 94 30 91 35 95 23 68 37 41 57 76 49 9 88 70 39 58 61 24 46 73 13 59 84 6
    31 18 84 5 49 60 82 51 80 90 54 19 89 78 25 17 94 64 47 76 45 20 59 88 33 3 75 48 23 83 66 52 11 79 91 56 24 62 12 21 86 36 29 61 58 34 22 55 13 7 93 69 46 38 44 68 71 9 4 70 40 74 53 67 81 30 65 32 26 16 8 41 43 6 42 27 14 15 63 28 1 10 73 50 92 72 35 2 37 57 85 87 77 39 95
    28 90 77 59 54 94 35 64 73 57 68 66 17 91 20 2 26 41 85 56 7 31 15 86 8 12 42 47 19 89 21 40 72 95 88 84 13 3 22 23 51 48 61 67 32 11 18 80 44 29 83 87 4 60 34 71 45 79 70 36 55 82 74 5 25 81 49 6 76 93 65 33 53 75 63 62 43 37 9 14 10 16 39 92 52 78 38 24 58 50 27 30 46 1 69
    2 25 16 92 61 21 52 41 81 75 93 78 43 54 44 79 18 1 29 72 32 48 4 11 5 46 60 88 91 12 87 14 85 6 8 17 84 86 13 83 66 20 3 80 26 89 77 33 65 94 10 76 55 38 24 15 7 95 53 9 27 68 63 70 23 28 90 51 58 73 71 47 74 19 59 39 35 50 49 40 30 22 64 31 37 62 69 36 34 56 45 42 57 67 82
    66 84 32 86 50 74 55 47 44 12 4 80 33 70 60 28 40 85 34 95 37 8 9 6 93 72 49 92 52 3 68 18 1 91 75 87 64 26 82 38 11 43 71 51 53 58 22 36 21 83 76 39 10 94 16 67 31 14 5 79 62 42 54 23 29 90 61 19 20 7 15 35 24 78 25 69 59 48 30 89 81 57 46 88 2 56 17 45 73 13 41 77 63 65 27
    11 16 67 8 83 88 18 49 62 84 9 70 52 34 19 61 32 50 26 3 71 27 68 44 17 29 54 21 60 31 20 40 47 22 73 23 51 39 85 10 90 14 45 95 74 63 93 76 80 86 24 53 69 41 81 37 13 59 42 15 57 78 33 87 89 58 2 25 5 48 55 92 36 56 77 66 35 82 43 1 65 64 28 46 91 72 79 75 7 4 38 94 12 6 30
    64 39 46 95 12 74 21 45 80 87 47 84 63 78 93 27 56 76 52 50 69 40 35 34 14 58 24 42 79 28 32 23 31 62 33 90 6 15 43 26 66 20 3 4 86 1 51 36 83 10 92 89 53 48 38 55 29 13 70 2 22 49 44 18 61 88 68 37 7 30 94 85 72 19 59 5 73 17 8 67 65 57 25 9 77 71 16 54 11 41 60 82 81 75 91
    8 82 18 56 72 39 63 35 84 29 64 71 21 4 34 74 55 54 42 49 11 32 6 40 30 12 86 85 92 60 25 61 95 23 41 73 44 59 53 46 10 16 77 1 52 93 7 43 19 57 3 36 80 28 62 33 90 15 5 20 37 38 83 69 88 45 94 14 68 87 76 89 17 65 66 81 91 78 75 50 26 24 22 58 47 31 70 27 48 13 67 2 9 79 51
    95 31 7 6 76 81 82 50 58 20 85 59 32 79 91 22 60 65 89 61 90 38 2 69 56 30 4 12 73 51 3 8 41 17 5 26 74 42 43 35 94 21 52 92 13 70 62 75 45 86 88 25 80 39 46 49 71 87 33 1 24 64 77 19 11 68 67 15 53 28 54 93 40 72 47 84 83 57 23 48 29 44 27 16 63 66 9 34 78 14 10 36 18 37 55
    30 71 63 85 69 90 17 87 24 34 81 14 49 41 77 25 37 78 26 92 55 6 79 62 38 20 67 15 1 89 9 73 11 54 88 22 51 46 86 33 7 2 36 68 80 91 94 72 39 52 4 32 66 61 19 35 56 95 28 23 44 50 42 82 59 3 74 40 93 27 76 53 31 29 57 13 45 75 8 58 70 64 43 65 10 21 60 47 5 48 84 83 16 18 12
    4 89 34 46 22 60 59 43 85 33 78 35 52 90 8 70 64 39 12 93 9 66 25 31 83 37 7 82 19 57 3 67 72 28 18 21 62 56 88 76 15 91 40 44 42 45 17 79 29 86 38 81 1 58 5 55 32 24 10 11 2 61 68 30 75 77 74 53 26 41 13 87 73 54 69 80 47 23 20 36 27 49 71 94 50 6 92 16 51 14 95 84 48 65 63
    3 79 25 90 27 75 29 46 18 15 67 74 42 83 1 28 32 78 76 6 56 65 82 11 9 72 87 12 60 70 49 2 85 40 31 73 30 94 10 66 35 89 34 69 80 50 47 45 54 59 81 39 20 24 41 88 17 14 77 7 57 43 16 22 61 5 48 38 19 55 33 91 51 86 53 8 37 62 26 23 21 4 68 93 84 92 95 71 52 13 44 63 58 64 36
    37 81 17 53 24 68 39 9 72 88 33 75 32 69 78 84 93 11 95 28 90 48 77 19 61 27 59 7 34 92 20 56 54 94 29 41 52 63 36 21 55 31 35 2 13 43 46 1 25 45 91 18 62 3 5 6 83 26 76 12 10 38 47 64 65 4 14 73 80 86 40 71 51 23 89 15 70 74 57 82 60 16 8 30 50 85 79 42 22 87 58 44 67 66 49
    44 54 76 41 56 21 3 95 46 28 88 92 19 26 38 71 59 75 34 70 78 68 15 74 39 7 40 49 61 14 35 84 1 58 10 42 60 8 51 20 55 72 52 87 6 93 9 12 82 64 48 73 91 17 66 85 94 29 69 47 83 30 81 45 89 5 80 33 65 37 32 31 79 22 13 77 11 67 43 24 18 57 50 25 90 36 27 86 16 53 62 23 63 2 4
    7 16 69 6 79 75 64 38 33 34 55 19 94 37 24 85 43 51 35 90 49 20 93 26 71 54 68 15 10 95 8 62 57 45 53 5 40 44 41 25 31 88 47 80 50 73 86 46 84 18 77 92 59 76 12 56 29 63 74 32 78 72 9 36 83 48 23 17 52 21 82 14 30 27 65 3 22 13 67 2 39 28 4 61 1 91 58 11 66 42 87 81 70 89 60
    31 87 59 25 39 16 1 40 5 89 57 8 82 15 49 63 28 85 91 36 53 51 64 10 86 78 84 66 65 17 83 50 23 77 35 81 33 94 73 3 12 30 18 68 95 52 29 32 44 90 69 79 71 21 76 80 9 61 7 56 70 67 11 46 58 6 19 24 54 20 4 92 47 55 88 37 74 60 13 48 26 42 22 2 38 41 34 93 75 62 72 45 43 14 27
    82 12 28 58 66 95 60 33 44 38 29 7 78 18 90 89 94 76 69 41 53 80 34 6 11 93 16 52 51 3 4 5 71 57 9 62 84 63 85 26 20 10 64 24 37 46 35 61 74 81 43 54 68 21 72 47 23 39 92 8 70 32 31 45 25 55 73 14 75 15 88 36 40 50 67 83 48 30 86 77 42 59 91 49 2 27 56 1 13 87 22 19 17 79 65
    23 36 47 80 20 71 69 2 29 31 88 1 44 56 27 18 13 48 21 65 10 91 11 30 9 94 7 52 17 22 60 78 42 93 67 58 6 76 8 54 35 24 45 15 3 83 73 33 4 12 19 53 63 84 5 34 72 79 25 39 55 75 43 64 85 32 62 37 46 51 26 49 16 57 86 61 14 77 28 50 74 40 90 59 89 81 66 68 38 92 87 70 95 82 41
    77 79 11 29 83 5 32 10 95 62 89 40 55 74 8 26 90 67 2 39 78 22 9 3 59 12 13 49 35 93 91 25 58 94 69 63 72 6 57 82 17 16 50 53 45 88 19 1 21 4 81 76 87 75 54 60 42 28 84 7 48 46 37 56 43 36 80 18 68 23 14 61 92 38 31 44 20 30 64 71 24 15 47 52 73 34 41 65 70 51 33 85 66 27 86
    66 88 10 59 70 63 50 72 56 94 46 2 19 86 35 91 53 27 68 84 41 44 92 33 58 81 32 42 64 7 47 8 6 54 21 87 48 22 20 85 30 51 93 80 69 37 49 89 4 16 62 76 79 38 75 60 34 18 90 39 13 11 52 77 95 15 28 43 14 67 23 17 71 24 40 31 29 82 55 73 57 12 61 74 3 45 36 78 5 9 25 26 65 1 83
    29 7 78 6 45 72 91 88 15 21 67 33 26 66 53 20 24 61 70 73 54 74 1 46 40 57 19 16 94 93 85 32 9 60 17 63 12 95 2 90 31 64 38 27 83 84 43 30 10 55 89 87 25 37 51 52 50 69 82 34 92 35 3 77 62 80 68 41 75 58 8 71 79 18 22 5 48 56 86 44 39 81 36 49 59 11 47 42 65 14 76 13 23 4 28
    34 6 4 91 48 1 94 93 17 87 49 79 36 74 71 7 68 90 21 55 54 11 67 72 58 69 47 26 9 13 46 44 78 42 33 40 24 86 76 64 82 63 88 18 51 43 39 30 80 23 31 59 8 92 95 12 38 53 14 61 10 85 66 32 5 50 16 2 3 52 83 45 20 70 62 37 73 65 60 77 84 56 25 27 22 81 28 89 15 75 57 41 29 19 35
    40 53 28 87 22 33 9 56 48 41 1 46 10 57 25 17 44 39 65 49 62 38 29 30 59 69 88 31 45 77 63 12 85 15 4 75 32 80 95 67 81 72 91 5 79 11 92 47 89 76 54 66 64 74 90 42 51 36 86 50 21 23 16 27 93 61 70 34 13 24 68 78 37 60 52 7 18 71 14 94 73 2 35 84 20 3 6 55 82 83 58 19 26 43 8
    64 50 87 26 17 79 81 86 19 29 61 14 57 84 75 34 27 76 69 21 24 51 32 45 58 25 37 92 6 38 73 23 42 65 71 40 7 68 94 13 35 22 70 15 89 66 11 28 4 63 54 78 53 39 47 10 59 16 12 56 36 33 80 20 85 60 46 77 31 43 30 5 1 9 62 18 91 82 93 8 88 48 67 49 83 74 55 3 2 72 41 44 52 95 90
    59 67 40 45 68 47 11 15 18 14 81 58 51 3 56 16 12 89 1 49 29 31 72 22 19 9 36 21 84 48 94 76 91 37 78 24 10 7 39 4 55 52 53 70 65 69 46 75 34 20 26 50 80 2 57 73 43 30 54 44 66 27 74 8 86 13 62 5 71 95 33 79 64 35 77 6 17 60 41 82 90 23 25 87 38 92 83 93 63 42 85 32 61 88 28
    23 30 17 16 39 67 66 62 89 29 8 15 79 69 7 61 68 47 44 46 19 94 56 91 20 84 60 12 65 10 3 85 4 87 81 5 75 6 86 70 58 35 54 45 55 9 33 26 1 36 38 25 57 77 64 18 28 37 11 22 90 48 13 92 24 73 78 83 31 80 95 82 41 40 49 43 14 59 32 88 50 2 53 51 74 21 76 93 42 71 63 27 34 52 72
    52 30 71 47 31 20 27 51 50 34 67 95 38 68 53 66 63 87 49 5 36 23 69 41 8 26 46 21 72 78 55 28 18 92 64 33 13 19 88 62 79 56 42 1 29 22 57 89 73 11 40 16 39 4 12 91 90 85 32 60 84 58 48 3 93 14 54 94 7 17 35 83 43 61 65 80 25 2 74 15 24 10 45 59 44 86 9 6 81 37 82 77 70 76 75
    72 41 69 80 92 61 6 42 14 43 34 74 93 56 77 4 3 76 20 38 37 44 47 17 1 85 10 39 12 11 7 66 79 71 50 2 55 16 64 45 5 73 8 26 13 23 25 9 54 21 18 62 91 48 24 86 53 49 32 59 65 84 46 90 31 95 35 63 70 22 52 36 94 28 81 78 68 87 88 89 33 29 82 57 67 19 60 30 75 51 15 27 58 40 83
    19 39 34 88 13 5 15 65 91 62 22 82 17 79 38 54 90 29 44 18 52 87 16 25 23 60 63 72 75 92 42 67 20 57 77 45 7 71 33 55 61 35 69 93 94 31 73 8 40 78 3 83 28 56 76 74 47 48 85 32 49 4 70 80 14 64 95 51 27 24 26 43 46 59 1 36 53 81 21 66 50 2 11 89 41 30 68 10 37 12 9 84 58 6 86
    68 49 7 45 37 15 64 5 91 52 55 50 72 3 65 13 17 83 27 16 6 32 67 2 8 38 75 43 12 10 84 53 39 36 61 94 69 85 74 28 80 20 86 92 21 25 42 95 47 57 59 90 60 71 81 88 76 40 19 78 70 41 66 79 77 14 24 23 54 18 44 73 9 87 11 63 46 51 29 34 62 56 1 4 31 35 58 93 26 22 82 89 48 33 30
    30 4 21 82 58 93 38 83 3 85 71 43 92 72 59 25 94 23 29 33 89 2 87 13 20 63 17 24 8 65 69 90 73 52 77 10 64 70 61 91 88 35 27 42 45 15 81 80 48 5 67 28 40 46 68 16 26 76 44 47 49 95 37 18 41 6 50 12 57 56 75 7 86 60 78 51 53 31 66 84 62 39 74 79 55 34 54 22 32 36 1 11 14 9 19
    14 33 42 62 55 94 17 15 82 78 2 22 56 49 80 88 84 46 93 52 64 91 57 32 5 29 70 95 6 89 77 35 18 23 73 3 30 51 54 43 71 24 44 67 60 48 16 86 85 65 21 12 72 19 66 9 36 26 81 39 13 37 40 58 87 79 41 75 31 61 92 68 4 50 90 1 47 34 45 74 27 20 63 8 53 10 59 28 83 76 69 7 38 25 11
    15 69 20 3 39 82 37 86 58 33 70 80 42 84 75 25 21 85 83 32 65 73 59 43 26 34 57 49 9 79 54 53 24 30 62 94 71 72 50 31 28 11 1 56 46 60 41 2 23 74 35 45 47 8 95 5 51 36 18 29 12 40 64 77 10 66 68 87 16 13 22 90 19 55 48 7 63 88 91 52 93 6 27 61 78 89 81 67 44 14 17 92 4 38 76
    81 4 89 50 39 84 55 61 27 16 19 17 31 95 51 1 8 22 64 46 91 47 35 62 49 23 44 54 88 15 86 48 42 90 58 67 33 72 77 66 25 12 5 14 13 37 24 69 38 52 76 45 7 11 87 70 3 92 59 83 41 57 79 21 43 18 6 63 40 75 68 29 9 2 56 78 65 30 71 82 10 28 80 85 93 32 26 36 94 53 60 20 34 73 74
    76 27 65 66 37 74 19 34 38 92 31 40 3 5 72 68 1 26 49 56 29 53 41 73 50 8 2 87 33 95 57 60 59 15 88 22 46 71 16 24 63 14 51 25 48 44 52 36 39 79 67 61 23 62 82 80 47 91 90 32 89 30 17 83 64 10 58 84 77 54 13 21 86 4 9 35 43 78 42 55 11 69 18 7 85 6 70 12 45 81 75 93 28 20 94
    48 25 93 43 11 47 54 67 95 60 38 56 84 62 70 26 92 17 18 51 6 50 45 7 55 46 28 10 42 41 86 27 20 65 31 40 2 64 75 73 74 5 53 83 24 57 13 14 19 16 8 32 35 33 58 66 77 79 23 61 91 34 9 1 59 63 3 12 82 29 78 87 4 15 37 69 89 80 21 90 52 85 49 22 36 30 81 88 94 71 39 76 44 72 68
    34 88 81 39 24 67 83 79 54 80 47 57 29 48 61 19 90 87 92 52 84 36 32 25 13 73 59 23 4 20 16 10 56 18 43 6 86 1 55 53 33 91 71 44 75 9 35 60 42 22 40 45 38 2 94 51 30 49 89 82 46 74 14 5 66 15 26 69 58 64 85 31 95 72 77 50 21 65 62 27 37 28 8 7 12 93 68 76 41 63 70 11 3 17 78
    30 69 90 6 37 87 55 28 53 3 94 29 47 68 35 78 39 86 49 25 45 19 64 40 50 84 61 82 60 9 57 11 20 75 72 54 91 31 52 62 74 73 63 13 85 1 93 4 46 17 59 77 34 48 81 8 7 32 66 79 44 24 12 76 88 15 36 43 23 80 58 89 41 67 26 70 16 27 42 22 71 65 33 95 38 56 14 2 21 18 92 51 10 5 83
    78 52 33 26 64 47 7 5 67 87 40 75 71 60 90 50 31 95 76 9 92 8 28 30 37 42 85 11 80 21 56 2 69 22 93 73 35 83 55 25 16 6 19 65 41 10 63 36 44 15 45 91 14 34 20 1 81 57 29 53 49 23 70 74 84 72 86 94 77 27 54 4 12 3 61 88 17 18 38 39 46 68 13 51 82 66 89 48 58 43 24 62 32 79 59
    26 94 7 72 65 84 11 44 52 90 19 86 3 35 23 68 89 95 82 66 46 62 55 60 83 54 69 13 59 87 2 34 14 63 47 21 49 30 31 92 32 70 10 80 39 67 45 58 15 53 8 56 93 76 73 4 41 88 28 36 16 33 64 29 40 25 18 91 42 51 85 20 75 48 74 57 1 6 77 43 78 9 61 22 5 12 17 38 24 71 79 81 37 27 50
    80 45 11 77 63 6 9 52 71 29 88 59 41 74 54 69 66 93 46 92 23 14 70 35 57 12 56 17 10 36 90 65 48 89 51 8 64 91 73 76 2 47 60 62 75 87 43 26 38 18 82 24 21 22 83 44 31 3 86 58 94 5 20 40 53 33 37 27 68 28 61 39 7 49 32 1 72 30 16 4 13 67 34 55 25 85 15 95 42 19 81 50 78 84 79
    7 62 75 87 85 15 11 64 19 74 39 33 51 29 59 16 36 18 42 58 34 31 72 89 23 93 12 50 44 80 2 24 70 41 21 17 48 4 32 54 26 45 49 47 95 56 5 86 22 30 53 52 38 91 88 71 8 55 94 20 6 43 84 81 14 92 76 65 3 13 37 82 25 46 79 78 63 66 28 68 61 9 27 83 69 77 57 90 73 35 60 1 40 10 67
    84 94 2 43 56 80 19 13 18 44 32 40 9 10 21 83 91 85 30 54 46 15 28 89 93 4 24 73 25 47 68 57 7 77 87 63 53 50 12 55 90 33 76 49 48 6 45 16 27 22 74 71 60 34 38 36 78 75 61 51 26 88 42 3 79 29 17 64 14 20 59 66 58 95 65 72 52 23 37 31 70 41 81 11 1 39 8 69 92 5 67 86 35 82 62
    50 26 52 19 10 38 35 88 2 42 7 54 95 16 3 84 46 57 59 86 78 83 9 20 81 23 15 40 68 45 28 30 82 29 6 94 72 8 64 87 60 55 69 5 71 27 4 11 39 36 43 49 89 76 12 92 21 90 24 74 91 17 22 37 56 79 73 41 75 67 18 80 61 65 53 63 51 70 48 85 33 47 31 13 44 93 32 34 25 77 62 14 1 58 66
    30 51 46 22 39 13 6 33 29 60 87 1 49 63 86 78 18 54 28 75 62 71 27 74 79 17 81 55 64 57 2 48 8 21 11 90 12 53 84 69 76 61 37 83 24 50 31 42 43 52 45 82 35 89 23 91 15 65 94 93 4 14 25 16 77 88 67 72 41 73 44 47 68 19 7 38 20 58 26 92 40 56 95 80 59 9 36 66 85 5 10 3 70 34 32
    69 91 62 84 81 55 54 40 16 45 33 1 18 60 80 8 57 12 95 15 90 43 61 34 9 48 29 86 26 21 66 51 13 14 22 47 78 36 25 27 30 85 3 2 72 76 5 71 77 32 37 67 79 87 42 24 74 46 20 73 64 94 35 52 75 31 93 58 88 59 56 50 23 10 38 41 83 82 63 65 4 6 68 53 44 19 28 89 70 17 49 92 7 39 11
    17 5 1 92 16 18 34 58 82 28 90 86 80 55 87 74 65 68 70 48 35 71 76 53 2 60 26 21 38 7 20 11 47 10 3 32 4 19 41 95 12 22 73 64 66 81 56 91 63 72 93 9 62 75 33 40 69 25 84 14 44 52 37 23 36 8 39 89 42 46 88 13 49 79 6 45 30 50 85 27 54 94 67 43 51 78 77 24 15 83 31 61 59 29 57
    3 61 46 37 75 18 90 22 59 44 50 89 71 68 24 6 33 54 12 1 94 21 93 81 28 85 51 69 25 78 60 48 29 16 47 34 66 35 49 83 57 64 55 87 95 5 4 79 70 74 32 88 38 26 30 39 15 2 43 92 27 84 17 58 19 13 80 41 91 73 56 7 53 62 86 9 23 63 10 77 31 82 11 40 42 67 20 14 65 8 45 72 76 36 52
    42 70 57 2 43 18 29 48 20 76 94 85 30 50 16 68 32 51 54 35 81 84 37 34 63 38 52 86 40 28 55 26 53 71 72 87 22 44 17 82 62 39 73 1 90 74 10 36 46 5 83 14 33 3 80 56 58 78 65 15 66 41 64 91 67 25 89 13 79 9 31 77 4 12 19 60 45 47 88 49 92 6 11 21 75 23 93 95 7 27 59 61 69 8 24
    14 28 16 52 63 6 20 61 62 68 4 8 86 44 5 92 37 36 39 89 41 79 7 67 76 75 10 90 40 3 93 69 78 35 30 33 9 55 32 47 58 88 21 81 84 91 60 26 82 72 18 24 29 85 94 25 19 70 43 1 87 71 15 48 65 45 11 66 2 27 54 64 50 17 34 42 38 83 80 31 74 46 49 51 73 12 95 23 53 13 59 77 22 57 56
    24 57 42 9 60 65 27 41 47 17 67 69 3 6 30 79 35 94 18 44 56 12 95 88 72 39 74 61 7 71 36 23 46 52 90 48 55 63 16 80 81 43 62 73 31 59 91 54 82 93 92 32 75 64 66 22 1 11 76 29 85 21 68 87 26 2 20 83 78 10 4 34 49 8 53 13 70 25 14 86 58 40 19 45 15 28 51 50 5 89 77 38 33 84 37
    43 7 30 75 20 64 81 67 22 18 59 91 90 49 65 57 35 80 2 58 53 44 33 47 27 73 12 8 42 17 72 77 62 21 83 71 5 84 19 63 79 50 28 29 36 1 55 48 3 94 61 85 14 74 92 68 93 15 95 52 13 76 34 31 54 60 38 88 25 51 4 45 24 89 6 10 23 40 66 39 41 46 37 16 78 69 26 70 32 86 87 9 11 82 56
    86 64 78 56 29 4 79 7 33 81 68 19 71 17 21 38 45 94 91 66 12 82 90 95 9 47 30 36 63 60 77 46 25 83 53 26 62 11 43 49 41 13 20 28 76 58 31 35 5 6 80 92 8 74 44 10 57 16 34 2 69 39 85 15 23 24 88 61 40 52 14 51 67 75 42 73 84 87 32 22 27 59 3 55 72 48 65 1 18 89 54 50 70 93 37
    70 84 95 59 57 1 88 77 81 78 83 48 50 28 36 39 72 67 14 73 33 65 76 17 63 32 8 51 26 2 37 13 20 42 55 23 3 40 85 64 66 46 94 5 16 74 35 27 60 80 29 75 68 45 34 21 7 19 56 12 90 6 18 31 11 71 86 49 87 54 58 89 91 52 44 24 15 82 4 79 43 41 47 93 38 25 22 62 69 92 61 53 9 10 30
    82 5 22 32 67 94 4 51 20 93 61 86 69 34 21 39 85 75 83 55 15 35 7 74 65 10 89 45 70 27 76 14 52 44 81 58 29 26 43 8 12 87 17 46 23 18 24 30 42 54 72 53 63 36 71 90 1 73 49 3 68 6 64 28 33 48 60 47 13 16 19 56 41 80 11 57 79 77 91 95 78 9 40 84 37 50 62 88 2 92 31 66 59 25 38
    62 18 57 27 65 48 70 58 51 26 33 13 42 38 74 55 23 93 84 40 67 79 21 28 66 2 16 95 86 17 22 80 6 8 54 29 46 61 94 90 76 43 45 52 89 73 37 81 82 24 78 7 87 72 59 32 1 83 88 64 12 31 63 60 77 11 47 20 85 41 34 49 35 71 50 30 39 25 69 75 10 68 19 53 9 5 92 44 91 36 3 56 15 4 14
    41 28 39 44 4 82 88 31 12 25 27 83 85 7 40 16 1 73 54 93 79 34 19 15 32 78 46 68 26 57 47 18 36 75 70 81 63 45 55 37 8 84 94 52 91 76 24 80 64 14 35 5 95 50 23 72 58 33 22 87 30 90 92 74 48 59 61 77 67 65 10 21 69 49 62 51 9 3 43 66 60 2 20 6 89 13 71 38 11 17 53 86 29 56 42

