96

    81 96 25 24 50 16 78 47 89 87 85 67 61 62 15 94 66 18 70 71 51 84 95 14 1 28 3 12 5 59 8 31 57 9 75 2 13 55 74 53 54 35 37 36 20 86 22 91 65 46 68 19 32 11 82 64 17 38 49 43 83 6 23 4 79 80 92 63 48 21 7 41 58 69 10 44 56 39 29 30 52 26 34 77 42 60 88 76 72 73 45 40 33 93 27 90
    86 18 33 44 2 46 90 1 79 22 25 12 6 24 35 84 43 58 68 92 19 57 3 72 93 64 13 87 16 31 60 21 89 63 94 69 47 15 40 26 49 8 51 5 4 52 59 74 70 54 67 29 73 11 14 28 38 20 9 50 62 41 81 36 45 53 75 55 88 23 76 7 27 61 30 85 48 37 10 66 39 34 56 83 91 17 96 82 80 77 71 95 42 78 65 32
    87 48 5 13 12 45 41 54 64 76 27 23 28 47 62 29 40 14 4 59 10 46 73 17 36 57 84 61 32 21 77 83 58 70 78 49 24 80 3 93 8 26 44 37 50 6 16 86 1 2 39 20 60 34 89 51 55 15 66 43 35 71 56 82 92 7 65 52 88 42 9 38 72 74 96 68 85 18 25 33 31 63 53 22 95 19 75 67 30 81 11 90 91 69 94 79
    28 2 25 73 74 87 78 84 27 90 29 92 89 20 45 35 96 88 79 1 65 46 18 31 95 81 30 44 48 17 37 63 76 54 24 7 42 39 82 72 70 12 40 33 61 19 62 22 91 58 9 5 43 86 75 4 67 68 11 69 21 41 6 94 3 47 15 23 83 59 77 85 55 80 51 53 93 32 64 66 34 52 26 57 14 10 71 38 8 50 56 13 36 49 16 60
    62 28 34 66 43 40 33 41 94 19 58 44 21 5 45 80 96 59 51 48 24 18 30 90 47 83 13 64 87 76 93 75 91 86 31 17 95 26 89 54 3 29 81 7 70 23 39 74 9 27 63 88 20 32 69 53 50 82 84 71 22 60 16 4 72 37 1 67 11 14 57 65 10 25 52 36 79 12 2 73 77 42 6 61 49 55 56 46 92 68 78 15 35 85 8 38
    26 83 82 42 65 41 76 96 86 7 30 54 23 67 57 45 21 84 51 20 11 17 81 52 9 2 5 66 49 28 25 59 79 63 12 38 32 33 73 10 68 14 35 74 72 58 92 31 70 60 94 48 36 53 13 89 64 80 55 93 37 22 50 75 8 3 95 61 43 85 62 87 6 34 69 77 56 40 78 88 91 19 47 29 27 39 90 46 15 4 1 24 71 44 18 16
    60 70 46 21 32 94 5 54 75 43 67 35 81 74 34 19 29 52 93 64 38 62 92 40 17 82 39 49 3 80 95 28 87 48 2 84 56 27 47 77 66 55 30 33 20 83 78 86 58 8 89 51 15 10 4 53 90 45 41 59 9 71 96 85 14 6 18 24 63 76 57 22 23 13 79 44 1 16 26 25 68 31 69 91 42 72 36 37 61 73 7 88 65 50 12 11
    58 85 55 61 69 5 52 93 92 67 87 95 3 59 24 81 57 22 70 40 23 63 56 77 37 45 64 76 35 49 34 28 47 88 46 75 53 74 30 62 43 38 68 44 60 25 42 72 14 27 80 6 10 96 13 78 31 94 33 36 54 90 17 15 26 65 1 7 9 84 86 89 66 32 4 83 48 21 91 29 82 71 51 73 12 8 20 79 16 50 41 2 18 11 19 39
    53 78 58 24 33 95 81 63 48 23 2 7 82 87 60 26 94 67 3 20 55 22 30 28 35 72 73 61 71 93 34 50 25 29 46 14 79 31 85 10 27 47 12 52 13 4 37 42 1 8 32 74 9 44 86 43 70 11 18 16 76 54 15 92 80 84 65 64 66 77 89 6 51 36 45 90 39 21 59 69 56 83 68 19 5 88 41 91 17 38 75 96 40 49 57 62
    63 91 5 53 70 54 8 60 50 3 52 7 85 66 34 35 17 43 28 39 86 29 2 75 36 68 73 16 78 82 72 41 95 47 42 22 19 12 88 40 27 71 15 83 55 96 89 26 31 64 38 69 9 74 90 93 18 58 84 59 4 62 87 45 81 44 21 76 56 49 57 10 67 23 11 20 79 77 51 32 80 48 13 25 94 24 1 30 14 92 46 65 6 37 61 33
    87 31 62 9 71 84 72 53 19 3 95 17 50 45 7 49 39 56 24 74 78 42 6 79 75 93 1 26 33 73 85 67 44 47 32 35 58 15 14 91 66 64 4 48 54 55 10 89 46 36 65 22 11 38 29 83 81 52 86 61 90 77 25 69 96 34 60 20 94 5 28 30 92 8 23 18 21 57 70 88 27 63 68 76 37 82 16 12 80 43 59 13 40 41 51 2
    3 26 52 68 76 46 17 82 92 13 94 74 39 1 50 51 22 87 80 72 4 30 86 35 88 47 57 37 15 53 67 96 77 41 44 83 23 49 20 25 59 61 91 81 34 21 58 6 85 10 16 75 19 78 33 31 69 42 95 32 48 90 65 55 71 54 70 18 12 11 89 5 27 29 8 73 84 62 24 64 36 79 2 7 93 45 9 66 60 43 40 38 56 63 28 14
    11 48 71 55 84 81 83 33 63 26 95 51 92 35 70 5 8 89 2 43 17 44 19 30 32 40 45 29 15 88 74 52 53 73 57 4 50 22 90 41 38 85 96 16 86 36 76 7 31 69 37 6 67 9 78 12 24 28 82 58 68 47 14 75 94 13 10 60 91 3 34 77 21 62 93 80 66 64 23 39 46 20 56 72 42 87 49 25 59 27 79 54 65 1 61 18
    66 67 12 71 70 1 73 49 42 74 16 76 25 58 88 56 79 15 63 37 50 32 91 48 9 14 22 35 57 46 81 68 47 38 72 34 7 87 39 60 41 30 20 13 36 52 3 61 29 18 95 4 23 85 19 51 8 31 78 55 84 83 64 26 45 77 80 21 75 93 40 43 92 2 94 28 5 89 96 86 62 69 54 6 82 59 65 11 10 90 33 17 53 24 44 27
    1 34 48 60 17 90 81 77 59 24 95 33 23 63 57 6 4 25 13 3 93 92 10 73 15 78 11 65 29 67 54 27 55 83 58 39 53 14 89 74 91 16 87 35 96 79 68 51 64 18 44 9 49 50 40 32 45 19 21 22 43 66 75 80 12 2 56 41 62 46 94 72 52 30 76 7 37 71 82 36 86 28 61 42 38 70 69 85 26 5 31 20 8 47 84 88
    69 37 5 82 77 31 57 45 30 40 50 3 36 20 24 42 13 9 47 18 73 90 60 6 86 58 23 43 15 68 56 74 32 94 4 12 28 46 14 51 95 44 71 84 8 78 16 48 93 22 87 83 88 66 11 35 67 2 38 61 19 72 49 21 54 59 52 27 25 62 39 96 10 85 41 81 7 79 64 1 70 26 63 76 29 34 53 92 75 80 33 55 91 65 17 89
    59 91 22 40 89 77 87 81 85 5 35 49 51 30 1 32 43 53 37 47 38 67 3 6 73 27 23 26 18 21 94 62 44 39 82 45 69 63 84 17 46 68 95 48 15 16 24 72 92 14 90 2 7 54 29 80 55 57 79 36 83 86 93 66 60 78 25 28 13 9 88 71 33 70 64 56 58 75 41 74 20 65 34 52 42 12 31 10 19 4 61 50 76 11 96 8
    28 18 25 3 66 35 17 45 91 53 59 46 11 95 83 42 26 2 43 58 88 7 47 64 96 41 84 69 89 56 14 21 20 68 33 23 93 72 65 90 73 92 52 80 81 51 85 79 31 36 29 55 15 61 10 94 39 4 63 24 38 70 27 37 76 77 60 19 5 86 1 74 30 12 49 87 54 62 67 44 75 40 8 32 82 6 16 22 50 78 34 57 71 48 13 9
    81 1 66 79 87 36 75 49 58 12 72 94 74 2 96 14 31 22 64 41 80 21 59 4 65 17 9 28 52 88 10 37 93 63 92 57 77 27 29 3 53 7 68 45 85 23 90 70 44 33 8 30 61 32 26 51 62 86 24 40 43 95 25 19 82 56 60 76 18 35 83 69 46 11 20 15 89 71 91 42 13 39 16 34 84 50 78 38 48 6 5 54 47 67 55 73
    12 17 60 67 21 7 88 42 78 83 29 30 44 39 71 59 14 84 51 33 48 76 63 79 80 20 26 81 36 92 54 45 10 66 72 62 15 40 11 49 27 34 55 75 96 38 50 68 77 4 31 24 53 58 95 35 43 18 74 57 90 65 37 8 61 73 2 19 22 69 47 6 28 94 32 86 13 87 85 5 3 1 25 93 9 16 70 56 64 52 89 46 82 91 41 23
    23 31 95 78 19 12 69 48 90 93 1 11 60 43 8 50 79 51 36 82 25 20 86 46 77 96 81 39 14 22 67 49 33 28 75 70 9 80 55 38 16 3 84 92 52 74 24 91 66 30 41 62 29 45 71 27 73 5 32 10 76 17 18 89 40 13 88 2 87 63 37 57 94 44 83 64 26 15 4 68 56 54 61 72 65 47 53 59 6 35 58 34 7 21 42 85
    6 21 13 46 39 93 8 87 35 36 1 9 58 17 96 80 65 10 4 67 32 40 27 82 50 20 11 16 45 52 63 68 49 24 5 60 90 3 44 51 57 54 92 76 62 7 34 29 26 15 75 70 83 23 77 84 88 69 2 37 19 28 71 42 91 79 53 12 30 72 14 59 78 61 31 41 94 74 25 73 43 48 55 89 95 38 85 47 33 22 81 66 56 86 18 64
    43 20 25 23 90 82 39 72 74 15 24 77 65 69 62 52 53 8 35 2 32 34 42 93 95 33 21 71 12 30 84 91 7 87 38 41 67 47 49 22 89 31 68 66 48 86 81 92 10 51 63 80 28 50 19 18 14 76 61 59 27 56 16 96 44 58 79 46 29 40 13 9 94 17 83 37 3 64 11 88 6 78 36 54 4 55 75 57 60 1 73 5 26 85 70 45
    64 94 31 68 29 28 6 96 75 26 93 82 18 56 63 15 66 30 84 50 5 54 17 8 60 74 16 27 10 48 92 73 9 11 58 41 83 90 25 19 38 12 69 95 78 44 57 87 49 77 7 55 85 40 76 2 39 88 79 91 80 37 62 67 36 61 51 42 86 89 81 13 23 22 72 43 45 47 71 70 32 4 20 35 21 53 59 24 52 34 33 1 3 46 14 65
    72 47 48 80 77 39 49 62 42 4 24 65 2 13 38 25 94 64 81 35 21 71 32 29 93 10 61 88 12 58 7 15 79 78 8 89 22 57 56 90 52 30 82 45 44 68 11 33 34 69 43 3 27 73 14 75 50 67 74 66 59 20 55 86 60 53 41 1 83 95 70 9 87 16 36 63 84 96 19 6 23 76 40 28 37 26 51 18 46 31 85 54 92 91 5 17
    4 64 38 16 25 41 20 10 90 86 58 85 51 93 35 30 56 96 2 78 54 28 45 61 55 47 95 8 65 18 82 24 67 87 21 36 33 69 76 19 63 34 17 70 52 71 3 29 32 75 84 80 13 91 40 44 26 92 14 60 68 57 27 37 62 77 89 9 94 48 46 59 7 83 72 23 15 6 88 12 74 53 11 42 49 39 5 22 1 31 73 43 66 79 50 81
    42 53 12 82 49 87 69 62 65 20 43 78 76 25 92 79 36 89 67 34 66 72 83 1 31 81 86 77 48 91 61 47 16 59 5 23 18 40 64 22 29 32 9 44 3 26 96 24 39 19 52 27 54 75 7 30 84 93 15 35 63 88 71 28 46 80 68 13 73 45 90 41 60 14 95 17 58 85 8 56 6 94 4 70 38 2 51 10 50 37 74 11 33 57 55 21
    5 95 74 89 69 13 22 46 91 84 68 85 21 78 53 2 77 72 9 3 51 15 29 7 58 36 11 31 76 65 52 1 81 42 25 45 8 6 80 14 10 47 55 87 23 50 59 94 96 63 60 83 16 62 88 20 49 73 39 43 4 54 70 32 34 26 82 33 61 86 35 90 64 56 66 24 40 19 17 67 18 93 41 71 57 30 75 12 37 48 44 27 92 38 79 28
    26 79 93 71 29 73 9 42 74 84 32 23 90 51 14 40 59 1 48 54 43 4 76 24 69 81 15 13 2 88 64 77 67 44 72 27 30 96 33 85 46 66 60 80 10 17 94 21 70 55 11 5 91 39 87 57 19 18 78 95 34 37 20 56 16 41 63 68 31 45 50 35 75 22 49 47 89 65 12 6 83 92 36 58 3 52 25 86 82 38 28 8 7 62 61 53
    13 46 72 68 70 82 25 60 90 74 33 10 28 75 36 30 34 11 79 40 64 73 86 84 95 91 89 63 44 76 96 2 26 18 32 3 92 69 65 5 56 45 37 7 47 87 31 1 17 35 85 55 6 49 16 66 51 52 27 23 58 43 54 78 53 59 57 15 94 81 14 48 83 77 19 29 42 62 88 20 50 61 12 71 24 9 4 22 80 8 39 67 93 38 21 41
    59 53 64 17 33 69 80 38 40 25 60 49 19 74 76 63 50 75 29 24 51 78 14 27 91 67 48 94 5 4 88 79 92 41 31 84 30 89 28 56 54 44 6 22 96 20 10 9 7 36 72 65 8 32 15 35 85 58 42 81 62 82 46 77 55 61 12 52 34 70 90 23 26 73 71 16 39 68 83 95 45 37 21 3 18 86 43 13 66 57 11 47 93 1 87 2
    28 19 52 58 2 36 24 16 20 38 1 59 65 56 82 29 54 76 57 55 73 63 64 88 5 91 46 12 43 6 14 34 84 31 79 32 3 78 41 70 47 81 85 75 42 92 27 72 30 53 21 39 9 90 60 17 68 67 80 96 15 44 26 37 8 35 94 89 74 87 49 25 33 45 4 18 10 69 95 7 51 83 77 86 71 61 62 40 13 23 22 50 48 66 93 11
    12 11 61 3 21 88 50 7 85 34 60 37 78 94 76 13 31 74 62 35 44 55 53 64 40 25 39 29 70 75 4 1 58 56 5 47 71 69 22 48 81 84 32 52 2 10 36 54 9 41 26 8 86 65 92 59 67 95 82 28 66 83 79 80 18 63 33 51 57 17 77 15 96 38 6 42 43 24 68 73 16 89 90 23 19 72 20 46 91 87 49 27 93 14 45 30
    80 74 82 26 41 89 84 15 28 56 39 45 32 12 72 6 68 88 48 61 76 47 18 8 73 95 11 21 19 17 58 35 5 4 23 52 54 71 1 78 34 67 43 91 44 55 83 75 29 53 25 2 20 69 27 10 9 57 16 50 63 42 86 7 81 93 79 66 24 70 22 49 60 46 51 65 87 38 77 3 14 59 33 90 92 40 13 96 30 62 37 31 85 94 36 64
    26 72 54 95 70 68 40 17 92 29 89 14 85 38 67 47 56 71 83 90 19 24 66 43 31 48 13 59 52 76 46 35 33 57 30 64 86 20 88 21 25 75 49 1 74 5 60 58 2 94 53 82 27 41 42 11 77 50 61 23 3 91 84 39 18 22 9 4 79 73 16 63 81 69 36 32 10 7 78 80 44 55 12 34 51 8 28 93 15 45 37 62 6 65 96 87
    25 65 82 40 67 81 79 48 8 60 34 1 11 74 51 50 12 68 84 7 36 92 32 37 13 66 59 52 78 39 90 47 85 9 16 72 86 75 94 45 17 42 23 95 4 76 91 62 41 18 15 73 2 46 61 35 83 44 80 19 87 30 96 63 56 14 64 28 38 21 70 71 55 6 26 49 53 3 10 58 93 22 20 57 24 33 27 43 89 69 5 88 54 29 31 77
    28 76 57 95 93 66 39 60 22 46 21 10 72 79 41 4 55 26 89 38 67 5 82 42 59 17 24 19 71 52 27 11 78 13 61 9 40 37 25 48 96 30 69 3 70 16 34 7 90 1 87 53 64 12 44 20 51 62 45 32 85 73 35 2 29 65 8 81 92 94 56 86 58 18 49 75 84 77 33 14 68 15 54 74 36 50 6 83 47 88 31 63 43 91 23 80
    75 64 5 57 7 82 65 24 91 96 81 90 32 42 77 37 38 39 60 54 25 41 30 43 17 55 72 95 69 3 94 56 50 70 68 12 73 13 93 8 29 85 26 35 58 18 88 45 44 61 62 52 40 2 84 27 86 79 80 63 83 49 34 59 76 48 15 89 33 46 21 11 51 22 47 16 20 6 36 67 10 92 78 19 71 14 31 28 9 66 23 74 1 53 4 87
    40 90 54 65 9 49 58 84 70 3 26 34 69 86 12 59 22 56 8 39 92 74 17 75 25 6 13 15 44 76 80 10 55 31 79 14 37 66 62 16 85 35 23 88 63 2 71 27 57 38 93 48 67 18 1 68 4 52 41 51 45 53 60 82 5 77 96 29 36 94 7 78 61 87 46 43 20 89 11 47 81 50 33 64 21 83 95 91 28 42 73 72 19 32 24 30
    9 65 22 26 94 75 59 42 49 28 71 41 19 87 46 6 27 54 86 39 23 79 61 45 33 78 89 85 81 5 70 96 51 72 21 95 1 66 31 25 77 67 69 55 56 83 68 24 48 90 60 7 35 58 44 17 13 29 8 10 52 16 62 47 53 76 84 12 32 37 82 30 36 91 18 50 64 4 38 3 40 92 57 14 73 74 43 80 63 2 11 15 88 34 20 93
    65 71 31 10 26 22 11 77 19 86 39 56 37 93 8 36 16 75 95 51 45 5 54 32 7 82 63 90 2 3 80 13 73 24 55 87 6 4 81 76 91 79 84 49 35 21 38 78 92 27 12 59 41 88 33 50 23 14 74 89 96 46 60 70 25 62 30 53 61 67 44 40 57 69 68 72 15 9 1 34 58 85 52 66 29 20 64 18 94 83 47 43 48 17 28 42
    3 81 66 72 32 59 33 31 68 53 70 52 62 40 10 20 26 12 56 28 47 55 64 65 29 84 60 49 27 30 50 71 76 86 80 67 51 5 41 8 19 34 94 87 83 91 21 38 45 9 36 4 96 16 90 17 35 63 39 54 57 13 95 22 78 11 24 69 89 58 37 93 48 6 75 14 88 2 15 18 77 7 73 1 74 92 82 23 25 46 42 61 85 44 79 43
    82 56 84 10 33 78 14 2 12 25 77 6 26 93 27 83 63 87 24 30 45 48 90 8 28 52 31 59 91 81 55 68 43 46 89 69 3 17 5 61 76 19 64 49 79 62 51 40 15 94 74 53 73 96 67 41 47 88 1 4 72 75 57 95 60 23 58 11 20 22 44 92 9 18 70 86 38 85 65 80 37 13 36 42 16 35 54 29 66 50 32 34 7 71 21 39
    4 31 10 64 62 61 69 71 59 15 11 3 35 37 83 67 82 27 55 96 66 40 44 38 14 88 36 29 75 70 22 43 5 85 32 12 7 65 95 72 51 9 42 80 18 26 76 39 34 45 84 8 90 30 50 16 41 54 21 86 49 58 46 78 94 60 13 53 89 48 81 2 56 63 68 52 79 47 20 6 77 57 91 19 24 25 17 87 92 33 73 1 93 74 28 23
    12 6 77 41 76 27 85 57 1 18 10 83 38 68 20 69 37 75 31 95 17 63 52 73 39 32 61 45 15 36 93 79 80 54 91 71 40 44 94 16 70 13 7 86 29 47 33 66 64 62 59 23 81 24 22 3 43 87 50 48 88 84 14 49 96 78 25 67 89 72 8 46 56 58 55 2 90 21 82 74 92 65 26 42 35 30 34 9 53 4 11 28 19 51 5 60
    17 28 65 10 85 71 91 43 93 22 15 69 27 76 50 55 7 25 88 84 73 52 92 63 41 74 66 81 21 96 54 33 31 2 51 60 72 6 95 89 70 9 45 56 4 75 64 53 14 78 87 82 1 49 39 80 34 29 18 44 42 20 47 13 83 58 57 19 40 48 26 35 46 79 68 5 67 62 59 16 90 36 38 8 86 77 3 61 24 23 12 30 94 11 32 37
    29 4 56 12 71 39 47 24 94 89 6 57 59 61 62 58 48 23 5 28 73 20 25 40 86 45 70 80 88 84 32 55 64 8 76 67 9 44 13 7 69 42 81 11 66 43 22 38 3 49 79 91 35 30 10 1 36 16 78 87 92 75 21 65 51 77 17 37 63 18 19 85 93 26 33 41 54 50 83 15 14 31 34 72 46 27 74 82 2 60 96 68 52 90 95 53
    7 1 74 45 59 71 77 82 70 96 14 52 23 5 9 2 93 75 65 36 37 81 47 78 80 10 16 55 60 8 28 43 76 72 4 34 87 85 3 17 22 88 54 69 90 62 24 12 50 86 38 51 57 66 26 44 61 39 64 40 13 84 53 31 41 83 48 79 6 25 49 20 15 32 68 58 91 19 67 11 46 29 35 30 21 89 95 92 94 42 63 27 73 56 33 18
    71 47 8 7 64 74 50 55 40 17 59 24 13 2 62 87 34 46 39 93 95 48 77 91 33 75 81 21 76 19 56 26 82 3 14 88 42 36 9 27 89 18 65 28 58 63 25 5 73 1 15 32 80 66 38 31 84 49 20 94 69 67 6 51 79 43 53 29 44 92 68 86 37 83 12 52 90 23 60 78 16 11 61 54 57 22 45 41 70 10 72 85 4 96 35 30
    4 53 33 51 32 87 52 69 22 19 60 18 77 23 94 5 91 86 90 80 35 50 10 14 36 49 24 28 9 85 93 34 55 17 70 72 59 11 38 31 13 7 16 71 75 21 67 47 44 76 62 29 81 45 43 65 3 25 63 88 48 64 74 46 30 42 78 89 66 96 84 82 37 40 83 39 95 73 2 68 15 8 27 1 20 54 41 6 58 61 56 92 12 79 26 57
    59 52 66 33 19 62 27 11 81 88 87 80 92 15 29 16 41 17 37 73 26 95 86 36 78 58 22 79 53 65 30 70 85 71 43 44 8 7 10 96 93 23 56 12 42 68 39 77 48 2 35 14 72 20 34 84 5 94 1 61 21 82 63 55 75 4 69 40 83 91 38 46 18 76 54 90 3 9 6 89 60 57 24 28 32 31 64 45 47 67 50 51 25 13 74 49
    11 5 95 85 26 2 77 48 74 55 9 96 22 56 93 76 63 86 44 49 46 18 82 38 7 16 61 68 59 12 28 3 41 8 81 47 30 57 1 27 67 4 35 42 66 10 78 52 90 15 87 43 84 83 40 72 94 62 51 14 29 21 33 60 25 53 6 24 13 39 65 91 31 50 64 58 34 32 70 37 92 75 45 73 69 23 36 79 17 19 20 88 89 54 71 80
    58 91 66 21 93 59 64 29 86 19 80 84 15 46 74 85 53 70 30 50 39 11 48 44 62 83 16 79 22 54 5 67 13 95 88 25 8 61 75 42 35 87 32 47 90 31 72 9 3 65 68 36 57 78 26 71 18 34 14 69 7 52 73 28 92 60 63 1 94 4 23 2 38 55 33 49 20 96 10 77 82 81 76 56 37 43 12 51 17 45 40 41 24 6 89 27
    46 3 36 47 94 10 68 17 88 70 51 96 54 24 56 29 9 69 76 84 32 39 28 86 85 77 72 23 22 37 31 13 73 16 27 21 67 75 42 52 87 95 49 18 30 60 65 64 90 33 6 4 38 81 20 19 12 8 61 15 1 41 79 7 80 35 34 5 14 63 62 48 40 92 66 91 44 45 83 78 93 53 50 55 82 11 26 43 25 71 2 89 59 74 57 58
    95 39 38 8 53 51 82 22 45 70 7 76 52 16 62 31 42 85 5 58 44 68 88 11 71 1 17 29 75 56 23 72 3 6 77 89 80 12 35 94 69 74 30 25 49 78 96 21 64 87 41 54 81 34 66 33 19 32 47 59 26 79 48 27 73 90 2 91 36 84 46 13 14 24 4 92 61 50 20 28 10 83 93 63 18 9 43 37 67 65 86 15 40 57 60 55
    1 63 92 87 47 5 40 21 66 83 52 3 4 85 32 41 62 6 95 88 38 70 44 11 10 26 64 36 25 77 19 35 76 13 75 49 14 55 48 7 20 78 68 93 8 51 72 94 27 74 15 57 22 84 91 58 90 39 60 16 17 73 79 12 9 81 46 18 82 54 34 29 53 96 61 45 50 23 24 37 42 80 28 33 71 67 89 43 30 2 56 59 69 86 65 31
    49 93 88 65 34 2 36 78 5 20 57 39 3 28 74 55 84 51 16 62 46 9 77 76 24 31 85 68 86 47 66 63 7 56 22 18 92 53 83 1 81 79 37 29 42 19 25 8 13 54 15 52 80 11 61 33 40 45 59 48 91 41 14 70 32 64 90 67 23 96 21 71 27 17 6 95 50 87 82 26 44 38 10 43 30 58 12 60 4 69 72 89 94 35 75 73
    85 66 20 59 53 81 35 91 52 55 60 34 40 73 90 2 84 29 22 1 69 45 56 32 44 48 64 50 95 87 21 16 13 49 5 51 62 65 4 10 11 86 24 92 8 7 58 89 93 33 83 23 18 68 70 31 94 61 74 76 30 19 37 54 38 36 72 9 39 27 77 79 78 46 3 88 14 25 63 6 75 67 80 28 57 71 17 26 47 15 96 12 42 43 41 82
    96 11 78 37 70 55 29 74 14 33 26 16 8 73 81 57 17 90 31 19 52 86 38 15 58 25 36 21 48 89 62 75 82 22 6 53 64 2 69 3 66 84 94 12 44 71 56 51 5 59 30 1 9 41 13 95 32 88 72 87 61 20 65 79 18 47 45 67 34 46 39 83 93 42 76 43 68 40 80 85 35 91 27 63 49 23 54 10 92 28 50 24 60 7 77 4
    20 54 27 75 14 61 81 86 10 9 47 25 95 72 83 55 40 92 60 35 4 11 70 64 73 56 32 5 67 26 43 80 62 29 96 17 21 79 23 53 2 15 71 7 51 37 34 58 93 19 65 85 91 45 13 90 57 6 30 59 77 3 68 74 49 36 31 82 46 18 76 50 41 12 94 8 39 66 24 48 87 28 88 63 33 69 42 84 89 52 78 44 38 1 16 22
    63 8 6 83 16 42 40 60 43 30 88 55 87 72 22 41 27 33 26 85 84 17 92 80 67 49 47 31 77 75 36 7 18 79 90 73 28 94 32 45 15 34 14 38 65 74 95 10 59 58 12 25 89 24 70 5 44 46 82 51 20 23 13 69 37 86 35 21 54 53 2 64 71 9 68 91 61 48 62 56 66 93 4 76 11 81 29 57 78 39 3 19 50 96 52 1
    75 34 24 77 32 52 12 59 15 18 55 53 16 66 23 82 30 1 40 67 35 87 71 28 49 72 26 33 73 27 80 19 39 17 43 85 29 81 11 2 22 8 62 13 76 70 92 47 57 50 25 91 41 31 6 4 9 44 14 60 42 89 38 93 78 5 46 74 83 7 86 95 88 94 56 79 61 37 48 20 84 65 63 36 45 69 68 3 10 64 21 58 51 96 54 90
    37 35 22 53 92 71 56 81 6 69 47 46 58 45 24 64 48 88 74 44 42 72 60 14 1 26 76 19 62 80 79 18 9 77 15 90 78 33 5 95 54 20 39 83 7 43 91 55 66 73 87 40 50 12 30 34 94 52 8 25 41 67 11 82 21 38 84 57 29 13 31 23 4 3 10 59 16 70 75 96 89 61 49 28 86 27 93 2 51 17 68 65 32 63 85 36
    10 68 26 40 7 20 64 88 83 32 21 35 93 49 5 67 8 29 84 18 9 81 31 27 90 69 56 58 89 96 50 14 43 33 73 13 47 24 16 59 66 82 74 22 11 53 60 46 1 80 78 86 76 25 12 62 36 17 44 41 48 51 92 65 79 2 38 70 54 55 72 63 6 85 42 87 30 34 91 19 28 52 3 37 94 57 39 4 45 61 71 15 77 75 95 23
    22 50 20 27 4 66 8 37 35 85 82 52 42 21 7 53 77 54 64 29 60 86 2 9 57 68 33 75 31 96 34 59 93 70 3 38 88 74 79 91 28 55 65 40 92 90 5 24 1 58 83 23 71 47 13 14 62 61 16 69 48 89 80 10 63 49 43 87 12 95 84 39 25 6 30 51 45 32 44 18 76 11 19 81 56 17 94 41 36 15 26 73 67 72 78 46
    50 87 58 91 32 43 27 44 11 25 6 21 85 28 38 59 49 23 62 7 48 92 53 15 18 30 81 10 34 47 86 40 94 75 14 2 78 70 61 56 95 12 29 77 84 83 1 8 22 79 24 16 88 57 31 74 20 5 42 39 33 41 54 9 80 90 73 64 96 72 89 71 36 93 63 37 66 26 19 13 60 65 82 76 68 45 51 55 3 4 17 46 69 52 67 35
    95 88 5 73 51 80 81 59 75 54 17 85 84 26 47 25 96 79 66 9 28 13 15 4 31 57 44 6 20 87 11 38 50 58 14 92 40 43 74 62 35 33 1 78 86 63 72 90 8 29 60 46 68 52 70 39 23 42 7 49 67 48 94 76 82 30 12 91 41 93 89 3 18 45 56 77 22 16 32 61 65 36 71 83 34 55 19 21 64 24 37 10 69 27 2 53
    49 81 12 67 84 6 68 16 75 3 52 95 76 31 71 2 53 1 8 74 72 34 19 96 27 47 79 17 65 40 59 36 90 15 82 24 41 69 54 20 48 18 7 5 10 44 13 87 50 46 39 78 58 30 77 73 61 88 28 11 42 32 23 60 92 93 86 70 63 66 89 83 57 56 26 38 9 64 85 4 51 80 45 43 62 35 94 29 25 55 33 91 21 22 14 37
    68 93 77 76 48 62 6 37 16 13 90 55 1 26 81 72 50 71 12 24 4 78 53 52 29 18 23 87 3 32 33 67 59 79 70 88 5 39 15 38 92 28 41 34 75 86 2 89 44 46 47 63 49 83 94 7 54 11 22 17 21 51 73 69 66 58 61 84 27 95 64 40 74 36 8 56 82 25 80 60 10 96 35 43 19 65 20 42 91 85 30 45 14 57 9 31
    32 40 50 46 28 60 61 94 10 45 24 27 88 19 20 2 77 57 80 44 47 83 69 5 13 37 85 59 78 95 73 12 42 62 58 82 75 38 56 84 72 66 21 52 4 41 16 93 74 33 49 81 53 87 96 30 92 67 79 64 9 51 17 14 3 23 76 34 90 31 36 22 63 26 55 68 18 39 43 86 25 54 71 7 15 48 8 29 11 91 70 89 6 65 35 1
    4 34 55 75 84 64 20 23 46 2 31 73 24 36 44 71 92 79 17 59 9 22 7 18 62 96 42 69 63 54 86 14 57 83 25 13 70 61 51 87 6 1 10 52 81 67 32 66 5 26 33 72 29 3 12 74 30 95 8 91 80 16 56 50 82 49 15 47 43 89 11 60 37 76 65 93 38 94 90 45 35 68 48 27 19 41 77 88 39 53 78 28 58 21 40 85
    1 81 93 35 48 57 20 64 16 2 9 95 4 94 50 55 25 40 67 44 72 47 58 23 68 51 84 89 77 19 38 62 42 71 29 56 33 78 83 17 6 63 74 10 43 59 8 80 86 54 49 37 26 53 45 61 31 87 13 75 11 21 76 69 32 15 24 70 14 91 34 66 92 52 5 73 28 65 82 88 3 12 90 60 22 39 46 41 36 30 96 27 7 79 85 18
    40 14 94 91 63 68 15 86 46 33 5 64 30 29 51 66 43 35 89 74 7 57 58 26 45 72 9 13 47 8 56 41 96 88 44 95 36 24 80 38 28 48 62 78 22 23 93 50 10 20 84 54 34 82 75 6 21 67 18 90 37 61 16 17 70 73 92 25 32 53 3 55 27 60 76 59 4 85 87 52 42 69 1 19 83 11 2 81 79 39 31 49 77 65 71 12
    11 95 34 53 79 74 54 58 37 93 80 83 30 82 36 47 20 2 13 41 40 9 7 76 12 33 73 6 66 14 24 39 29 38 63 56 67 71 28 96 49 90 88 3 55 25 92 17 75 89 4 27 32 15 48 94 50 68 62 51 91 18 22 31 59 35 42 16 10 5 23 65 26 46 60 44 78 52 85 72 19 8 61 86 43 1 87 69 57 64 77 70 84 45 81 21
    87 54 49 17 56 75 46 51 95 34 96 60 55 25 52 35 50 43 53 57 63 76 1 22 16 64 42 47 58 81 8 79 27 28 24 73 32 65 66 3 48 29 13 83 61 88 37 33 2 30 10 62 72 78 14 93 84 86 12 80 11 45 69 9 19 91 31 20 70 59 41 7 85 36 26 68 39 44 5 15 21 4 77 74 23 90 89 82 40 67 92 6 94 18 71 38
    81 75 85 13 52 61 28 3 32 73 42 22 69 37 29 1 84 94 89 92 47 2 33 49 19 45 53 82 93 51 4 39 44 16 46 27 74 64 56 63 5 87 95 48 72 65 8 71 31 59 76 17 88 96 23 70 12 26 78 9 40 54 62 91 90 43 68 14 34 21 6 66 35 80 10 36 30 38 55 79 57 50 67 25 77 20 58 15 11 60 86 41 83 18 24 7
    8 79 61 56 66 31 22 52 67 17 60 72 62 34 88 68 2 19 26 20 14 40 48 78 63 94 77 86 83 75 15 80 55 4 76 36 23 50 95 12 16 41 92 44 87 54 74 29 71 38 51 24 5 33 9 57 93 58 73 43 91 25 53 7 39 46 21 11 89 82 3 64 32 70 59 10 69 13 27 6 65 90 1 85 35 30 18 81 37 84 96 47 49 45 42 28
    46 5 19 50 38 84 59 42 43 9 63 3 53 62 15 16 4 21 33 71 37 40 34 58 29 56 77 2 79 65 70 78 73 31 35 1 64 69 25 81 75 12 36 8 89 66 80 57 76 28 54 51 92 20 95 61 41 91 32 48 24 67 68 39 87 47 88 27 11 74 17 72 45 60 90 49 18 44 96 86 85 82 93 13 94 83 22 10 52 7 23 26 14 55 6 30
    3 82 43 24 81 2 20 25 41 59 44 1 80 49 74 10 69 12 57 67 65 37 33 22 64 76 32 11 31 60 7 23 39 42 95 9 56 61 6 27 68 79 18 46 21 85 84 51 28 53 14 77 73 47 88 16 30 70 71 92 90 63 34 66 54 45 8 15 94 91 29 38 40 35 96 93 13 48 36 78 89 4 75 58 17 19 86 83 26 50 52 62 55 87 5 72
    70 78 27 60 37 91 32 50 38 19 82 12 88 80 11 18 72 9 86 16 55 83 53 58 13 5 65 28 73 93 23 67 31 92 51 46 25 3 1 54 59 52 81 56 42 39 10 33 61 69 96 14 89 64 79 6 71 8 22 43 20 68 36 95 87 85 90 76 2 7 44 57 47 45 75 49 4 15 74 62 35 21 29 26 17 34 40 30 24 84 77 41 63 48 94 66
    8 9 76 30 14 53 54 40 43 11 18 58 94 5 81 25 12 83 17 71 45 50 57 35 10 1 20 79 39 51 4 68 84 49 38 16 75 31 60 86 55 92 22 78 24 44 93 67 56 47 61 3 41 7 70 66 69 63 85 23 26 90 27 74 36 29 2 80 46 13 48 64 72 95 15 28 32 59 19 96 37 89 21 34 62 91 82 87 42 65 73 33 52 77 6 88
    81 12 49 70 27 53 55 3 30 34 39 37 18 10 6 29 26 80 88 46 92 93 95 85 33 1 47 20 61 66 68 84 24 28 79 23 17 83 31 32 67 87 71 44 38 40 58 64 63 42 15 16 86 25 7 5 35 74 50 36 90 78 72 82 54 19 13 22 89 77 48 2 11 14 60 96 9 51 43 4 57 65 94 69 75 62 76 59 52 8 56 45 41 21 91 73
    41 13 47 35 71 69 96 22 70 10 21 31 63 82 17 32 56 83 79 89 67 9 94 11 45 61 57 4 51 25 86 14 90 3 72 78 66 84 12 52 23 42 34 8 49 91 48 81 6 36 44 92 2 43 27 68 30 40 58 62 88 33 15 73 95 19 55 80 87 54 24 50 53 46 76 16 60 7 28 65 77 5 38 75 18 74 26 93 20 85 1 64 29 37 39 59
    32 57 91 42 34 37 24 69 56 61 8 28 88 58 78 46 27 21 5 79 54 90 63 59 9 65 43 66 3 48 18 14 12 68 94 36 74 95 15 86 22 83 72 38 92 80 70 52 41 82 10 44 1 30 13 19 96 4 60 50 81 85 16 26 25 33 31 2 29 64 77 87 89 20 39 49 11 75 40 67 17 45 51 47 23 6 55 71 62 53 93 84 76 35 73 7
    1 59 23 9 82 84 57 27 51 25 24 16 2 29 58 47 66 41 50 7 79 88 72 45 56 77 87 35 61 64 43 32 19 36 44 65 90 13 74 63 91 42 53 3 54 33 34 96 68 62 60 86 11 37 83 20 55 95 15 94 28 52 18 93 48 70 71 12 46 30 73 6 14 5 21 4 67 75 17 85 49 39 76 10 38 31 81 26 40 69 80 89 22 92 78 8
    40 96 9 16 41 39 32 82 48 27 65 50 20 85 11 13 8 94 59 17 37 86 26 81 70 47 18 92 89 69 10 34 12 54 73 36 7 55 29 53 66 31 42 56 1 58 67 62 63 77 38 14 95 64 30 3 57 19 71 68 2 51 33 25 52 23 91 15 43 76 84 87 45 44 90 24 79 5 75 28 46 78 21 61 60 80 22 4 35 72 6 93 83 49 74 88
    37 50 94 15 5 32 91 82 18 79 78 28 20 74 31 16 17 67 83 70 9 14 72 35 44 71 88 6 26 56 95 11 54 80 86 51 24 60 77 64 87 73 96 93 58 23 59 13 19 38 34 63 39 3 2 48 40 61 68 69 46 1 75 89 92 85 90 29 65 57 81 42 47 41 10 49 33 21 12 25 43 36 27 66 4 52 22 55 76 62 45 84 30 8 53 7
    51 50 91 74 11 33 40 22 16 82 38 48 8 65 84 42 36 15 10 43 3 1 21 23 28 46 55 27 49 26 72 58 6 86 85 35 37 54 14 77 41 17 81 87 52 73 69 70 12 59 29 56 88 78 4 94 9 5 61 67 63 68 45 25 7 31 13 62 93 24 79 66 32 90 44 75 34 64 60 18 92 71 47 95 30 19 39 76 57 80 20 96 53 89 2 83
    76 32 74 29 20 28 41 36 59 16 54 62 95 10 53 30 52 2 34 71 87 1 49 65 81 48 51 11 66 57 88 17 68 31 25 84 8 79 23 6 86 15 89 39 63 26 80 70 37 85 94 12 22 83 45 64 60 75 3 24 19 46 82 93 14 56 18 50 92 90 13 73 4 58 35 72 78 69 9 5 96 40 77 43 33 42 38 67 21 27 7 47 55 44 91 61
    89 51 63 44 48 27 23 71 59 1 47 76 95 30 10 82 60 28 40 77 87 2 61 18 78 39 41 49 62 86 96 56 35 6 55 53 14 64 93 5 11 68 12 25 22 91 7 74 42 79 75 52 4 17 90 94 81 43 50 92 38 31 36 13 70 33 45 69 16 66 26 15 57 83 65 73 20 34 58 67 46 72 80 8 3 29 9 85 88 21 32 54 37 24 84 19
    3 39 57 46 95 45 22 7 10 51 86 55 58 6 87 65 67 29 36 40 66 78 21 92 88 93 41 76 33 83 59 43 48 5 96 17 1 2 23 44 26 27 15 19 68 11 70 50 52 37 35 90 77 60 82 14 34 62 20 24 64 13 9 16 38 89 85 84 72 4 73 54 80 71 91 31 25 69 32 74 81 56 12 42 49 28 61 47 63 8 94 30 79 18 53 75
    86 7 70 53 46 27 68 3 66 85 11 96 58 61 25 49 47 18 9 78 29 72 13 31 48 30 40 12 77 19 54 93 62 26 20 15 94 90 5 75 41 1 32 50 64 57 28 55 39 33 63 67 81 73 82 83 37 10 24 79 88 35 4 69 87 14 22 76 21 89 36 6 65 8 17 92 59 60 45 71 52 43 74 34 42 84 23 44 38 16 56 95 91 80 51 2
    17 88 79 80 10 72 24 92 81 96 69 57 47 31 85 42 49 36 89 11 77 39 70 63 3 21 33 8 19 16 44 66 1 15 75 12 84 78 55 30 95 23 50 32 65 61 48 2 34 7 60 37 46 4 5 59 58 26 73 40 93 90 9 86 22 41 13 45 68 20 38 14 43 52 25 18 74 83 67 28 51 56 29 35 27 64 76 6 82 53 71 62 91 94 87 54
    75 70 3 51 77 76 16 53 19 44 42 52 29 15 92 6 58 61 28 4 49 23 43 73 24 21 5 55 41 2 14 82 71 91 80 89 84 13 12 90 10 1 57 81 85 22 46 39 33 36 87 7 27 96 31 37 47 9 59 88 26 50 17 93 45 18 83 72 67 65 25 8 60 40 20 86 79 32 64 56 54 68 35 38 78 95 63 66 94 74 30 48 69 11 34 62
    93 63 86 79 4 6 67 37 64 17 77 81 13 59 60 46 28 56 33 58 68 45 42 83 20 21 69 39 44 7 35 10 25 89 65 24 8 87 72 61 26 2 62 1 57 15 27 95 54 88 41 94 78 55 3 90 30 48 23 34 85 32 73 49 50 53 47 84 74 80 71 76 14 92 5 38 9 96 22 36 29 52 11 16 31 75 70 51 82 91 43 12 19 40 18 66
    91 78 63 5 35 2 81 25 58 84 4 42 32 21 19 39 22 7 14 76 17 94 54 73 8 6 26 30 12 23 24 50 87 74 10 27 56 36 52 33 28 49 83 64 53 55 96 66 62 37 51 70 43 77 86 1 88 89 60 40 44 75 29 68 20 71 18 80 41 46 93 79 47 69 16 95 31 59 45 90 9 85 48 38 11 34 82 15 65 92 3 13 72 61 57 67
    51 18 31 89 58 10 43 28 7 91 29 19 22 81 16 54 47 48 50 15 45 24 61 33 3 38 70 72 44 59 53 67 82 11 95 57 79 46 77 21 69 40 30 5 37 13 90 52 2 41 94 73 34 84 80 20 78 93 9 49 4 36 62 35 96 63 8 14 27 85 64 60 42 1 65 75 74 12 87 76 68 39 32 23 55 26 71 56 92 25 88 6 66 86 83 17
    37 7 36 64 19 58 18 82 74 60 43 76 28 8 6 22 96 89 13 35 51 29 17 5 79 31 27 48 85 59 52 47 90 95 88 30 91 40 81 62 61 87 70 77 26 21 75 32 54 44 68 63 69 71 25 10 9 33 2 15 83 38 34 12 42 72 14 1 3 56 4 67 45 78 55 86 53 50 39 23 11 92 46 57 16 73 94 66 24 20 41 65 84 49 93 80
    2 25 67 93 54 20 87 44 57 96 76 45 51 11 63 52 55 77 23 24 53 56 1 69 40 92 26 8 82 35 22 43 47 79 6 41 16 37 27 58 36 19 74 73 46 29 42 90 28 94 13 85 75 83 80 61 10 39 7 49 5 32 21 64 15 86 81 4 60 31 38 50 70 33 68 12 59 65 62 9 72 71 66 17 89 78 34 48 3 91 88 84 95 14 30 18
    61 54 2 48 86 46 96 90 24 11 12 59 62 67 64 13 28 51 91 95 84 20 58 14 68 25 1 39 94 55 7 37 10 29 43 23 34 65 21 49 71 82 73 3 93 27 53 41 44 70 78 32 63 47 33 92 66 6 16 57 19 88 4 81 56 38 9 36 74 42 76 77 17 30 50 60 31 72 87 40 79 26 22 85 83 35 75 89 18 52 15 80 45 69 5 8

