97

    11 82 24 57 26 68 51 58 28 48 89 14 38 33 85 71 87 44 19 74 4 92 23 29 77 9 64 12 39 37 47 49 3 13 50 90 1 18 70 79 95 42 7 67 31 17 6 43 62 36 20 10 54 46 5 27 97 88 55 16 15 94 72 80 41 21 86 83 45 35 84 75 96 63 32 22 66 78 59 93 61 73 40 53 65 76 8 2 25 69 30 52 81 91 34 60 56
    35 37 21 97 61 71 14 34 90 9 50 87 80 16 8 68 31 30 4 74 48 47 3 95 12 76 2 26 45 29 91 40 65 75 42 7 41 18 70 27 64 69 51 82 52 19 55 96 11 73 10 6 66 83 44 17 54 49 93 94 59 86 13 81 72 23 28 60 85 25 22 92 15 32 56 53 57 33 1 77 62 78 38 58 24 67 88 46 79 43 36 89 63 5 39 84 20
    13 20 81 49 90 88 16 15 51 21 59 67 6 40 2 26 66 73 94 39 61 69 78 9 17 53 43 63 62 38 72 93 25 29 7 48 68 45 75 18 11 83 37 31 42 70 3 35 80 30 79 95 41 14 65 52 60 87 96 74 97 24 47 46 64 84 36 4 82 50 58 89 91 44 57 33 34 32 19 56 76 27 55 23 86 5 1 54 22 8 71 12 77 28 92 85 10
    20 29 8 50 89 93 33 7 45 57 77 42 6 5 86 16 22 37 49 14 92 81 69 58 88 35 12 48 74 85 94 3 52 23 87 40 28 68 84 76 65 55 1 38 26 64 13 53 62 31 4 15 2 9 63 32 82 30 80 71 47 61 66 96 59 39 54 79 19 56 60 41 24 46 91 21 67 10 72 44 18 25 78 27 43 70 11 17 36 75 83 73 95 97 51 90 34
    64 8 67 92 70 30 91 28 97 35 65 1 15 71 32 11 21 3 47 85 72 75 43 31 81 94 44 6 37 19 95 42 23 88 89 50 9 86 61 16 38 48 53 68 41 62 40 76 80 82 34 90 51 22 78 56 12 24 4 73 58 33 57 55 25 7 66 49 10 2 29 77 20 84 27 45 60 14 59 69 17 46 39 79 87 93 52 96 26 74 36 54 18 63 13 5 83
    52 37 88 49 42 70 69 77 47 75 43 95 5 13 28 82 36 76 2 35 24 27 15 39 30 67 16 53 10 92 50 46 64 34 56 71 3 78 44 6 45 29 1 20 62 74 91 19 51 55 94 81 68 12 80 86 7 22 66 40 11 31 84 90 18 85 32 9 65 23 97 41 72 8 14 54 58 33 38 96 26 79 61 73 63 17 57 93 48 21 4 83 87 25 59 60 89
    93 74 2 41 8 65 15 79 45 30 49 34 88 70 6 14 63 77 53 36 90 75 11 1 32 57 82 37 27 68 89 78 80 3 64 16 85 42 62 52 20 55 43 97 10 56 76 72 25 51 21 94 95 9 7 31 18 71 24 44 47 54 13 46 48 81 58 28 17 66 87 39 19 12 69 35 29 38 23 33 5 61 96 86 73 84 91 4 59 83 50 26 67 22 40 60 92
    52 39 83 46 24 95 32 10 51 58 75 85 62 17 23 44 1 57 13 3 18 9 61 65 4 43 30 49 79 60 86 21 55 96 34 48 45 19 67 56 91 8 77 92 54 81 84 68 89 59 14 82 7 12 90 64 35 36 97 20 16 40 38 27 72 94 87 74 76 29 11 37 66 50 70 15 2 28 25 47 31 6 88 69 63 41 93 71 26 78 33 42 22 80 5 73 53
    9 43 42 57 11 18 30 92 50 63 35 53 3 14 55 12 37 69 10 94 70 32 54 67 41 82 52 47 24 31 77 36 40 33 76 23 56 62 19 90 26 44 60 68 83 80 22 39 25 13 64 21 16 71 38 91 95 93 97 1 45 87 2 27 84 46 96 20 89 75 88 29 34 49 81 6 28 59 72 4 65 7 74 5 48 79 66 51 8 15 73 58 85 61 17 86 78
    49 8 7 76 26 68 92 34 27 18 95 93 91 43 29 28 38 87 16 44 85 59 6 70 45 53 17 67 36 63 94 66 33 47 80 22 41 4 25 81 12 32 21 79 5 1 56 54 89 19 57 90 55 83 52 15 69 82 58 84 9 78 65 86 24 14 48 73 97 39 31 51 2 60 11 62 74 35 88 75 13 40 61 46 23 72 50 10 96 64 20 42 71 77 3 37 30
    26 22 23 89 14 45 32 78 66 1 85 67 40 4 51 10 54 35 94 77 56 50 75 55 43 83 76 60 37 20 74 2 39 72 68 24 48 52 79 73 93 95 47 62 42 3 53 86 63 82 8 90 36 19 21 18 25 69 7 44 12 16 92 38 96 27 34 31 58 80 84 17 9 88 41 46 28 57 5 81 29 70 97 64 11 13 91 71 33 49 15 65 6 61 30 59 87
    19 37 78 52 4 47 69 97 12 89 96 92 77 91 28 40 16 1 38 60 53 25 61 8 87 82 54 71 51 18 29 79 22 6 43 88 27 84 34 86 44 64 90 24 20 57 70 11 46 56 58 76 21 59 94 80 74 55 9 36 7 2 26 49 85 10 35 95 30 66 5 13 3 17 50 23 72 42 32 62 93 73 67 81 45 83 31 15 75 33 48 14 41 68 39 63 65
    82 29 95 85 72 97 38 47 70 41 52 14 69 76 32 51 53 8 57 93 46 13 22 7 81 90 88 5 84 6 31 2 11 60 62 34 71 9 16 89 21 77 23 43 39 1 92 80 64 25 67 4 55 35 24 61 30 91 40 83 66 96 15 27 73 36 17 49 54 10 44 12 3 56 26 50 42 74 58 33 68 45 79 94 78 18 28 87 37 48 19 59 75 65 86 20 63
    47 42 62 80 35 29 41 96 82 6 56 46 65 71 92 23 83 24 31 33 60 25 76 15 16 61 26 4 63 55 44 2 18 87 28 27 7 21 12 49 32 8 17 85 77 73 79 84 93 10 43 54 52 45 66 64 89 75 20 51 38 37 50 22 72 74 81 40 68 48 59 34 3 88 78 11 9 53 70 94 1 13 90 5 19 57 36 39 14 69 30 86 67 95 97 58 91
    38 57 91 45 64 80 62 44 61 73 63 87 20 24 90 16 75 25 34 67 88 31 74 15 76 86 85 7 54 30 23 9 43 72 60 65 22 19 66 5 89 53 36 37 8 4 28 58 69 39 93 55 42 12 48 26 18 82 59 71 11 40 70 1 35 13 10 49 52 81 17 78 50 92 84 47 77 56 46 27 96 51 83 97 29 32 2 79 68 95 6 94 33 3 21 14 41
    26 13 24 29 40 35 41 60 90 39 73 80 75 1 62 59 31 72 22 97 91 32 96 81 30 47 65 48 94 68 77 23 17 93 63 12 5 7 78 74 79 53 69 82 88 49 56 51 4 92 85 54 38 61 45 64 11 20 10 43 9 33 67 58 46 27 42 84 76 21 66 15 34 16 18 71 2 55 8 70 28 25 36 87 14 19 83 52 86 50 95 89 3 37 57 44 6
    67 33 72 76 68 80 37 13 30 11 77 70 35 43 74 6 86 92 12 78 23 62 95 81 22 40 32 14 24 39 93 7 94 44 17 20 48 9 79 41 36 59 8 89 5 71 53 38 88 52 50 21 29 64 96 63 61 34 26 84 25 58 15 91 54 82 2 18 19 66 69 1 47 85 51 10 65 31 56 42 28 55 3 4 97 27 60 75 87 16 46 90 49 57 83 73 45
    11 43 17 9 79 64 35 47 70 84 34 89 52 23 19 59 12 50 82 66 41 33 16 92 85 69 1 32 27 77 13 31 62 78 86 7 10 48 22 80 4 58 93 73 37 61 15 18 76 53 65 44 29 87 83 3 30 72 63 38 90 67 88 24 28 46 49 21 51 40 2 95 56 55 75 25 20 54 68 74 39 45 91 8 57 71 5 97 96 6 94 36 81 42 26 14 60
    97 84 26 14 2 54 90 96 50 1 32 8 71 47 65 10 63 94 36 49 78 48 73 70 52 22 35 7 61 4 6 58 80 91 87 30 5 95 76 77 12 57 27 45 75 86 11 89 44 15 38 17 66 56 33 60 37 88 67 55 3 13 39 40 81 46 93 85 31 20 16 83 68 79 43 62 53 42 74 9 41 18 69 59 92 21 23 34 24 82 25 64 29 72 51 19 28
    92 15 29 41 50 57 38 82 91 48 53 1 14 85 79 28 16 8 80 42 75 37 46 36 49 77 72 45 88 3 56 68 20 17 87 10 70 33 76 94 31 66 69 86 73 25 9 93 5 34 6 35 58 59 90 32 96 78 61 4 65 84 44 63 95 12 89 30 24 7 43 2 64 40 83 52 13 18 71 55 60 67 47 19 22 23 54 21 11 62 81 39 27 97 74 26 51
    14 82 66 78 48 37 91 90 86 55 33 17 58 76 20 35 18 71 10 15 8 89 72 31 51 65 36 70 40 68 54 53 83 30 2 23 34 77 59 22 9 73 24 56 81 75 67 74 52 29 88 80 97 69 32 50 47 38 1 12 41 28 46 42 49 62 95 11 61 16 27 3 21 43 44 87 25 26 6 39 85 79 4 96 7 5 45 60 84 92 63 13 64 94 19 57 93
    73 15 54 81 34 49 18 30 66 42 64 39 22 83 4 10 45 87 75 62 61 27 60 19 88 14 33 70 56 44 68 28 13 89 6 12 82 55 17 37 96 93 67 77 7 43 71 5 86 84 38 41 53 29 48 94 2 9 47 80 58 95 23 79 31 69 1 8 21 57 72 92 46 78 25 35 3 26 20 40 24 85 91 65 63 74 36 97 50 76 90 32 51 59 16 11 52
    55 32 16 91 74 25 17 5 95 23 92 39 97 66 72 27 61 82 48 62 87 20 33 10 67 73 4 53 59 7 18 37 45 41 94 22 14 28 30 1 31 49 81 69 21 35 8 19 60 71 52 6 15 40 90 84 12 65 11 64 57 79 47 83 96 77 88 2 56 68 13 24 50 36 75 44 78 86 51 63 43 26 54 80 46 38 93 70 3 89 58 29 34 42 85 76 9
    70 88 67 49 20 48 13 6 82 74 96 27 87 94 57 63 21 56 14 41 52 65 1 9 51 68 76 83 66 25 16 42 86 4 17 93 29 54 26 60 61 37 50 33 77 24 69 53 8 46 5 92 28 78 72 45 11 3 58 75 38 40 23 90 34 55 84 59 30 73 43 19 22 79 71 2 95 7 97 62 35 80 81 39 10 12 89 44 85 91 15 47 18 31 32 36 64
    38 64 32 55 97 96 79 76 49 43 15 48 36 59 31 90 94 83 10 9 67 14 16 63 95 80 19 40 6 68 53 4 26 35 29 57 13 7 70 50 24 69 20 28 66 56 75 60 61 62 72 23 52 18 47 25 37 8 22 93 33 41 39 82 34 11 92 1 3 58 89 46 85 5 30 65 87 2 84 91 74 17 45 73 51 12 21 78 81 86 71 44 27 88 77 54 42
    7 19 31 43 29 85 86 51 12 22 58 78 46 73 84 39 25 8 34 83 36 2 95 52 41 94 48 40 75 42 65 33 44 49 16 61 62 35 17 89 90 18 59 5 80 6 47 1 72 71 30 56 50 27 38 76 68 82 88 20 93 15 3 92 32 57 66 10 60 63 96 55 64 11 69 97 9 26 87 13 23 74 21 79 24 45 77 91 67 14 37 81 4 28 70 54 53
    53 55 24 19 9 97 58 59 12 94 70 50 4 74 57 36 92 46 73 37 77 61 52 10 68 43 48 81 6 66 3 1 82 41 85 72 18 67 75 21 35 44 80 14 27 51 15 63 32 65 13 62 23 30 42 29 39 76 88 20 31 90 93 47 86 25 84 40 2 89 60 26 87 17 79 22 69 78 56 38 95 34 54 11 16 49 64 71 91 8 33 96 45 5 7 28 83
    3 93 32 86 85 95 82 13 70 49 36 47 76 7 29 45 14 34 6 46 20 60 26 50 91 8 54 89 19 74 73 5 51 62 18 42 57 48 94 61 58 84 10 31 72 92 35 15 27 53 39 75 55 23 21 22 64 56 25 1 87 41 97 40 4 69 38 59 63 2 65 78 30 44 16 37 28 68 80 96 17 52 33 24 43 67 11 9 88 79 90 81 71 66 83 12 77
    65 83 59 67 63 29 66 32 85 16 48 40 94 33 87 27 64 9 18 23 56 1 72 97 6 43 22 53 80 84 77 90 8 49 74 69 50 26 2 73 57 10 70 75 78 17 89 13 35 25 68 3 4 54 28 20 12 24 47 11 58 42 46 52 39 92 31 7 44 95 5 71 34 55 15 79 36 61 38 93 51 96 62 19 37 91 30 86 88 14 82 45 41 81 76 21 60
    32 78 67 19 75 4 34 39 62 28 97 24 80 55 56 43 31 60 74 91 52 61 26 59 37 3 5 92 50 82 29 69 49 23 12 76 90 22 58 86 42 89 72 57 11 85 30 16 53 95 2 47 77 6 96 38 48 63 27 87 21 44 46 65 81 70 68 66 51 7 40 36 13 64 20 84 1 18 54 93 41 88 10 45 14 94 73 35 15 9 79 8 71 17 25 83 33
    95 63 4 49 60 62 76 72 65 69 31 77 18 24 25 87 38 44 55 3 30 92 74 8 46 50 5 75 68 10 1 21 33 7 70 39 91 20 78 90 88 67 59 56 26 32 83 79 73 37 48 29 58 47 80 22 96 15 11 71 35 28 43 81 52 82 36 13 51 45 66 41 94 23 16 34 89 61 85 57 42 93 84 9 12 17 54 86 14 97 19 40 53 64 27 2 6
    88 20 69 85 81 62 35 1 60 80 97 76 24 66 53 36 72 23 3 83 56 58 82 29 25 44 15 45 57 2 27 77 38 93 6 91 9 90 11 87 75 39 63 64 30 96 84 14 89 94 49 54 40 70 16 95 78 26 67 51 65 32 5 43 61 22 46 68 37 86 79 28 31 4 59 13 18 41 33 50 34 74 8 42 19 7 47 92 55 17 73 12 48 71 10 52 21
    43 93 3 94 96 55 23 82 69 68 74 58 56 49 1 77 37 65 46 57 28 40 6 13 90 75 15 48 66 17 38 44 72 19 88 39 8 47 32 60 35 4 45 52 71 31 27 50 73 95 61 12 7 29 85 30 18 53 97 92 22 9 20 84 67 81 5 41 89 80 63 2 86 83 25 26 33 78 54 10 34 16 76 59 24 11 87 21 14 36 64 42 79 51 62 70 91
    6 33 51 95 23 84 35 25 72 96 94 91 49 64 79 56 93 68 12 38 97 77 52 37 17 87 83 32 76 44 69 80 78 92 62 53 57 13 19 58 90 18 75 15 43 59 42 22 50 85 54 34 31 36 63 48 66 1 28 46 21 47 5 45 11 67 89 70 4 10 41 16 55 71 88 24 20 14 73 8 39 7 30 81 82 86 2 61 26 40 9 74 65 3 29 60 27
    50 2 70 56 59 83 5 31 44 6 80 42 12 60 21 22 46 63 26 73 40 91 89 24 97 20 77 58 49 48 29 79 75 47 54 53 87 93 18 52 36 3 95 9 15 34 68 32 17 57 62 27 30 74 96 10 55 86 66 92 1 28 71 11 64 88 38 51 84 35 90 13 8 43 19 94 7 16 69 67 39 72 82 78 33 81 65 4 61 41 45 23 14 25 37 85 76
    60 32 95 75 56 88 96 45 25 42 41 57 59 10 89 49 15 82 50 79 9 87 18 29 26 97 58 38 5 34 44 63 17 68 14 92 85 70 48 72 65 6 51 67 83 53 35 28 78 33 94 90 30 8 55 23 73 1 76 40 66 31 93 19 64 61 52 13 46 2 27 69 4 84 47 54 21 20 7 16 3 24 36 37 22 12 43 81 39 86 80 74 71 11 91 77 62
    31 50 89 40 42 82 62 2 45 61 54 60 4 28 33 51 1 21 27 12 24 18 84 8 78 63 68 94 13 47 6 97 67 22 87 93 70 49 86 57 85 91 20 7 69 9 36 3 75 55 46 39 16 29 83 48 81 79 14 71 92 30 34 44 77 73 43 95 26 15 37 90 23 80 35 52 59 96 5 56 65 41 32 17 19 11 66 10 64 25 74 88 72 76 58 53 38
    52 59 31 25 50 23 14 85 13 5 9 62 68 24 38 51 89 36 74 82 37 69 53 94 29 6 34 58 56 71 41 16 33 28 96 66 40 27 73 83 79 44 95 57 48 92 49 42 43 61 54 35 26 97 4 20 2 3 67 78 90 84 64 8 86 91 63 11 45 39 55 81 18 22 12 7 30 72 21 70 46 93 76 65 32 17 60 1 77 75 87 88 10 80 47 19 15
    26 54 41 29 39 58 38 93 1 8 22 23 31 83 43 17 68 81 49 60 36 77 11 80 18 20 78 33 19 92 64 72 4 12 10 6 75 27 89 69 16 53 52 71 94 28 86 45 82 56 51 55 13 14 76 24 3 67 66 21 2 50 61 79 73 59 87 96 65 88 70 84 40 44 46 97 25 57 74 90 7 47 30 5 9 15 32 35 48 95 42 85 62 34 91 63 37
    29 41 50 13 65 38 74 8 42 91 96 2 67 17 54 32 33 34 44 52 55 11 15 88 47 87 37 35 24 43 23 21 3 49 48 53 72 51 94 64 78 81 79 28 76 69 58 46 86 92 1 82 12 14 59 85 77 40 80 75 31 30 7 97 10 20 36 62 60 68 57 26 5 6 84 63 27 89 70 9 61 95 19 16 90 71 18 4 73 56 25 83 45 93 66 39 22
    83 11 78 21 41 17 59 8 12 36 27 16 13 84 92 28 87 90 40 1 33 32 72 73 45 7 86 77 61 80 25 22 47 34 97 63 51 54 19 26 74 30 38 10 39 6 20 49 58 57 18 93 88 35 55 37 64 3 95 89 50 75 52 15 44 65 46 76 23 70 60 68 14 9 31 96 85 91 29 4 79 69 81 48 24 66 5 62 53 67 82 94 43 56 42 2 71
    97 90 7 83 73 5 93 37 15 48 24 70 63 77 87 43 42 46 76 84 19 79 59 3 31 26 23 80 10 91 34 22 72 27 62 11 56 96 8 51 36 32 71 38 28 18 64 35 89 81 33 74 68 57 61 86 67 55 75 45 17 65 69 20 2 82 44 49 21 1 95 25 6 60 85 39 54 4 41 94 13 9 47 50 92 16 58 52 12 53 66 29 40 88 14 78 30
    93 20 32 50 24 97 96 54 17 56 94 49 1 71 61 9 66 60 36 27 83 80 77 81 40 28 8 22 30 70 62 91 5 26 65 84 37 44 2 4 41 31 35 76 58 21 92 48 10 47 68 73 57 29 23 42 45 69 87 14 6 12 82 90 86 53 13 74 72 78 63 39 19 89 51 95 64 52 15 67 16 46 55 79 11 18 88 59 38 85 43 7 75 3 34 33 25
    40 35 84 65 11 21 28 64 19 80 97 91 44 94 14 46 58 42 69 37 7 59 54 87 55 2 49 17 34 13 25 86 38 36 32 10 70 3 78 82 76 27 29 20 52 18 45 48 31 63 15 85 90 56 53 8 26 74 39 88 9 68 57 22 41 30 96 95 33 72 24 4 47 71 73 43 61 81 93 1 62 66 77 16 83 5 67 12 23 51 89 60 6 79 92 75 50
    63 11 61 66 31 48 84 65 75 23 10 44 82 89 16 64 34 88 35 14 59 81 41 62 30 55 56 33 69 4 17 60 49 20 90 58 77 6 74 45 28 57 25 52 70 53 22 29 46 79 3 19 50 85 18 15 78 51 54 8 42 80 76 96 87 36 2 38 21 37 13 91 72 92 39 68 73 26 47 94 86 83 97 32 93 40 67 1 71 27 7 9 12 24 43 95 5
    85 47 11 40 70 2 24 43 48 14 89 90 87 35 97 76 82 26 16 29 56 77 92 55 54 9 41 72 21 42 25 17 68 3 39 83 60 96 10 18 86 19 69 73 88 65 5 59 32 46 30 67 15 94 7 20 38 6 37 57 93 95 66 45 84 81 61 79 74 63 91 31 71 4 49 58 34 51 28 78 12 50 44 75 36 53 80 22 13 8 64 62 52 33 27 1 23
    92 30 93 32 74 12 51 77 95 47 63 35 86 27 71 70 22 85 56 40 2 82 81 60 14 89 6 20 15 18 67 34 62 7 76 10 39 13 50 78 72 41 29 90 57 28 80 5 88 31 58 44 26 84 55 21 42 33 43 96 17 53 61 59 48 23 46 8 91 1 75 69 19 45 64 66 4 54 25 24 83 49 38 79 9 3 52 16 97 94 11 68 87 36 73 65 37
    70 50 24 79 9 13 60 51 10 94 49 84 26 73 25 89 46 93 45 23 39 41 42 72 8 22 57 34 54 67 63 12 1 53 15 31 47 97 77 29 71 17 80 16 85 7 61 35 18 95 40 44 6 78 92 43 21 62 69 83 82 20 68 5 2 36 76 38 37 91 66 88 81 30 28 74 52 4 64 59 56 55 11 32 33 14 75 87 3 19 96 48 27 86 58 65 90
    38 96 86 73 54 83 30 6 14 11 89 46 60 50 84 23 93 32 27 31 61 15 68 90 66 76 7 36 17 75 92 97 18 88 81 44 53 16 72 91 9 13 48 62 74 45 4 3 80 19 34 33 58 65 39 64 63 26 79 42 77 85 70 59 57 12 56 51 25 95 10 55 1 22 21 69 94 2 28 24 8 52 35 43 47 71 49 67 87 41 37 5 29 20 82 78 40
    36 49 15 3 28 72 97 87 2 34 70 76 9 32 63 91 61 90 51 79 62 1 66 48 21 10 13 27 52 45 74 77 8 55 78 86 65 22 59 42 25 39 43 57 17 83 71 44 31 64 54 60 41 4 38 67 92 5 46 37 40 94 29 26 16 84 19 6 75 14 11 85 96 80 12 69 53 33 81 23 82 24 73 30 93 58 56 50 7 20 89 47 95 88 35 68 18
    4 70 32 41 38 18 48 61 64 74 43 73 80 26 72 96 63 31 65 22 5 62 6 9 88 81 12 16 59 87 50 55 92 15 75 21 29 28 68 71 49 14 19 36 33 54 17 8 20 11 13 7 57 40 95 37 47 2 39 89 84 91 77 69 3 34 25 85 76 93 78 97 86 42 35 67 82 79 83 94 24 27 52 90 51 56 23 58 53 60 46 44 10 30 45 1 66
    57 85 6 78 49 25 81 87 44 71 33 66 19 36 20 52 75 83 79 38 47 88 39 2 54 91 37 45 7 60 1 11 77 72 17 62 92 35 64 59 51 21 86 12 29 76 68 24 40 46 93 9 16 95 80 70 82 61 3 23 48 4 50 8 15 96 27 28 13 41 90 56 32 69 58 14 94 97 43 53 26 63 5 55 89 34 31 73 84 10 42 18 22 74 67 65 30
    40 29 51 44 75 65 66 70 2 10 72 8 3 26 83 35 4 58 27 80 11 54 77 78 89 39 13 42 6 82 30 62 87 38 97 55 48 23 81 61 19 34 32 57 47 90 24 25 79 37 91 31 49 28 88 94 16 21 68 7 33 45 9 59 53 18 71 60 15 85 86 17 84 74 63 67 93 12 50 76 5 64 36 56 14 1 20 73 69 96 92 46 41 22 52 95 43
    51 43 73 29 96 22 60 21 15 42 81 83 70 6 33 58 41 47 57 61 30 11 9 5 35 3 14 91 63 79 10 95 13 69 66 87 62 92 40 84 23 94 68 44 74 55 82 80 45 90 76 77 88 89 19 20 37 34 52 59 31 64 97 53 17 16 71 4 39 7 26 38 50 28 93 12 49 25 27 78 56 18 85 75 1 86 67 54 36 72 46 24 8 32 48 2 65
    58 59 65 56 44 51 70 12 94 77 61 95 85 31 67 71 6 63 39 29 42 45 11 57 68 4 13 81 93 72 74 82 73 34 78 62 84 89 20 17 76 64 75 86 27 41 49 55 47 19 7 92 18 48 9 60 22 2 10 35 66 16 28 88 1 87 23 52 54 91 83 53 80 5 25 79 3 50 15 14 97 26 33 43 46 69 37 90 8 38 21 40 30 36 96 32 24
    69 52 67 62 64 11 85 92 73 39 9 81 35 46 51 95 17 1 82 48 23 13 58 59 10 44 57 66 33 61 75 50 12 97 3 80 63 7 84 19 25 29 90 54 83 15 6 43 88 65 40 94 27 31 49 74 60 86 93 14 45 21 53 4 89 28 37 42 76 78 71 30 41 32 91 20 34 8 24 47 18 72 36 16 68 79 22 77 87 96 70 5 55 26 38 2 56
    66 29 12 65 63 68 21 25 41 59 42 84 77 32 9 40 82 20 87 67 85 83 34 47 74 46 75 38 44 53 52 27 56 5 50 35 55 45 92 71 54 91 62 90 39 96 94 64 33 58 11 22 15 61 28 3 2 43 72 80 13 97 89 36 95 10 73 79 8 31 69 26 49 57 93 76 4 86 23 7 16 14 30 24 1 70 48 19 78 6 60 17 51 88 18 37 81
    16 92 70 21 23 80 55 56 78 42 65 81 38 49 19 14 46 28 17 48 73 67 60 9 10 35 68 32 12 88 91 77 90 6 95 2 31 84 3 44 87 18 15 1 25 33 11 71 82 45 20 58 36 75 63 93 69 51 64 40 57 96 74 5 7 13 22 89 62 72 59 86 50 54 34 24 41 26 27 94 83 4 53 8 37 52 29 97 66 61 39 79 47 76 43 85 30
    17 30 84 38 41 74 3 51 63 71 29 92 28 76 45 96 5 19 83 79 4 23 39 68 33 72 13 31 15 16 48 78 85 26 54 14 95 2 89 64 36 1 59 22 65 53 9 20 93 42 21 52 25 35 46 32 73 70 12 37 77 34 97 91 88 10 75 58 62 87 57 7 86 80 8 43 27 60 66 67 90 24 82 11 44 55 61 81 6 94 18 50 69 47 56 40 49
    85 20 14 62 60 22 40 53 59 56 21 16 51 12 54 39 81 27 68 52 44 50 84 13 75 35 28 64 87 58 96 41 3 6 49 23 9 38 30 73 78 94 72 55 83 47 2 97 63 17 11 57 67 48 4 31 46 95 32 37 5 15 89 7 10 33 8 45 74 36 88 80 92 82 61 91 42 69 19 24 76 43 79 1 25 93 86 90 70 34 71 29 26 66 18 77 65
    58 64 35 96 71 85 52 30 94 79 22 27 61 86 45 25 88 38 95 93 2 57 16 56 24 18 33 89 66 40 68 90 51 29 47 34 1 60 43 75 23 92 81 91 76 53 72 12 44 77 14 36 62 41 74 21 9 15 3 54 87 4 26 50 31 17 13 49 46 83 67 6 78 48 37 84 32 20 97 55 59 82 73 70 42 19 11 7 80 8 39 5 69 63 10 65 28
    91 87 23 97 12 35 39 93 67 78 77 80 48 9 92 31 83 45 55 58 71 74 8 65 6 95 72 81 19 17 76 41 18 62 89 42 70 1 29 63 36 85 15 32 94 30 49 51 11 43 3 5 27 16 25 84 50 26 33 14 53 46 61 64 86 96 20 21 90 40 10 7 88 38 47 2 82 52 59 79 34 44 54 69 28 13 24 37 57 60 4 73 56 22 75 68 66
    77 93 95 22 68 3 56 44 54 9 57 4 1 25 34 62 49 63 33 88 46 27 86 35 43 94 14 55 69 48 92 96 71 72 31 2 89 11 90 83 76 91 70 60 45 18 47 75 82 12 65 97 24 29 74 84 20 58 37 59 38 21 52 28 42 15 16 40 51 13 32 39 23 87 64 19 50 5 17 26 78 81 66 36 7 53 79 8 67 30 73 6 10 41 80 85 61
    84 42 47 82 15 9 12 53 3 95 56 92 2 86 13 67 46 4 28 69 57 22 37 43 68 90 29 25 93 49 85 71 60 61 34 45 97 35 11 38 24 16 5 30 65 81 94 10 80 19 1 27 55 75 50 36 6 54 59 96 77 63 89 7 21 33 41 79 32 74 66 18 44 88 73 8 91 64 14 39 76 87 78 23 52 62 58 72 48 40 83 20 17 51 26 70 31
    65 3 9 20 4 55 50 59 86 54 33 39 73 42 38 8 76 87 71 84 48 41 35 27 88 63 46 37 61 66 24 34 10 47 83 53 15 62 79 56 30 75 90 97 95 77 17 89 80 2 82 72 29 49 57 51 36 96 32 58 1 94 45 85 70 13 22 91 92 21 6 93 74 78 7 43 28 11 5 26 81 19 40 44 18 12 14 16 67 68 25 60 23 52 64 31 69
    35 57 26 8 61 20 12 90 9 21 11 28 36 58 72 37 34 79 80 66 89 95 51 25 15 60 65 68 76 63 49 3 64 83 38 67 40 81 75 22 7 1 18 31 13 77 47 59 16 27 33 92 85 56 50 4 86 87 45 69 2 52 42 54 82 6 97 53 55 19 93 48 78 94 70 5 32 17 46 44 23 39 62 96 74 91 43 30 73 14 10 71 24 29 88 84 41
    18 84 59 78 74 38 21 39 66 2 5 71 54 93 91 20 19 10 48 26 11 97 35 68 14 64 92 58 33 47 7 3 85 76 69 29 72 65 30 87 88 81 44 15 55 79 56 37 23 70 73 49 82 43 4 75 62 22 31 6 25 41 57 42 61 83 86 77 94 89 96 32 63 51 8 53 80 90 1 9 13 52 36 60 95 28 34 16 50 40 17 12 67 46 24 45 27
    71 9 38 69 64 10 76 7 2 23 92 28 47 75 89 67 3 44 91 68 19 36 29 90 14 50 87 34 53 95 55 41 1 65 54 48 82 8 17 58 5 12 57 4 21 66 35 18 27 81 6 16 20 52 84 15 46 94 39 85 97 63 49 51 59 40 25 26 24 96 61 13 31 45 73 43 11 62 72 88 32 70 22 83 33 30 56 93 80 60 42 74 77 86 79 78 37
    93 30 83 9 10 88 23 63 52 6 43 50 25 11 33 71 4 37 18 80 62 66 51 42 89 29 28 95 60 2 65 79 69 41 97 70 61 19 45 15 38 17 78 54 47 27 56 5 94 72 64 81 77 21 57 86 40 22 35 8 34 39 26 74 1 75 55 76 58 49 46 48 73 87 53 20 91 13 90 7 67 59 92 14 44 96 32 3 85 84 82 12 68 31 36 16 24
    87 41 57 84 21 2 19 24 85 42 45 50 18 73 70 40 36 75 35 91 86 16 29 46 66 15 9 95 77 1 34 64 39 47 51 43 32 6 97 56 23 22 90 38 83 48 63 92 25 12 60 5 61 69 30 55 28 62 7 89 93 49 4 52 44 33 94 88 54 11 81 17 65 37 31 78 53 58 96 74 8 10 76 13 80 26 82 72 14 27 59 3 20 79 67 68 71
    59 91 72 19 3 83 64 73 42 92 90 51 6 78 2 37 50 70 44 22 97 58 96 17 54 35 12 89 65 88 71 9 55 86 27 30 53 16 14 39 18 25 68 21 40 5 95 84 75 43 79 13 46 67 11 26 8 74 93 77 7 61 56 20 62 94 38 66 15 4 80 60 49 57 33 29 34 85 24 69 47 36 41 23 32 31 48 81 52 76 82 1 63 28 87 10 45
    26 50 3 58 90 6 70 86 91 56 57 60 39 40 14 31 24 75 55 85 34 11 61 10 53 82 78 79 92 68 81 35 44 22 20 32 43 59 7 42 2 33 27 80 23 67 96 95 13 41 71 15 94 66 97 5 9 29 77 89 65 4 62 16 76 72 8 49 51 84 45 1 83 63 30 19 18 38 87 73 37 93 54 48 74 46 21 52 28 47 36 17 64 69 88 12 25
    37 86 44 46 51 94 1 4 97 43 38 35 63 2 90 77 26 34 88 78 93 22 45 5 69 48 74 87 12 47 14 52 41 80 42 10 21 33 81 68 53 70 83 72 20 3 57 31 79 60 6 13 50 27 30 91 23 11 89 73 16 7 39 84 19 59 75 92 64 18 62 96 54 71 29 25 49 85 28 8 67 65 17 55 61 9 24 40 56 66 82 32 95 58 36 76 15
    54 44 46 10 50 12 33 72 15 49 97 31 14 92 65 32 17 1 76 40 22 94 68 19 20 85 6 79 45 52 53 3 57 73 70 23 47 64 81 2 63 13 88 58 39 80 96 7 51 84 37 42 66 83 89 60 11 8 67 28 93 91 95 24 9 55 16 77 71 78 48 18 35 56 74 87 5 41 43 29 36 21 90 61 38 30 86 27 25 59 62 4 82 75 26 34 69
    55 90 97 77 61 40 29 20 41 58 36 96 69 24 82 76 39 43 86 33 72 84 25 44 11 38 93 32 87 80 42 49 60 50 4 2 15 78 7 6 26 9 46 56 68 1 35 5 51 57 30 81 16 66 73 64 21 14 79 45 27 31 94 85 62 70 53 10 92 83 74 23 95 75 13 19 47 89 17 91 52 18 12 63 28 3 37 34 67 54 65 71 59 8 88 22 48
    40 30 69 34 67 85 72 53 23 68 20 61 33 83 36 94 39 59 16 71 57 55 41 37 79 2 49 12 73 91 29 46 60 35 22 31 87 74 54 14 96 32 75 28 92 64 7 27 45 13 18 11 47 19 56 63 6 52 93 90 62 78 21 58 15 25 4 24 17 65 51 84 42 77 76 44 1 70 8 26 97 10 43 5 66 86 82 50 3 38 80 88 48 95 9 81 89
    28 78 32 53 64 29 72 73 26 36 82 81 76 88 13 35 87 38 5 46 23 3 65 59 58 96 50 31 20 51 67 86 41 12 30 49 22 2 6 43 42 74 52 62 55 60 11 77 4 19 56 24 10 83 33 18 95 40 9 94 97 71 48 21 89 66 70 69 61 34 63 15 44 7 68 39 85 84 91 45 75 8 92 14 80 57 17 25 79 47 16 93 27 1 37 90 54
    24 95 76 56 40 64 55 1 78 27 65 72 62 44 90 79 61 81 2 86 8 36 23 14 18 37 84 39 49 68 69 47 85 13 51 22 33 59 92 50 54 74 30 52 63 66 67 10 29 41 31 20 45 12 73 6 91 4 96 94 75 58 80 9 25 57 93 32 42 16 7 53 82 70 5 21 88 71 87 89 19 83 15 34 46 48 38 60 35 28 3 17 26 97 43 11 77
    57 30 25 63 47 24 71 62 18 74 86 37 44 97 20 42 10 2 92 78 9 79 27 14 67 59 68 88 28 6 75 46 76 21 65 22 5 11 8 41 84 54 72 35 61 16 19 17 4 81 95 94 58 49 93 77 55 73 53 39 96 3 7 33 51 70 89 82 1 60 13 23 52 83 12 90 31 15 43 66 91 56 38 45 80 26 29 69 34 50 32 64 87 36 48 40 85
    65 72 73 34 68 19 9 86 83 57 91 24 45 1 8 28 31 17 46 32 43 33 75 61 55 66 44 35 48 3 85 37 14 25 41 54 92 53 81 87 27 4 12 13 64 36 93 42 39 29 18 50 56 22 97 70 84 6 76 49 23 95 2 79 78 74 11 5 7 94 16 82 58 21 88 52 71 69 26 15 30 38 90 10 67 63 62 80 47 77 96 60 51 89 20 59 40
    32 11 33 18 5 29 96 12 10 64 46 93 15 47 57 31 16 75 45 59 68 40 66 13 53 14 88 4 87 7 58 43 39 54 42 85 84 83 97 6 25 1 69 71 37 95 51 2 38 74 78 26 19 73 49 35 28 20 30 76 36 27 44 55 72 81 61 92 9 91 22 17 3 86 23 21 80 50 77 8 62 67 79 89 82 65 70 60 41 24 52 34 94 56 48 63 90
    91 20 38 16 89 83 65 93 24 86 51 85 13 18 77 66 54 45 50 22 94 32 17 34 46 53 8 88 43 82 11 29 49 44 72 56 10 3 78 31 62 95 6 71 26 81 69 58 87 35 48 5 97 2 60 63 14 73 70 1 47 96 21 30 57 68 61 25 37 64 80 4 92 40 52 41 33 28 79 76 75 27 19 39 90 55 36 15 42 74 67 84 9 7 59 23 12
    63 38 1 57 51 76 81 46 58 66 47 64 54 10 28 52 22 6 29 8 82 67 97 92 17 42 39 26 3 15 40 14 11 73 35 89 45 56 60 78 34 80 18 33 53 83 9 88 36 90 48 55 59 74 93 7 37 50 41 12 87 71 30 44 85 4 72 2 94 24 84 96 68 95 61 20 77 91 69 16 23 25 5 86 21 49 27 13 62 70 43 79 65 19 32 75 31
    9 15 29 96 54 52 64 92 83 70 20 81 41 50 63 66 88 46 94 75 62 11 44 25 69 68 78 67 71 5 42 85 33 43 74 97 82 73 3 77 79 65 22 31 1 51 60 8 80 14 86 53 90 10 87 37 55 36 27 57 26 47 84 89 21 49 12 17 24 23 59 4 38 91 32 40 34 93 45 61 72 58 30 7 6 13 39 28 35 95 76 56 18 16 19 2 48
    75 24 72 26 69 33 96 61 91 2 56 37 64 18 48 67 21 42 81 6 22 11 65 57 84 15 23 10 78 1 28 52 25 5 85 12 51 80 38 90 82 93 32 68 66 88 92 71 43 70 13 14 44 58 50 8 36 83 62 35 89 95 41 20 4 45 47 94 7 79 74 63 3 59 49 17 29 31 54 76 34 86 39 40 97 16 53 87 73 9 46 30 19 60 27 55 77
    95 80 9 85 38 43 88 97 93 75 31 46 73 66 45 70 6 35 81 39 2 15 5 48 40 60 13 82 1 37 34 77 61 54 36 50 83 24 30 57 33 87 28 90 7 67 72 58 18 25 10 12 78 20 68 4 74 11 86 42 27 8 63 71 52 47 14 92 32 89 49 84 53 41 55 17 23 44 56 51 29 26 69 19 16 64 94 96 76 79 59 3 91 65 21 22 62
    10 54 69 82 41 9 19 91 3 44 51 74 67 48 46 58 35 83 39 77 87 4 17 27 33 52 18 78 80 66 11 70 24 72 40 38 65 26 31 8 86 23 22 97 6 90 53 56 88 21 60 47 71 89 96 73 45 16 15 76 81 84 92 28 2 57 32 36 5 29 34 43 20 68 79 62 61 85 93 75 30 63 12 94 49 55 14 50 64 42 59 95 37 7 13 1 25
    59 71 81 14 62 70 22 76 27 31 7 91 55 66 11 68 32 5 84 19 65 42 24 17 47 79 20 45 36 61 89 37 64 90 73 2 21 58 26 56 39 74 38 96 35 94 69 63 43 9 67 34 18 97 95 12 52 41 51 53 54 57 50 46 82 77 72 28 88 23 93 3 13 60 86 83 92 16 48 8 78 85 40 87 4 1 25 10 75 30 6 44 80 29 49 33 15
    83 8 2 94 11 49 5 24 75 1 35 42 89 66 46 60 82 34 22 68 59 80 57 63 87 18 7 79 31 96 65 90 47 71 55 76 88 45 30 97 40 44 17 91 50 62 53 64 6 33 92 23 14 19 27 93 84 72 21 77 20 3 61 4 74 16 12 43 10 86 56 15 81 78 28 54 25 13 51 95 9 32 38 85 58 48 36 41 26 39 69 52 37 67 29 70 73
    71 89 59 77 6 35 52 95 36 39 58 14 97 11 79 22 92 46 19 51 32 65 72 68 83 78 29 44 64 60 24 31 20 26 4 1 50 40 49 76 42 43 41 16 73 53 74 69 10 62 88 8 55 67 63 12 25 70 2 5 96 27 37 38 13 33 93 17 87 85 94 81 82 34 23 18 3 47 7 80 86 30 75 61 91 57 84 45 48 15 56 66 21 90 54 9 28
    93 18 56 77 59 64 62 1 65 94 79 22 87 95 3 12 33 55 27 26 61 30 53 10 39 13 29 15 41 23 96 70 48 11 69 7 14 37 4 40 92 97 34 16 45 78 81 72 68 19 20 58 46 38 28 2 17 85 9 88 83 51 5 86 24 60 91 90 80 43 8 49 89 6 54 44 82 25 74 32 52 35 66 57 31 84 73 67 71 21 36 75 63 76 47 50 42
    70 12 48 17 49 66 23 34 95 85 28 56 36 97 15 74 38 3 81 93 24 79 13 72 46 87 65 80 57 96 39 91 58 10 22 67 1 64 83 37 11 71 18 88 25 75 14 21 5 44 6 42 9 60 26 73 19 50 86 43 55 8 54 40 20 90 63 27 62 33 35 51 77 59 45 76 16 31 7 53 92 41 52 30 2 94 68 84 69 29 78 89 4 61 47 32 82
    59 9 94 40 50 36 35 76 27 58 13 5 67 86 22 97 87 32 56 53 29 3 89 82 34 70 90 52 74 6 77 43 78 25 7 66 19 18 57 41 16 30 39 91 42 15 92 46 8 85 69 75 11 62 1 73 51 24 44 96 37 83 38 4 95 93 31 55 47 72 64 17 21 10 12 14 48 81 61 28 80 54 60 45 2 33 68 84 79 49 26 23 65 71 88 20 63
    83 28 72 77 5 1 76 91 88 39 44 36 86 55 12 22 49 62 64 31 94 82 32 40 60 97 34 47 51 75 19 50 38 37 58 35 73 8 81 80 2 41 92 93 14 67 96 24 71 95 54 48 33 25 53 3 13 69 46 57 43 4 85 6 59 74 18 15 20 70 90 61 29 68 56 26 65 87 84 52 23 30 17 9 16 89 78 7 79 63 10 21 66 27 42 45 11
    5 78 83 86 11 75 12 69 60 95 20 88 76 24 54 49 73 4 2 44 81 10 33 71 41 50 19 43 97 92 7 65 16 40 58 93 36 18 64 32 30 70 67 23 14 77 63 52 22 59 34 84 17 15 26 68 39 74 48 57 1 9 6 31 53 42 89 8 87 27 3 46 96 38 66 61 79 62 56 37 55 47 94 82 45 21 35 80 25 29 28 72 51 90 85 91 13
    97 84 38 58 75 94 68 76 39 71 37 36 25 81 63 13 51 6 89 47 73 85 1 26 88 62 91 87 95 40 5 90 96 77 92 72 28 82 4 53 11 12 20 31 66 2 34 70 55 3 69 60 67 57 33 41 46 18 10 14 83 48 64 17 74 93 44 45 65 35 79 86 80 8 43 59 22 16 27 23 15 29 54 21 61 50 24 30 56 49 32 19 42 9 52 7 78
    54 79 28 46 58 18 22 93 25 97 74 53 69 3 14 13 26 35 61 84 64 36 85 51 86 42 29 47 43 1 76 90 21 20 70 71 41 30 9 52 75 11 56 60 15 59 6 40 5 89 57 83 66 62 39 80 37 96 81 63 44 94 87 73 27 91 17 50 10 2 82 45 67 92 55 12 7 16 23 31 24 33 95 72 19 68 32 49 38 77 88 65 48 4 34 78 8
    61 93 36 38 15 76 75 19 33 50 88 35 27 64 18 7 87 17 39 21 90 1 52 4 68 78 5 34 13 54 46 16 85 41 29 59 55 40 80 42 3 97 69 28 44 23 12 57 11 81 66 74 63 6 65 73 8 95 83 49 14 30 60 10 45 51 20 31 24 56 53 26 92 89 37 22 79 25 71 67 96 84 62 2 91 72 47 86 32 70 43 77 48 58 9 82 94
    90 76 95 83 59 23 14 8 46 7 67 82 56 73 34 28 12 50 74 26 79 33 86 29 51 18 78 37 19 45 53 15 47 80 69 17 68 66 92 32 96 21 36 94 27 10 72 58 49 87 11 88 48 57 2 93 39 42 16 22 1 13 20 62 77 84 24 30 41 60 89 64 38 5 9 3 63 75 97 81 6 43 31 4 54 44 52 61 91 70 55 65 35 40 25 85 71
    97 27 46 53 85 41 74 17 95 77 24 22 49 67 54 57 52 20 23 91 43 89 58 65 73 7 42 21 37 62 8 5 63 4 1 25 72 75 60 11 50 93 28 40 83 79 13 94 56 90 51 66 9 32 39 84 96 33 29 71 61 34 86 36 81 64 47 45 68 80 12 26 59 69 2 87 16 10 44 35 30 70 31 38 6 55 18 76 78 14 48 3 92 88 19 82 15

