98

    84 57 63 50 88 37 29 5 97 52 10 87 92 71 72 86 12 65 14 35 75 66 16 8 32 90 74 69 21 79 80 28 20 95 77 58 89 83 94 60 48 67 68 9 26 17 18 56 76 25 64 24 39 54 43 49 70 31 36 4 22 1 15 19 59 73 78 46 42 6 13 53 38 93 61 3 82 45 7 96 44 30 47 33 51 2 91 81 11 41 62 55 85 40 34 27 98 23
    85 54 33 69 16 32 61 46 28 13 53 70 26 43 12 2 57 27 47 77 21 56 51 41 20 22 74 19 63 8 88 37 68 83 96 15 40 17 95 64 82 91 7 62 55 66 1 93 45 3 31 39 9 90 98 76 25 72 44 34 79 94 84 36 38 48 78 60 23 29 73 58 4 14 67 11 97 65 81 75 42 35 30 59 49 80 10 50 87 5 92 86 24 6 18 89 52 71
    53 58 87 40 74 25 86 39 7 95 50 38 83 32 34 3 49 80 81 63 23 45 18 56 70 61 36 65 94 71 19 21 68 93 73 5 43 96 46 69 4 24 59 27 6 37 26 10 90 91 30 77 20 54 42 28 79 75 15 76 51 92 72 66 47 52 78 22 41 57 82 8 48 64 85 98 35 13 55 67 62 9 89 11 12 33 17 14 1 84 60 29 16 97 88 44 2 31
    61 44 29 84 38 15 4 8 24 90 81 94 9 7 80 26 72 12 43 97 74 78 22 40 21 53 1 57 79 32 17 56 19 10 27 85 92 14 66 58 91 89 73 59 2 30 5 3 76 31 45 51 77 25 65 60 98 13 88 18 48 86 34 62 6 67 28 87 83 23 96 11 95 70 69 47 49 39 54 42 37 41 20 46 63 52 64 82 50 75 36 55 33 35 68 16 93 71
    84 50 25 57 20 22 56 2 74 28 63 96 69 38 53 65 41 47 80 37 90 13 54 15 24 95 33 89 5 32 88 58 31 36 59 81 17 60 72 92 4 67 9 97 76 29 23 78 86 79 61 43 14 73 62 34 66 35 6 52 46 75 44 26 94 16 3 83 7 64 45 70 19 93 27 8 51 42 68 48 12 21 91 71 39 10 49 40 77 11 18 1 30 98 85 87 82 55
    69 60 73 66 89 68 32 39 55 35 30 90 65 52 91 22 86 29 36 70 7 1 76 27 59 78 47 3 20 98 40 95 33 77 56 62 13 82 79 49 2 28 25 83 97 23 87 96 26 64 8 5 43 53 37 34 51 19 38 21 9 67 12 61 45 54 88 16 74 18 10 92 6 93 84 71 46 15 41 17 14 94 75 57 85 4 44 80 72 42 63 11 50 48 24 31 58 81
    46 62 43 42 14 86 4 56 89 44 32 53 27 33 48 61 76 38 67 83 34 31 24 69 95 41 65 15 63 58 1 6 80 39 59 60 93 29 5 16 22 23 25 74 92 12 50 64 66 9 51 3 54 88 37 47 81 73 49 11 97 35 94 71 96 7 28 90 87 18 17 70 19 75 10 45 78 84 40 68 55 13 36 2 20 85 57 21 72 52 77 26 79 82 8 98 30 91
    16 57 63 54 13 96 34 26 98 56 93 17 94 87 1 44 25 65 22 31 86 92 20 29 55 88 2 69 68 85 8 81 6 76 36 91 28 78 11 33 32 79 48 30 59 95 21 60 70 97 82 12 71 89 14 46 72 23 18 9 90 75 24 80 7 62 53 47 73 40 67 41 61 49 50 84 39 27 5 4 43 38 51 64 52 45 15 37 66 58 42 35 10 3 19 83 74 77
    45 40 78 12 70 21 86 41 65 34 77 87 64 67 84 28 25 60 27 74 80 30 55 98 6 47 68 3 97 36 44 43 92 17 56 1 66 85 61 91 71 31 18 95 7 90 63 49 19 52 5 57 2 46 53 96 13 8 20 69 59 62 76 42 88 58 50 32 29 16 89 14 15 24 38 23 82 22 83 26 35 73 51 79 9 72 93 33 39 10 94 4 81 48 54 37 11 75
    14 56 78 95 66 25 55 97 42 76 74 40 13 9 48 77 47 16 90 67 23 4 18 20 87 54 73 11 59 21 80 17 64 38 15 30 79 50 8 12 60 29 45 28 84 26 68 98 6 3 43 96 88 70 49 57 94 34 83 85 24 65 35 92 31 69 27 82 89 39 53 41 7 71 86 72 63 52 62 51 10 36 61 93 32 46 44 58 37 22 19 91 1 75 33 5 2 81
    70 98 48 89 80 23 55 25 71 49 36 65 41 43 3 42 11 1 12 69 52 29 37 97 85 17 94 21 28 45 77 51 79 73 32 31 72 8 84 33 78 22 4 46 9 75 56 6 53 61 18 44 68 96 20 64 5 50 95 2 81 10 67 63 62 57 15 60 82 93 58 27 83 59 35 7 66 54 30 76 40 24 86 26 14 13 38 47 87 92 90 34 74 39 16 19 88 91
    5 64 98 49 71 74 36 34 80 58 67 14 41 65 40 73 63 13 24 88 89 55 31 43 53 29 83 15 47 11 10 96 39 32 75 37 25 35 33 84 28 86 54 62 59 27 7 78 95 82 52 79 46 85 22 2 44 38 72 61 17 45 18 94 93 66 70 91 50 56 90 92 76 6 19 51 30 1 23 48 21 77 97 69 60 12 68 57 26 3 9 20 4 42 87 16 8 81
    13 56 61 91 31 50 37 42 35 87 18 85 21 80 38 41 84 93 74 1 24 76 19 10 66 8 53 81 75 45 43 77 39 83 32 28 54 57 60 6 33 65 3 62 7 79 5 47 68 92 46 59 97 12 64 15 88 55 94 22 44 36 25 16 71 48 49 20 78 73 34 4 90 26 96 70 63 40 98 52 2 29 95 89 72 58 82 51 27 23 69 17 86 30 9 11 67 14
    6 75 29 3 11 65 31 21 58 91 24 66 43 70 42 69 46 23 73 74 88 50 12 52 55 54 60 98 89 4 57 27 20 5 28 79 86 13 8 25 94 51 56 83 76 61 90 97 37 26 63 44 9 18 7 15 47 35 1 32 2 59 36 64 53 49 82 78 17 84 81 34 96 92 77 33 67 30 38 80 22 14 10 45 71 41 62 39 48 85 95 93 87 16 40 72 68 19
    46 57 42 5 82 15 62 89 30 47 79 7 26 23 1 9 36 45 2 68 32 31 74 34 4 77 49 35 12 69 59 22 29 97 94 11 21 53 25 88 60 64 86 73 8 33 51 71 83 20 70 85 98 16 78 37 19 66 95 91 3 6 14 93 44 81 55 43 41 90 54 39 52 84 50 58 10 40 18 38 27 48 96 75 61 24 80 76 65 87 67 72 56 92 28 63 17 13
    72 31 77 16 30 86 67 4 42 51 38 76 11 84 58 26 34 13 87 19 82 20 75 47 6 28 8 17 89 69 43 39 40 3 37 68 81 79 61 80 93 95 57 48 85 92 90 22 83 25 36 1 63 94 29 7 60 66 70 15 97 33 59 24 2 65 46 56 5 50 96 88 35 14 18 44 10 52 64 45 41 21 74 62 73 71 32 54 91 23 12 27 49 78 9 98 53 55
    91 46 36 64 93 35 47 1 62 33 32 67 10 50 70 74 4 34 27 8 21 81 58 75 5 57 65 26 30 28 37 87 53 39 90 22 88 25 96 66 68 82 12 84 97 95 63 9 73 54 16 77 29 56 40 83 6 44 85 51 76 2 14 23 24 31 59 3 42 72 71 41 45 13 20 49 89 86 18 79 94 60 78 38 98 7 48 11 52 17 80 69 43 55 15 19 61 92
    53 88 94 52 38 57 66 46 72 30 70 13 86 32 74 63 23 92 83 54 37 41 16 49 14 84 2 5 3 18 22 12 35 51 20 15 58 65 36 68 8 40 90 76 82 26 60 27 9 43 55 19 80 78 96 28 29 81 6 59 67 47 48 62 69 61 10 17 7 42 87 89 39 1 97 34 95 79 33 85 25 71 73 31 11 64 91 50 56 45 93 75 21 77 98 44 4 24
    66 56 92 98 31 63 40 52 50 54 41 62 14 83 57 91 9 86 96 51 80 85 42 6 30 73 29 67 97 69 38 74 58 35 1 77 78 22 18 26 88 34 27 5 70 15 48 45 39 93 23 60 19 17 68 94 10 53 20 84 87 12 8 13 2 4 59 76 75 72 44 65 28 89 90 24 81 16 33 7 95 36 11 71 21 3 55 43 49 79 46 61 37 47 32 82 64 25
    14 58 19 6 67 15 79 89 96 82 70 53 13 26 97 92 74 66 88 63 16 9 4 25 35 65 46 47 81 78 12 69 51 30 2 22 95 44 73 54 50 86 17 83 56 18 72 34 7 3 31 33 11 41 20 75 52 77 93 43 1 64 39 98 29 23 57 94 49 85 68 61 59 71 8 28 62 24 10 48 90 27 36 76 45 37 40 42 91 55 21 32 84 87 60 80 38 5
    85 46 56 90 92 79 54 34 39 15 71 33 88 64 86 42 32 55 98 73 77 43 36 91 50 65 68 12 95 51 48 4 21 61 87 94 13 89 26 58 82 44 40 16 14 53 57 84 17 49 74 72 69 29 19 5 3 75 8 78 2 83 11 97 59 10 20 6 76 66 63 1 7 45 27 24 22 35 81 41 47 31 96 62 37 70 38 60 80 23 25 28 67 52 18 30 93 9
    73 44 42 10 59 4 51 31 87 12 78 66 65 21 63 13 97 9 8 70 23 22 24 16 95 84 28 90 40 68 58 29 71 20 7 48 98 56 37 52 14 46 55 80 67 34 96 92 62 53 36 19 41 91 11 60 54 33 89 75 38 45 25 69 3 61 15 32 81 93 35 79 76 47 77 85 82 50 18 74 49 57 30 86 6 27 2 17 72 94 43 5 39 83 64 88 26 1
    91 14 90 81 36 92 12 58 79 24 54 11 67 89 48 41 42 94 65 78 31 62 72 2 51 45 7 18 33 50 3 39 20 16 88 26 93 22 34 43 17 9 57 28 53 13 77 40 35 46 15 84 32 80 85 5 66 68 38 47 37 61 55 71 76 83 64 70 44 25 87 19 21 29 1 4 60 8 73 59 74 69 56 30 98 52 86 10 95 96 49 23 6 27 97 82 75 63
    42 73 37 9 44 66 77 28 76 87 93 59 29 15 54 94 72 65 16 96 67 8 92 46 78 62 60 61 74 86 68 43 40 33 63 32 57 3 24 1 34 71 97 98 19 55 27 48 51 2 26 83 38 70 58 30 21 80 89 88 50 81 52 13 10 84 49 36 82 39 22 69 56 53 6 47 75 35 41 85 95 90 17 18 45 91 12 11 64 23 14 4 31 7 20 79 5 25
    29 57 82 58 41 67 2 18 16 98 56 74 79 87 19 38 77 17 96 68 14 62 59 80 70 21 15 3 1 54 78 83 71 92 89 13 24 47 65 51 5 61 7 97 36 60 45 20 42 48 63 30 50 73 8 75 85 12 28 55 88 34 64 90 94 11 44 25 86 95 33 9 76 69 39 6 93 22 37 81 32 46 91 23 26 66 84 31 52 49 27 72 53 40 43 35 10 4
    13 90 54 16 98 41 7 39 27 12 5 28 73 47 43 55 9 70 57 18 78 11 44 91 14 64 69 94 80 48 19 66 1 93 50 26 8 74 86 10 67 31 23 30 37 83 42 58 61 56 92 65 52 95 21 40 82 49 38 89 24 72 46 88 25 87 3 84 17 45 34 97 77 60 96 81 59 4 32 79 20 63 75 62 85 36 53 6 2 35 15 68 29 76 51 22 71 33
    57 30 85 64 42 97 53 20 11 43 47 45 15 65 90 77 41 9 44 7 50 74 10 33 46 93 82 88 3 38 98 63 71 35 66 6 21 22 49 94 84 55 56 14 87 70 79 36 83 81 19 91 67 58 61 34 62 86 26 54 13 5 1 60 27 2 12 17 48 73 59 29 96 51 25 75 78 24 18 92 89 68 95 52 28 69 37 72 4 80 31 40 32 16 39 76 23 8
    41 60 54 18 17 90 68 72 32 48 15 14 91 21 3 59 57 46 55 5 73 43 45 52 98 66 69 95 4 35 50 87 71 1 31 44 93 82 65 39 86 79 40 20 19 9 7 25 16 74 6 85 28 81 64 78 70 67 11 2 92 80 89 47 36 83 13 38 29 84 75 96 94 10 24 51 34 77 37 33 58 53 61 30 23 56 97 76 12 63 26 8 42 62 27 49 88 22
    3 72 13 40 92 75 23 9 12 1 32 34 68 38 79 11 30 33 15 21 81 52 29 16 65 70 25 43 84 73 86 49 64 39 93 74 80 61 31 94 54 45 96 4 41 27 89 95 85 35 53 77 63 44 2 62 69 6 47 17 48 59 20 51 24 76 56 19 91 26 57 37 7 60 18 82 71 97 55 67 5 14 83 22 88 10 28 42 66 87 90 58 98 78 8 50 46 36
    25 24 68 69 75 12 6 47 32 29 56 72 96 26 1 57 64 52 19 48 31 11 94 83 50 74 14 3 46 79 55 73 23 43 30 59 80 95 27 97 34 40 76 81 45 4 71 17 42 77 85 93 22 92 91 49 60 41 16 70 67 9 62 58 65 38 51 36 28 98 87 78 84 15 61 10 21 44 63 90 66 20 13 33 89 18 7 2 86 82 88 35 39 37 53 5 8 54
    57 53 27 93 44 67 10 89 85 46 47 70 77 5 68 83 64 29 55 32 20 13 24 37 25 14 34 56 62 35 75 80 45 72 26 22 84 59 94 81 28 31 63 54 71 51 8 4 9 43 82 21 16 73 6 60 15 30 78 39 40 7 61 11 2 90 86 52 79 58 18 49 76 97 3 12 33 69 42 38 41 48 66 87 17 1 36 23 98 74 88 65 91 95 19 96 50 92
    85 58 37 30 26 78 80 19 34 53 74 87 52 98 46 11 89 22 31 6 76 71 33 95 36 77 54 70 15 42 16 97 44 25 56 24 50 29 65 32 35 96 86 41 84 75 57 20 39 83 66 61 12 88 48 79 94 63 90 81 2 59 10 69 18 82 1 5 45 8 64 38 72 4 91 47 21 60 27 49 17 51 3 13 67 73 55 28 23 43 7 9 40 92 62 68 93 14
    58 37 54 52 26 82 64 86 48 95 73 68 96 5 21 22 78 94 3 44 30 23 66 72 40 11 19 1 50 74 63 69 83 93 65 41 38 80 55 9 34 25 24 39 10 12 90 14 53 97 45 20 88 7 33 75 28 42 51 29 35 6 32 57 18 46 15 84 8 60 4 47 62 43 85 89 98 67 59 13 61 76 27 87 2 31 91 49 92 81 77 16 70 71 17 56 79 36
    80 5 21 50 56 7 12 19 96 71 41 13 82 86 3 63 53 32 70 29 87 43 35 47 93 31 2 95 20 11 91 46 65 28 88 1 81 33 67 30 52 54 97 69 4 61 84 44 73 76 83 68 64 17 85 8 25 92 48 14 94 49 90 66 37 26 78 77 22 79 60 62 42 34 51 58 39 75 24 40 89 27 72 38 16 6 59 55 15 45 23 57 36 9 74 18 98 10
    14 44 1 59 95 56 37 85 65 73 69 39 12 25 68 20 27 80 38 17 52 57 70 21 8 63 15 55 91 88 22 2 19 26 82 18 83 97 72 92 84 3 71 54 28 24 78 9 64 36 74 4 11 58 6 31 35 10 66 33 62 40 16 53 32 60 90 51 76 75 43 50 89 47 41 30 49 29 7 45 96 87 93 42 86 13 98 67 46 94 77 48 81 5 79 23 61 34
    29 20 72 67 76 35 68 34 97 5 22 81 10 24 94 32 25 1 30 52 66 49 58 6 69 48 37 91 9 77 50 55 27 38 87 19 80 75 83 57 90 16 17 39 64 33 95 62 78 84 73 23 89 60 51 28 40 85 15 46 82 70 93 47 2 31 14 3 88 8 71 61 13 44 11 41 79 63 45 36 42 56 26 86 65 96 74 92 98 12 43 4 7 59 54 21 53 18
    65 13 95 36 23 77 56 6 52 54 37 15 94 19 66 67 62 47 32 81 27 1 22 74 26 2 20 58 57 87 46 75 59 34 43 11 10 96 24 63 41 79 53 51 98 76 92 17 42 69 86 80 16 71 61 90 12 97 64 38 88 9 89 60 14 4 83 93 25 82 39 45 31 21 30 18 50 44 40 68 84 55 5 33 70 73 7 78 29 8 91 3 85 48 72 28 49 35
    24 86 74 55 15 51 11 39 73 8 89 91 43 14 66 69 7 20 59 84 88 57 98 23 31 92 52 21 45 77 34 68 26 62 60 65 12 4 35 1 87 76 81 63 16 42 13 41 93 47 94 64 96 37 95 36 28 40 56 53 18 97 9 29 90 58 72 71 6 44 67 5 49 54 22 61 2 3 50 85 33 83 10 75 19 17 25 48 27 46 38 70 79 78 80 82 32 30
    91 23 14 30 10 65 51 83 40 49 48 32 19 96 95 39 58 68 93 64 1 72 90 9 44 21 45 89 41 43 97 98 77 85 57 81 42 27 73 11 87 15 84 92 6 60 70 4 18 37 31 26 66 3 33 54 12 55 25 5 29 69 35 71 88 52 34 7 16 13 59 76 94 75 28 67 80 17 86 2 63 62 79 46 38 24 47 22 82 50 20 8 53 78 74 61 36 56
    18 79 60 58 27 25 74 1 13 49 91 85 31 12 16 75 59 39 68 10 63 44 47 93 78 65 89 40 98 56 95 36 7 41 6 19 86 35 8 20 30 70 4 46 2 92 42 45 37 17 5 24 64 50 97 33 3 83 82 32 14 69 80 88 38 81 87 55 43 26 72 29 22 77 90 94 15 71 57 11 28 21 9 23 51 54 67 34 66 76 48 61 96 62 53 52 73 84
    92 54 28 45 12 43 77 41 33 97 38 74 22 79 84 32 44 47 5 13 29 20 6 30 23 53 78 2 90 15 89 49 17 26 86 91 66 10 98 57 60 9 70 88 63 18 39 8 48 51 46 50 19 16 82 75 35 36 37 40 65 56 80 87 42 71 55 72 95 1 3 94 52 69 83 85 67 14 25 68 62 24 4 73 81 21 34 58 76 7 61 31 11 59 96 93 64 27
    57 53 48 96 67 30 3 31 40 15 73 42 90 14 25 75 35 62 72 80 9 55 34 39 50 29 36 88 92 37 70 89 95 44 56 66 2 20 47 87 27 46 61 7 77 81 54 93 24 94 13 52 38 33 69 76 8 64 65 18 51 23 83 1 28 91 43 68 6 74 59 10 41 17 60 78 79 19 97 86 84 11 71 45 4 63 5 22 82 21 32 98 16 85 58 12 49 26
    10 54 8 43 2 17 45 47 30 13 89 3 25 35 58 96 4 40 97 98 20 65 41 64 5 70 62 85 15 29 18 87 37 66 67 31 83 9 22 88 86 52 71 56 79 33 34 28 69 61 21 36 91 95 39 53 32 74 90 16 11 68 60 51 50 57 24 14 77 48 38 72 78 76 7 82 27 93 63 44 19 55 42 12 26 23 94 80 1 6 59 81 75 84 49 46 92 73
    26 97 78 93 16 10 33 47 30 3 56 88 34 43 40 55 91 13 15 94 44 31 42 83 60 61 5 38 66 65 29 96 63 19 49 79 50 23 69 86 22 2 51 84 85 52 72 48 98 81 9 20 12 89 76 73 17 53 59 67 18 70 6 45 80 74 46 11 4 41 87 64 21 35 14 58 95 62 32 68 82 39 92 1 75 90 37 77 71 28 57 8 25 36 27 24 7 54
    10 71 4 64 30 56 65 3 49 73 40 6 28 90 81 98 51 78 47 43 62 83 38 79 34 53 66 16 12 37 8 46 25 86 72 39 20 55 92 57 89 18 23 58 68 52 70 84 74 42 24 88 97 41 75 67 13 7 45 26 44 85 22 36 2 35 9 17 15 11 14 96 93 95 19 32 21 54 80 33 48 60 94 5 77 1 87 59 29 91 82 31 76 50 69 63 27 61
    85 54 29 66 43 24 37 58 34 64 40 70 51 12 47 1 75 7 15 60 93 30 89 16 86 63 21 26 33 38 41 76 36 32 14 61 20 55 74 73 31 87 62 90 27 96 65 95 44 67 13 80 92 52 49 91 71 8 17 68 19 59 22 88 45 69 94 5 78 28 2 23 25 10 97 3 6 50 84 9 72 42 18 4 79 57 83 77 46 53 82 35 98 39 11 48 81 56
    79 38 62 20 47 57 26 86 97 10 89 37 18 40 77 33 19 67 80 63 65 59 41 74 29 14 83 84 13 90 71 60 5 76 50 6 51 56 93 52 31 11 3 45 55 27 15 81 23 53 75 96 34 16 39 9 94 72 78 30 48 32 68 85 87 66 92 17 36 61 98 2 49 70 44 82 8 91 73 43 46 1 42 64 4 35 12 54 69 88 95 7 28 22 25 21 24 58
    30 88 62 39 40 96 51 25 72 56 77 87 43 7 85 23 35 3 69 61 31 80 27 15 68 49 64 78 10 65 89 12 26 47 63 5 19 21 2 46 73 70 50 98 92 9 32 38 20 52 86 95 94 42 6 93 48 33 36 76 97 8 37 18 28 53 44 34 79 14 91 16 84 90 60 24 13 55 29 58 1 11 82 17 45 54 66 83 22 71 74 41 57 4 81 67 59 75
    53 96 70 81 59 84 11 17 27 54 30 68 47 71 42 14 26 95 25 90 38 67 73 43 87 3 98 51 50 13 23 29 12 10 41 78 15 21 52 75 5 77 61 7 37 49 9 36 31 89 74 34 85 8 88 79 19 40 1 92 4 18 46 64 69 16 82 55 94 39 72 48 20 58 60 62 83 63 56 97 22 65 66 93 91 86 45 2 80 24 33 32 76 28 44 6 57 35
    81 56 96 18 95 78 90 62 2 69 9 80 50 85 33 37 91 12 35 1 98 17 86 77 74 38 49 67 16 57 51 22 71 14 10 88 92 58 47 23 7 3 26 29 20 82 89 75 94 11 41 5 54 72 46 52 53 13 40 43 61 28 34 65 25 60 68 44 59 66 64 32 21 73 15 8 31 79 45 24 48 30 36 97 70 84 55 27 76 93 63 87 6 4 83 19 39 42
    79 93 87 36 71 74 58 80 8 98 86 31 52 83 92 53 54 68 56 95 25 18 19 23 47 41 81 62 16 3 50 67 43 13 22 32 42 78 75 27 40 64 60 4 73 85 44 51 1 70 76 39 94 66 7 90 30 38 21 11 26 35 89 91 46 28 24 33 20 55 82 48 63 6 57 2 12 17 14 77 88 49 96 59 65 37 97 72 15 9 10 5 34 69 45 61 29 84
    84 69 21 57 37 74 38 55 8 95 71 62 44 56 7 58 45 90 67 86 64 40 91 87 93 77 26 92 83 12 54 17 82 19 52 66 48 72 50 53 46 32 47 25 22 49 3 98 36 23 5 94 2 70 78 79 68 76 97 34 51 20 89 73 6 39 41 30 18 13 28 75 27 29 42 61 4 60 14 33 65 85 43 96 16 9 88 59 15 81 80 35 63 1 11 31 10 24
    79 46 48 61 72 77 66 64 53 8 78 73 40 82 89 17 6 33 50 5 54 4 62 2 84 65 97 76 98 94 58 44 3 1 67 21 75 13 43 30 23 39 59 9 12 55 85 57 88 47 20 24 81 34 37 28 90 36 22 42 60 68 56 16 80 45 83 74 41 63 92 91 93 87 15 19 10 69 32 96 26 31 25 14 29 95 71 70 27 11 18 35 38 86 52 51 49 7
    51 39 6 90 28 85 30 71 60 76 49 1 95 67 87 75 94 50 65 83 82 91 68 41 57 38 11 59 46 55 89 81 80 79 86 98 5 72 69 62 27 4 54 64 10 52 35 26 92 22 33 15 93 2 74 34 73 77 88 18 43 12 23 31 20 17 78 37 19 25 66 70 84 61 45 96 9 58 3 14 56 21 40 48 7 8 53 97 24 63 29 13 44 47 16 42 36 32
    85 15 9 41 29 55 58 33 72 98 71 86 48 11 38 20 59 47 34 30 28 77 82 61 69 39 51 49 24 97 94 53 27 73 31 87 42 8 18 78 89 22 67 5 64 46 96 57 1 35 52 90 2 50 74 14 37 63 43 66 21 92 75 44 6 40 3 93 12 26 36 95 54 81 23 76 65 68 60 80 19 25 10 83 17 62 79 70 4 84 91 13 32 45 88 16 56 7
    5 9 2 17 62 37 12 15 86 38 50 88 40 21 33 77 76 89 85 59 35 93 72 63 65 66 54 91 10 55 49 3 94 98 68 92 82 4 52 67 71 61 96 43 6 80 34 23 18 1 83 8 27 44 64 11 81 13 79 22 16 25 60 30 42 58 24 45 19 36 47 48 97 69 29 75 41 84 70 7 53 87 73 39 20 56 74 31 95 28 46 78 14 26 90 51 32 57
    56 74 5 71 8 76 44 53 14 12 18 94 59 61 95 26 67 36 32 96 22 62 83 20 48 73 78 47 63 31 89 80 35 13 64 69 38 85 1 37 7 90 91 6 39 25 41 42 17 60 93 55 57 77 16 4 27 40 50 84 45 33 70 82 9 86 46 2 58 3 65 19 75 29 49 51 24 79 54 15 28 87 92 66 97 10 88 11 68 72 23 30 21 98 43 52 34 81
    83 44 95 5 41 61 90 16 97 12 32 65 91 4 75 82 86 50 59 98 57 63 28 36 48 35 51 74 81 24 80 3 88 87 53 11 66 37 46 15 10 17 68 89 39 42 54 20 34 73 77 52 43 78 40 58 38 56 2 26 21 79 14 92 94 1 30 18 13 49 55 85 6 67 69 64 84 93 23 96 72 60 62 25 76 9 8 45 47 19 31 27 29 22 71 7 70 33
    96 27 15 68 71 85 7 3 56 16 97 72 64 77 9 70 30 28 76 49 34 94 41 90 95 67 13 44 79 86 25 65 91 42 6 33 10 46 45 83 26 31 59 29 8 92 39 37 19 63 20 74 47 81 88 57 82 53 75 23 54 43 93 38 98 89 66 2 1 51 22 4 24 60 32 21 14 78 52 18 40 17 36 48 5 61 69 58 11 84 73 12 87 80 35 55 50 62
    97 29 23 31 92 69 75 42 62 77 25 94 72 98 4 73 84 18 26 61 49 28 16 70 9 27 83 64 57 14 5 89 52 88 46 21 20 43 10 13 68 93 76 7 91 19 40 54 71 37 3 24 48 12 59 87 81 34 80 78 63 15 41 58 6 90 96 65 35 36 32 95 53 22 45 11 1 17 60 79 44 67 2 74 30 86 85 38 51 55 33 50 8 56 39 82 47 66
    61 15 23 52 97 8 74 35 31 24 91 26 76 33 68 7 14 58 55 81 90 93 30 66 34 60 53 38 44 4 63 6 92 25 50 67 79 13 3 89 41 2 16 87 82 98 48 37 18 29 83 1 59 47 27 56 88 49 36 75 21 78 72 28 54 70 57 69 62 80 64 20 94 17 19 71 5 9 45 43 11 40 10 77 84 85 96 95 22 73 86 51 65 39 32 12 42 46
    96 41 37 11 79 74 60 4 78 97 38 14 90 52 21 51 45 2 98 42 93 87 32 5 27 3 94 80 43 66 76 31 57 82 26 29 88 63 30 53 68 85 84 83 24 56 6 44 49 7 54 46 95 18 34 28 40 10 92 33 86 39 20 47 9 81 75 50 73 77 35 64 19 72 71 58 1 15 62 48 69 25 89 91 59 22 61 8 17 36 55 16 67 13 65 23 70 12
    65 49 75 42 4 63 29 12 20 33 24 71 43 91 41 30 17 84 74 37 36 11 97 92 56 25 64 80 46 38 21 59 96 16 66 50 15 89 40 22 1 73 45 27 47 51 77 48 93 98 95 31 90 28 14 55 10 52 87 68 86 82 6 57 3 81 79 5 67 54 18 2 7 53 13 78 39 58 32 88 9 69 19 34 70 35 61 76 72 85 83 44 94 26 8 23 60 62
    66 6 21 60 87 25 28 71 31 79 13 69 19 56 54 64 47 22 30 86 70 98 89 73 63 26 61 77 12 59 23 83 49 95 16 55 10 14 36 82 24 58 18 5 53 96 74 20 62 52 33 46 85 29 80 39 48 68 57 72 43 65 34 40 35 97 4 93 41 84 3 11 27 2 67 42 7 37 9 45 88 81 44 92 17 32 94 38 8 1 91 51 76 78 75 90 15 50
    24 43 23 73 12 54 66 67 31 83 30 72 26 98 82 5 76 88 95 97 20 50 57 51 78 94 47 46 10 33 38 49 39 48 56 21 40 71 59 45 92 80 63 85 90 11 35 89 61 19 13 87 64 75 15 77 2 86 69 36 4 16 14 68 17 7 6 70 60 9 42 74 52 96 81 79 53 1 27 58 34 37 32 91 22 44 55 3 25 29 84 8 28 41 65 62 93 18
    11 18 12 57 19 4 87 75 29 31 42 62 40 32 82 96 59 66 78 81 27 80 17 73 36 10 9 53 22 92 28 93 48 56 49 41 24 86 33 98 43 38 79 74 97 5 89 23 16 50 84 7 21 26 85 60 15 35 70 2 45 52 58 61 95 68 67 39 90 46 55 76 1 37 94 65 30 88 69 77 3 83 14 20 91 13 71 6 44 72 47 8 54 64 25 34 63 51
    39 14 95 38 48 80 15 83 36 16 2 22 30 11 74 61 37 26 68 27 56 65 6 24 58 1 87 4 7 79 84 20 18 9 71 64 44 35 12 73 93 3 82 62 33 42 17 91 47 90 85 51 86 94 63 46 19 66 32 57 13 78 59 89 54 60 8 88 43 5 81 70 53 23 31 98 69 28 29 72 52 76 97 10 49 92 25 67 77 96 41 50 21 45 75 40 55 34
    44 36 17 14 81 9 49 85 40 46 37 43 48 39 60 50 54 38 82 61 2 21 25 47 89 28 11 22 29 31 12 93 7 59 91 45 3 18 70 65 10 35 32 69 63 1 15 77 51 95 33 71 66 92 52 4 88 98 79 84 6 58 80 24 53 26 75 13 5 34 78 87 57 67 8 97 96 41 73 62 86 83 72 23 55 90 64 16 30 56 19 68 27 94 76 42 20 74
    80 81 70 3 39 72 54 64 85 35 97 30 23 28 29 93 95 27 47 42 46 88 61 36 91 44 41 74 24 8 55 37 6 16 31 18 33 20 94 92 98 32 50 15 75 89 53 26 83 68 73 96 67 84 43 22 13 90 2 87 9 77 76 17 11 7 25 82 38 34 48 79 58 5 59 56 45 52 19 51 10 63 57 60 66 40 14 49 86 12 65 69 4 71 62 21 78 1
    64 27 16 76 50 81 39 78 11 53 93 10 12 56 40 97 71 94 20 3 54 52 49 18 88 1 75 30 79 14 28 21 92 70 43 65 67 91 61 7 55 19 5 15 36 68 45 32 84 23 96 86 34 33 95 69 73 98 74 48 77 29 57 35 82 87 38 22 4 80 60 24 83 25 17 90 42 89 59 85 47 9 13 44 37 58 66 26 62 63 46 41 6 31 72 2 8 51
    3 49 46 18 20 43 36 11 32 70 72 86 74 40 98 30 2 14 29 15 51 44 5 66 12 38 80 96 10 54 89 62 45 42 31 56 87 57 63 84 76 48 97 94 16 8 79 1 4 23 91 13 26 52 27 77 55 75 37 64 41 19 47 60 61 69 71 90 17 33 85 65 6 22 68 35 93 67 83 34 24 39 59 53 28 25 7 50 88 58 95 73 92 78 82 81 21 9
    93 46 64 7 1 11 37 39 71 31 35 28 88 9 51 14 24 40 29 75 47 44 10 60 25 90 12 94 23 5 89 69 16 81 80 49 76 68 56 8 74 67 34 42 55 58 45 95 6 73 2 27 72 15 97 77 30 52 17 48 65 84 78 19 41 79 61 3 98 91 66 85 43 92 53 96 13 59 20 21 32 36 26 86 70 83 54 33 87 82 62 38 22 18 50 4 57 63
    24 6 49 47 58 76 59 60 83 70 5 21 77 34 53 42 64 84 85 1 63 19 46 65 56 10 51 38 69 20 96 25 95 39 8 98 27 68 54 44 40 45 93 31 91 41 15 9 13 17 62 36 26 18 80 73 2 87 35 29 78 22 16 11 74 66 7 50 28 57 82 67 55 14 3 71 75 23 94 90 52 92 61 81 97 86 33 89 72 79 4 37 12 43 88 32 30 48
    85 49 2 50 56 40 86 66 25 38 8 58 34 33 90 28 77 53 68 64 12 79 43 87 39 81 22 37 67 3 31 98 72 21 27 74 84 29 7 10 70 61 60 32 6 51 95 14 18 83 9 93 35 57 88 36 15 41 94 23 97 80 65 62 5 13 76 4 92 17 54 16 24 30 71 19 20 48 45 89 52 63 69 75 46 26 96 55 78 82 44 59 11 73 47 91 1 42
    86 41 5 80 83 96 62 1 90 44 92 68 38 7 55 84 81 39 34 94 21 6 77 36 91 26 3 63 74 88 61 45 9 8 78 85 25 72 89 47 37 67 22 2 52 79 82 54 24 32 17 35 20 65 31 51 58 69 56 49 57 53 12 76 15 48 59 87 98 66 30 97 19 71 10 23 43 40 75 46 16 42 27 14 64 50 11 13 70 93 60 28 4 73 33 18 95 29
    21 38 51 98 95 66 23 40 79 25 97 75 69 53 54 61 42 1 20 84 6 55 64 44 19 33 30 72 71 9 24 80 85 74 83 2 81 17 57 7 48 90 92 59 77 31 28 76 10 16 22 26 56 89 3 12 58 60 18 13 27 67 36 4 15 5 39 73 65 29 63 8 78 35 46 37 11 91 43 49 45 70 47 32 86 87 41 34 93 94 14 62 50 82 96 52 88 68
    93 13 72 78 15 73 42 94 45 2 36 87 59 17 77 54 63 91 64 27 71 44 28 6 66 55 80 21 43 57 35 86 61 70 16 37 90 4 3 67 10 20 38 84 49 24 11 96 56 12 18 19 5 81 58 1 33 52 30 34 60 48 85 76 23 65 79 39 83 62 41 82 26 46 53 98 51 69 68 95 22 88 8 25 50 7 40 9 97 32 92 89 14 31 75 74 29 47
    46 5 43 77 57 51 67 78 97 87 49 42 35 93 25 48 70 14 71 7 74 2 1 55 39 32 84 73 66 16 40 79 13 92 90 26 20 11 23 31 8 65 6 96 68 22 88 60 72 30 80 9 44 52 85 59 56 81 15 64 3 50 53 91 47 12 45 38 86 54 82 34 83 24 28 69 17 76 37 33 89 58 98 21 63 10 29 62 61 19 4 36 18 94 41 75 95 27
    74 42 44 69 70 56 41 3 32 38 68 97 52 85 95 81 45 6 61 62 27 87 1 39 59 40 76 16 43 8 14 82 73 17 5 96 50 2 55 7 49 57 53 66 37 36 10 33 84 23 19 34 77 63 20 83 46 78 12 13 29 9 15 72 71 11 21 93 24 91 98 94 31 28 60 4 86 64 67 89 51 88 75 26 35 80 18 79 22 54 30 92 90 47 25 65 48 58
    7 49 36 86 32 29 1 31 41 26 80 39 67 68 83 97 55 13 35 5 46 3 44 23 27 78 16 92 34 14 98 89 20 10 24 96 22 38 79 91 82 6 9 15 33 57 8 56 62 72 54 45 77 4 43 25 84 51 75 53 59 40 64 21 85 2 65 30 18 60 71 37 88 58 47 66 61 90 19 93 50 87 42 69 74 94 28 76 48 17 11 95 52 73 81 63 70 12
    6 70 61 41 3 69 57 54 48 77 73 40 81 10 93 75 45 67 27 11 1 74 55 86 65 47 62 38 35 90 2 15 56 36 72 7 24 42 34 30 52 53 58 25 95 39 22 88 60 26 21 98 29 23 17 4 8 63 12 18 78 79 44 76 5 71 80 20 28 82 89 14 64 96 59 33 19 13 50 66 87 51 92 43 68 32 31 9 94 16 91 83 97 84 46 49 37 85
    88 86 58 69 22 6 9 47 79 49 35 39 44 41 83 70 59 37 10 17 60 97 43 96 16 63 74 5 42 50 53 23 94 61 52 2 75 32 28 80 30 4 25 65 33 73 40 76 29 56 78 64 54 82 8 71 21 19 57 85 3 26 87 12 81 90 77 31 92 36 51 66 45 18 89 7 55 38 46 91 27 11 34 72 13 67 68 95 93 62 24 20 1 48 98 84 14 15
    61 33 97 98 9 94 76 15 21 23 82 66 20 79 46 78 29 54 74 80 92 14 56 36 19 27 95 42 96 67 68 73 87 5 88 51 26 18 93 81 3 55 62 8 28 41 1 52 43 30 34 17 71 10 64 84 35 91 31 63 24 53 86 47 37 59 4 7 83 25 48 44 65 70 69 60 16 75 58 77 32 50 57 12 72 13 89 38 90 49 11 45 6 85 22 2 40 39
    46 29 21 38 26 37 78 88 91 67 40 15 43 74 25 54 86 48 93 18 68 6 97 7 36 82 33 20 98 71 76 70 94 84 83 89 63 44 10 87 3 42 96 69 77 75 64 79 57 14 24 27 32 90 17 59 4 12 72 53 95 47 5 80 39 31 52 50 13 85 8 81 2 60 61 58 9 23 11 66 30 22 56 41 73 19 34 65 28 16 55 51 62 1 35 45 49 92
    57 10 58 68 39 48 85 19 97 67 27 75 18 89 81 61 34 73 86 14 20 95 33 29 36 72 54 78 52 2 15 35 49 22 93 96 38 51 40 12 74 17 9 8 47 41 6 13 79 69 5 43 65 24 3 11 87 92 42 53 70 88 21 50 31 83 62 76 64 25 56 30 84 94 82 37 16 44 90 66 45 71 28 46 32 60 7 63 91 55 77 4 98 23 59 80 1 26
    14 66 3 16 88 6 72 40 78 80 75 91 64 5 65 98 93 87 41 10 73 94 4 2 30 36 56 1 62 8 63 49 32 23 26 15 68 74 70 82 92 89 21 97 42 54 69 13 84 90 37 67 34 25 38 61 55 29 46 35 81 27 57 43 59 86 48 47 96 79 60 9 19 11 18 31 17 44 77 95 51 39 28 12 22 71 33 45 24 53 20 76 7 58 85 52 50 83
    52 39 30 80 71 55 87 95 19 96 49 14 21 13 8 22 27 72 66 6 74 33 24 63 91 44 68 41 15 31 18 42 69 97 45 70 3 5 86 76 81 40 94 38 58 59 92 98 29 36 73 37 7 62 78 89 79 23 9 88 93 4 10 64 61 46 25 50 82 28 67 51 32 48 1 16 60 12 83 54 26 47 85 11 20 43 17 53 56 77 65 75 35 34 57 2 90 84
    20 80 88 85 71 28 38 46 31 84 95 91 12 25 72 5 10 89 45 32 66 59 9 76 18 49 57 53 42 97 54 83 2 61 27 69 6 37 65 58 30 92 81 43 79 11 82 86 3 8 77 78 23 87 70 22 73 90 94 63 62 56 36 96 29 98 33 1 60 21 75 93 7 51 19 67 39 47 50 13 68 34 52 4 74 15 24 44 14 16 26 55 35 48 64 17 40 41
    33 57 8 92 87 65 18 38 83 97 82 3 36 74 47 94 51 50 88 29 5 14 28 22 55 93 31 86 59 12 45 24 98 42 20 76 84 13 17 95 73 64 19 21 81 77 89 78 40 62 67 52 41 16 26 79 90 6 23 68 60 32 44 25 85 75 46 35 2 34 71 70 53 96 61 91 54 49 58 80 27 72 11 15 4 9 39 10 43 66 48 30 37 69 56 7 1 63
    75 54 52 49 18 38 9 27 63 2 48 89 59 91 44 84 31 16 53 4 10 6 86 82 39 13 28 57 43 58 14 51 45 66 69 67 25 62 5 37 46 35 1 98 85 23 22 19 74 56 78 90 11 26 88 61 93 72 76 92 12 70 95 68 71 73 7 36 30 80 50 20 79 33 24 3 34 64 81 21 40 94 42 87 60 41 17 29 97 8 32 77 15 47 65 55 96 83
    67 63 43 71 79 30 76 25 18 23 33 85 64 15 37 86 32 54 92 59 11 20 80 74 12 41 10 1 47 42 61 38 93 90 87 60 77 31 94 28 96 52 36 78 89 65 53 69 62 27 95 7 2 40 81 49 57 13 6 50 19 5 44 39 84 51 35 55 91 82 48 16 14 34 4 75 26 58 88 68 98 73 72 21 8 46 24 66 22 45 29 70 97 17 9 3 83 56
    94 35 17 33 81 7 46 86 44 84 37 74 60 75 15 69 78 1 80 98 31 92 61 36 77 39 62 97 13 20 88 63 54 52 43 93 72 53 83 16 49 25 24 18 10 30 73 23 11 2 26 32 4 29 91 19 76 22 57 40 71 6 56 85 34 27 42 55 79 14 82 58 66 9 5 89 48 68 45 38 67 64 59 50 3 70 87 12 28 90 51 65 41 8 95 96 21 47
    79 40 2 81 44 27 36 17 23 78 84 67 90 86 19 46 89 43 38 70 55 53 56 58 98 54 29 71 37 15 34 94 1 7 41 45 42 39 82 26 69 10 18 66 74 80 25 64 3 9 50 21 88 24 75 8 11 77 72 76 60 16 35 85 73 4 30 31 62 22 95 97 68 6 33 65 93 13 12 47 59 14 5 57 52 28 92 32 83 96 91 49 51 87 20 61 63 48
    61 98 22 32 57 56 37 26 40 29 20 92 80 83 78 74 97 72 93 45 4 77 8 69 84 21 90 49 35 36 18 16 7 79 96 67 87 58 10 5 71 44 12 28 62 23 53 13 14 17 38 1 27 2 50 33 39 88 86 59 60 76 73 95 89 66 34 81 9 75 70 48 65 25 46 42 24 47 68 85 55 19 91 51 3 82 15 64 63 11 31 54 41 30 43 94 52 6
    57 20 55 82 56 75 14 92 93 3 69 23 88 35 91 9 61 10 86 17 45 58 28 96 39 13 24 15 31 66 7 53 84 26 22 65 74 36 62 51 72 59 83 47 95 2 68 46 63 54 64 34 18 16 60 76 38 70 97 37 81 11 4 78 12 30 21 87 52 42 40 25 67 44 6 50 89 71 41 49 43 8 85 80 19 48 73 94 1 90 77 29 32 33 5 79 27 98
    75 73 1 97 57 93 50 47 11 17 98 22 23 77 42 63 54 91 29 55 31 88 44 64 78 6 26 83 71 41 84 38 21 60 15 32 24 82 72 39 68 61 36 40 8 95 28 90 92 12 3 20 85 19 46 45 13 87 81 53 86 74 69 76 79 5 30 70 80 7 49 65 59 62 89 27 10 94 51 37 96 25 18 16 4 48 43 35 67 33 66 58 34 9 56 14 52 2
    30 35 31 20 2 46 5 10 25 65 85 16 71 41 74 17 87 64 51 78 22 14 21 3 56 9 70 26 53 90 69 97 8 27 58 42 72 33 68 82 47 23 15 76 52 18 60 83 34 12 45 49 4 50 32 77 63 73 79 24 59 40 96 81 19 92 13 39 62 36 44 75 84 55 89 66 38 86 98 54 11 94 67 93 6 37 29 88 57 91 80 48 95 28 61 7 43 1
    13 61 69 50 2 23 6 25 43 42 82 54 34 87 12 28 16 52 79 27 47 76 26 8 41 72 11 40 15 62 65 37 94 7 45 21 92 67 14 83 36 44 90 66 3 31 64 81 9 29 5 86 18 57 39 88 96 35 71 91 24 32 58 84 59 85 70 22 1 95 30 63 55 38 4 89 80 10 98 77 93 60 33 53 97 51 74 56 17 20 73 78 75 48 68 49 46 19
    83 31 33 91 10 89 98 38 67 2 54 36 17 9 48 65 85 69 95 66 8 51 49 75 35 11 41 72 13 73 80 52 46 28 90 16 21 77 92 97 96 55 26 68 59 78 22 47 57 70 56 93 58 20 53 84 14 37 45 12 79 27 44 94 62 40 34 23 19 15 74 86 5 7 43 4 1 24 76 88 71 63 61 25 6 29 3 50 87 60 81 42 30 32 39 18 82 64
    12 81 20 66 47 50 14 16 6 80 68 30 86 39 57 55 10 71 9 64 38 43 88 92 84 3 42 11 74 79 4 8 95 61 17 40 7 27 45 60 63 2 52 89 1 25 76 23 93 33 28 44 83 24 62 35 29 37 82 87 90 69 18 19 85 54 21 34 36 70 56 49 98 96 72 94 77 78 53 58 59 26 13 22 46 51 5 65 32 48 91 67 75 15 31 73 41 97

