99

    20 53 15 4 7 85 87 88 36 30 29 58 25 68 64 59 94 70 92 71 13 19 96 84 42 35 28 57 77 46 91 18 56 99 38 17 23 22 2 16 78 50 83 21 10 63 33 55 62 12 54 37 9 79 31 60 89 93 8 41 69 98 24 45 90 82 6 43 97 80 76 14 66 61 5 26 72 32 73 1 86 95 40 51 39 3 81 34 67 52 65 49 44 11 27 47 48 75 74
    23 36 79 78 32 57 92 10 46 16 51 19 93 69 59 1 45 3 24 4 88 75 60 67 11 2 90 73 86 65 38 35 55 44 5 83 98 61 95 21 17 84 14 29 28 58 34 9 13 64 37 82 99 54 68 25 89 66 81 43 48 26 87 33 97 80 56 74 49 71 18 20 31 94 15 85 72 30 47 40 8 12 7 52 42 96 39 27 77 6 63 76 22 41 50 62 53 91 70
    40 11 56 23 26 36 5 88 78 18 39 12 90 41 8 74 58 28 61 2 10 43 91 19 87 47 52 73 1 59 22 60 57 48 14 97 72 15 17 76 89 16 99 79 65 3 21 45 44 92 25 67 81 63 80 68 86 4 82 9 93 37 55 95 13 85 66 94 27 51 24 38 75 46 31 50 54 32 71 6 33 69 84 29 98 77 53 64 35 83 42 62 70 30 49 7 20 34 96
    62 65 76 24 34 93 39 96 22 28 1 36 56 85 11 70 91 69 94 84 4 38 37 46 30 17 25 2 95 18 82 72 5 90 79 73 66 58 88 19 16 78 80 33 60 27 31 81 89 35 98 48 52 45 40 54 83 47 14 29 71 8 63 50 49 67 9 53 74 77 41 44 55 42 10 7 86 43 3 6 12 26 92 97 61 23 15 75 68 57 59 64 99 32 20 21 87 51 13
    18 88 28 58 44 22 82 79 12 66 31 29 99 11 50 38 27 77 10 97 98 23 7 46 35 60 59 16 47 26 37 63 1 67 20 30 24 54 91 93 15 83 76 78 87 80 70 48 55 61 17 68 40 86 49 57 89 13 95 14 52 90 65 75 3 45 8 41 94 96 36 39 73 9 2 43 85 84 51 25 33 6 62 42 74 19 21 72 81 4 53 69 71 56 34 64 5 32 92
    46 25 76 91 38 7 55 81 52 41 23 27 84 79 63 29 31 6 60 74 53 77 98 88 19 15 45 18 54 20 67 61 17 96 11 48 16 78 57 64 12 50 95 82 89 62 83 80 3 35 93 86 43 65 44 37 92 59 40 73 8 47 90 97 36 70 26 85 5 39 34 87 13 1 99 66 72 9 42 69 94 24 51 58 68 49 56 21 28 71 30 10 2 33 22 14 75 4 32
    39 71 81 30 55 34 94 63 76 13 43 24 72 69 9 68 14 79 75 28 73 99 22 29 19 45 77 54 2 58 41 7 60 64 92 11 66 16 82 48 42 90 35 44 38 26 50 98 80 89 65 67 52 56 49 40 62 86 46 27 57 4 5 47 78 23 83 33 31 25 97 12 61 59 32 17 84 3 88 95 1 91 36 74 93 10 85 53 20 87 6 70 8 15 18 21 96 51 37
    18 32 66 91 64 71 68 82 15 8 73 70 92 22 40 86 59 84 24 80 3 79 14 17 6 43 10 94 35 97 96 41 19 65 54 31 72 2 60 85 69 34 27 50 83 55 88 7 81 30 63 51 98 5 56 47 9 67 25 23 44 93 77 52 53 99 1 45 26 12 78 13 33 39 37 76 38 48 21 11 46 89 61 36 90 58 62 16 57 20 87 42 95 4 28 29 74 49 75
    37 82 74 69 1 45 40 11 66 23 30 73 4 32 52 90 71 36 38 86 28 16 24 13 20 97 47 92 58 14 48 96 87 55 68 10 43 64 7 17 72 8 98 57 33 50 70 34 26 39 67 80 29 89 75 88 15 27 31 2 78 54 22 77 42 59 49 83 56 9 81 5 95 21 18 19 84 91 93 99 46 63 12 41 51 76 79 53 62 61 94 25 3 6 65 35 44 85 60
    10 36 22 20 47 77 87 23 76 69 8 83 74 37 4 9 60 54 86 57 48 96 46 90 33 43 88 75 26 2 79 40 18 44 99 61 39 31 12 92 71 30 55 84 72 73 58 25 98 51 94 16 66 85 27 97 42 34 67 63 80 82 53 17 5 38 52 7 89 19 59 21 56 24 35 14 64 68 32 70 81 45 1 6 91 62 13 65 50 41 15 95 93 28 29 11 49 78 3
    32 78 25 40 45 62 16 14 33 18 44 49 37 41 59 97 29 23 74 9 22 50 91 99 42 2 81 26 31 28 35 70 47 96 75 72 20 4 56 67 86 21 69 51 55 65 77 76 6 71 7 11 38 84 57 13 30 52 17 43 19 68 36 27 92 15 64 88 60 3 66 39 10 5 94 46 34 80 83 54 61 58 24 63 85 93 90 8 48 1 73 87 98 53 89 95 12 82 79
    40 27 67 57 3 63 62 35 34 22 89 91 79 98 73 46 9 72 88 76 29 44 28 82 33 10 11 43 47 61 84 99 59 53 90 21 58 18 17 97 66 80 75 25 71 68 1 20 6 31 39 49 5 87 4 32 45 24 85 74 92 19 26 65 30 13 36 94 60 48 15 2 78 42 96 8 51 50 14 81 16 41 37 54 83 64 77 86 70 93 38 52 7 12 56 95 55 23 69
    86 68 11 23 76 7 74 47 50 27 9 19 62 88 55 79 70 14 25 42 87 17 93 90 73 30 58 82 75 15 98 31 59 13 78 34 38 52 37 72 61 46 24 21 3 71 53 29 56 20 83 97 92 51 26 45 44 6 77 10 35 2 91 54 63 5 99 4 32 16 36 22 12 81 84 89 40 85 95 1 48 18 64 8 66 69 41 65 57 67 94 80 39 96 28 43 60 33 49
    3 83 40 53 5 72 23 65 29 27 92 35 47 11 94 73 97 87 76 79 88 77 78 75 96 55 16 89 61 68 18 52 46 19 44 28 41 74 64 60 93 12 1 32 33 24 66 14 37 34 95 58 84 90 6 30 91 36 42 82 38 22 45 9 80 20 26 48 70 69 8 59 50 51 21 98 85 63 31 39 17 49 86 10 2 25 43 62 4 56 7 71 57 13 54 99 67 15 81
    1 44 95 53 38 96 39 20 76 73 54 59 86 74 12 93 89 11 84 98 62 41 27 40 5 4 33 10 13 8 90 45 72 91 81 67 51 3 85 49 87 78 22 70 57 9 26 50 52 63 47 37 14 64 56 21 71 68 15 79 99 34 28 97 24 66 46 75 69 60 32 17 43 42 82 25 83 94 48 88 65 31 30 7 61 18 77 55 36 29 35 6 80 16 23 2 19 92 58
    10 86 60 18 37 80 75 17 8 25 55 16 26 99 1 82 93 43 95 96 57 20 3 71 68 39 15 63 66 48 74 65 27 79 76 30 58 28 40 91 92 35 29 84 23 87 51 38 67 9 41 46 83 81 78 21 72 45 4 34 2 11 54 31 70 53 59 42 6 13 73 69 61 12 47 98 22 49 19 64 94 50 88 5 77 36 85 7 44 97 33 90 89 52 24 14 32 56 62
    17 77 54 68 41 34 84 50 22 15 29 9 66 79 76 31 55 63 40 3 82 14 86 24 18 65 45 35 8 47 5 97 44 11 52 92 53 4 37 16 7 85 60 33 32 95 72 42 98 27 12 2 80 89 90 43 59 46 83 70 28 10 64 38 99 25 61 69 6 96 1 30 62 58 51 75 21 39 56 88 71 67 93 78 20 81 87 57 23 91 36 94 13 48 26 49 19 74 73
    58 79 20 40 17 96 93 31 76 83 21 85 86 81 41 60 4 27 10 66 24 59 45 14 75 72 23 16 89 35 6 25 53 3 46 61 7 30 65 87 71 68 54 38 74 12 92 56 82 91 67 52 50 26 97 69 70 62 63 42 88 99 33 9 28 44 37 32 57 34 51 5 15 84 2 98 94 39 36 64 73 48 22 19 55 18 95 47 29 90 13 8 43 49 80 77 11 78 1
    34 70 84 83 47 65 14 71 87 39 51 64 69 28 59 41 54 99 68 20 16 22 89 80 19 15 61 2 72 56 18 52 90 55 53 38 11 49 91 37 76 9 30 5 35 33 85 98 23 24 97 74 86 36 45 32 94 29 3 25 7 57 17 12 10 92 66 60 1 88 67 44 63 82 95 58 77 42 73 4 8 62 21 93 75 6 26 43 96 78 50 31 46 81 40 79 48 13 27
    69 89 77 39 30 27 25 29 1 20 82 78 16 38 41 48 87 67 23 7 44 99 68 71 36 50 91 76 56 26 13 31 62 90 42 40 75 11 21 81 95 12 15 93 59 3 10 8 84 66 70 49 32 22 19 63 51 4 72 33 83 57 17 79 96 35 43 53 18 24 45 58 86 54 80 14 97 2 34 92 94 5 65 55 28 98 73 6 46 9 74 64 61 88 85 47 60 37 52
    77 85 67 74 88 95 64 11 20 81 22 16 49 1 29 36 78 17 93 8 82 99 21 57 40 33 28 69 54 3 62 14 6 55 63 32 50 9 91 80 75 13 15 35 48 24 59 7 89 86 26 72 30 68 53 94 19 41 87 56 12 92 47 42 52 23 96 76 46 25 5 71 38 84 4 39 51 73 58 66 10 60 70 79 45 44 34 31 97 18 61 43 65 27 83 98 90 2 37
    54 13 15 35 77 36 56 4 85 67 90 10 49 3 28 25 9 70 94 87 69 72 61 84 32 43 83 92 19 17 40 98 24 88 55 8 20 7 97 14 39 11 66 58 95 96 41 73 22 27 46 81 74 79 5 44 38 30 48 52 82 6 1 89 78 29 21 60 59 18 76 23 71 34 93 99 47 57 86 42 16 68 62 2 63 33 65 51 31 64 37 45 26 75 80 50 12 91 53
    22 79 94 11 87 41 1 20 57 39 42 4 65 37 93 17 52 80 50 72 71 8 38 19 12 21 45 40 88 35 28 64 36 84 92 85 23 61 7 27 56 43 9 16 44 26 18 58 33 62 30 66 3 51 63 46 96 32 48 90 54 70 55 5 77 59 81 15 82 6 2 67 97 49 68 10 53 60 86 83 31 78 76 29 91 14 69 98 73 74 89 99 95 47 13 24 34 25 75
    91 33 66 49 80 78 41 6 50 62 22 19 60 47 45 27 57 40 92 38 55 83 98 76 85 17 82 53 11 24 42 25 87 99 37 52 1 8 65 23 73 61 35 67 72 77 84 88 97 7 69 21 4 12 10 32 14 29 70 95 56 96 15 13 44 5 86 81 75 34 16 74 48 18 26 58 68 31 59 63 20 90 71 43 54 79 36 51 30 89 93 46 2 64 3 94 28 39 9
    77 99 49 91 10 4 72 67 75 81 11 32 88 70 3 66 42 95 93 7 18 25 92 94 86 17 6 71 98 22 60 30 20 21 15 2 68 16 47 52 23 39 56 57 34 79 73 14 53 74 83 51 62 43 84 28 8 59 13 61 24 36 29 44 12 82 45 38 97 19 33 76 27 85 26 9 50 87 63 65 5 48 35 55 58 80 69 41 54 78 46 89 31 1 96 64 40 90 37
    4 41 2 88 51 25 76 3 43 62 1 11 70 49 95 33 87 50 22 56 73 12 45 13 17 86 64 9 48 6 44 89 20 63 46 55 68 85 96 54 18 75 30 59 24 16 10 98 72 47 52 19 80 97 28 8 5 60 53 36 81 27 34 67 40 71 79 58 84 23 7 32 37 78 82 91 69 38 93 65 90 74 42 15 14 26 66 99 83 39 35 29 57 21 61 94 31 77 92
    35 25 89 73 96 3 20 12 38 32 52 1 7 30 45 48 40 15 98 86 34 59 53 26 99 87 66 41 95 4 27 11 65 51 79 75 71 36 76 22 74 83 85 82 31 18 24 50 23 2 19 55 93 57 28 72 56 49 70 47 61 67 81 17 42 6 91 62 60 54 5 43 29 77 94 88 78 33 80 37 39 64 46 69 13 44 16 10 90 84 8 63 9 58 14 68 92 21 97
    2 82 99 38 6 93 16 1 57 89 72 44 58 88 21 54 55 95 68 46 97 64 50 34 96 25 15 83 35 7 27 75 31 53 24 19 91 23 13 30 22 87 73 69 37 71 98 26 20 39 80 11 60 33 5 70 81 10 32 48 76 92 90 18 52 29 79 56 12 4 28 51 14 77 41 94 49 62 86 3 63 8 78 9 45 84 40 67 61 47 74 66 43 36 85 65 59 17 42
    20 80 87 58 36 68 72 33 86 17 63 5 41 31 25 24 10 35 19 81 96 2 18 53 66 3 70 1 45 76 93 6 48 44 61 34 46 88 49 98 14 75 92 57 94 51 39 62 16 37 32 99 15 23 71 4 59 84 56 47 7 29 50 9 73 22 69 27 60 26 91 89 52 90 43 38 97 79 28 77 65 21 83 64 30 67 74 82 85 11 95 13 54 78 8 42 40 55 12
    49 80 31 46 2 89 45 7 10 19 75 56 88 51 6 97 92 78 25 57 18 79 22 52 1 28 85 38 24 47 91 93 72 86 61 83 42 12 98 14 73 40 43 66 37 82 55 99 64 63 96 60 81 23 8 48 17 33 35 70 36 94 44 59 53 16 32 69 29 20 84 13 39 9 11 15 58 54 34 3 67 26 77 74 21 76 27 4 30 50 90 41 65 71 62 95 68 87 5
    87 37 81 84 48 21 50 9 22 43 79 15 56 72 77 89 23 65 5 88 85 38 34 11 60 33 52 74 97 71 66 18 14 61 40 67 10 54 25 94 16 55 80 8 13 82 98 17 36 63 91 86 28 46 57 95 6 49 2 62 44 99 70 83 47 90 12 31 35 29 24 64 27 7 26 3 30 58 75 51 19 4 76 42 93 39 69 78 92 73 53 1 45 59 68 41 32 96 20
    8 17 83 73 14 41 40 32 1 74 94 97 15 34 93 47 43 3 27 12 38 75 13 77 71 36 5 89 61 80 84 26 90 96 51 31 48 82 35 59 22 86 16 67 20 11 63 7 76 62 45 54 2 18 33 92 95 58 23 50 28 72 60 88 55 68 49 85 24 98 44 87 10 46 91 65 4 81 56 52 53 6 21 79 37 9 57 25 30 29 39 64 69 70 99 66 19 42 78
    76 41 84 96 70 73 82 63 91 1 75 59 43 50 98 29 97 52 85 42 68 45 49 56 57 24 88 86 2 13 89 34 60 17 78 66 48 54 9 47 23 11 69 40 8 15 74 7 77 95 10 79 14 81 22 93 35 36 99 28 12 53 16 3 20 55 71 94 32 46 30 4 61 67 25 83 58 19 37 72 80 38 27 6 33 65 21 18 62 44 64 90 92 31 5 26 39 51 87
    73 66 53 15 91 2 33 47 14 5 26 70 49 68 25 78 59 19 20 44 99 61 10 52 6 89 77 8 95 83 21 84 55 58 87 24 92 60 37 43 16 76 67 4 17 86 62 22 94 71 74 40 98 65 69 57 80 90 36 45 29 93 50 63 88 81 42 41 96 85 18 28 51 54 35 11 27 39 13 48 3 79 97 38 34 31 32 12 9 1 7 82 75 46 64 30 72 56 23
    98 70 48 11 50 74 9 75 17 64 24 2 14 53 95 68 89 83 96 80 58 10 54 85 28 6 49 76 52 32 47 42 88 55 37 12 67 72 38 62 59 34 92 73 94 60 93 15 44 3 16 82 66 78 35 36 39 18 84 43 41 81 87 56 61 69 63 90 4 33 23 57 1 8 86 26 7 79 19 27 91 45 51 20 5 31 21 65 99 46 71 30 40 29 77 97 13 25 22
    3 52 25 59 31 45 35 2 69 19 57 74 1 93 23 67 81 32 43 84 55 46 91 78 33 76 99 63 38 83 95 88 79 98 39 12 92 27 54 68 62 26 10 70 41 15 73 75 18 77 66 90 22 48 9 97 49 71 34 47 21 40 82 29 80 58 60 72 87 51 20 94 24 30 17 96 5 14 89 37 11 85 50 86 61 28 65 13 44 64 16 6 8 36 7 4 42 56 53
    39 3 38 44 80 42 11 93 92 77 97 82 32 7 84 28 22 86 85 1 69 30 61 75 73 96 98 40 36 13 49 50 79 47 17 12 45 14 33 2 20 19 18 31 91 10 6 35 16 65 66 57 53 4 90 5 72 99 9 27 67 23 29 26 62 83 52 78 54 89 64 59 51 24 41 63 71 48 46 70 34 37 43 81 56 87 94 25 60 76 95 68 88 58 74 55 8 21 15
    49 53 92 25 22 8 1 86 24 45 34 97 46 62 48 89 16 69 29 15 18 30 27 13 67 56 2 81 28 59 61 11 90 65 76 66 3 91 74 23 71 12 77 52 44 26 21 72 79 94 32 40 82 55 93 78 70 4 17 57 5 68 6 51 54 50 95 87 20 47 75 35 60 43 85 39 63 33 58 42 98 83 31 96 36 7 80 10 99 41 37 19 9 73 64 84 14 88 38
    81 57 6 4 27 22 31 24 79 98 52 91 14 13 19 29 60 59 30 92 67 7 83 55 16 70 20 56 9 85 41 90 33 62 76 50 54 89 69 15 12 5 99 65 34 45 28 36 96 78 37 93 35 3 40 71 97 23 68 17 73 94 74 87 51 66 8 63 47 2 53 95 86 26 84 21 38 42 46 44 58 82 1 39 10 48 32 77 18 72 25 75 64 61 88 80 49 11 43
    13 17 59 8 92 5 23 49 97 7 87 39 31 18 80 72 90 6 79 61 55 12 46 69 34 4 82 48 60 85 83 26 88 53 32 42 20 50 63 77 81 1 57 24 67 98 40 94 38 43 58 65 10 99 78 75 71 29 45 3 54 47 89 73 41 28 64 19 44 36 30 11 95 16 21 70 33 74 62 56 68 25 14 91 51 96 93 86 84 35 22 15 52 9 76 37 66 2 27
    72 58 65 17 77 57 88 34 30 73 66 13 42 11 18 35 80 64 86 63 74 33 38 12 93 97 50 68 70 1 40 16 56 79 82 53 51 47 92 32 90 9 23 43 78 60 45 41 14 28 87 52 44 54 10 71 5 31 76 49 4 7 19 99 37 84 69 39 26 91 6 62 48 2 95 8 15 36 3 29 27 20 61 22 85 25 21 67 81 75 98 96 83 59 46 55 94 89 24
    35 90 16 51 79 69 53 46 74 7 89 61 75 30 55 23 11 52 87 28 41 80 70 59 39 33 58 43 50 67 68 88 99 6 64 94 56 57 34 22 14 29 54 86 62 40 72 45 76 81 85 5 12 77 42 38 37 2 93 63 36 60 66 13 84 19 21 26 20 82 10 47 3 27 24 95 25 8 44 98 92 73 49 17 97 48 96 1 32 15 9 83 31 71 18 65 91 78 4
    47 44 64 68 86 77 12 37 84 89 62 39 99 26 75 42 55 20 71 8 93 91 61 48 66 10 31 35 16 52 4 58 15 56 53 87 59 7 85 19 97 98 51 38 9 25 46 70 27 34 14 5 73 45 63 54 57 49 82 83 74 23 95 67 22 92 69 28 24 81 50 60 90 11 21 2 78 88 72 80 17 30 32 65 3 36 18 76 96 41 43 13 29 40 79 94 33 6 1
    89 79 69 86 77 52 61 85 87 46 71 39 59 54 29 20 1 37 62 78 91 99 38 88 31 50 57 43 33 5 26 28 27 97 17 25 7 68 40 15 55 74 67 47 9 44 63 60 83 90 82 2 93 53 66 34 80 72 48 58 11 96 65 12 70 24 32 94 13 3 95 84 14 45 98 92 4 51 21 35 19 30 75 56 6 22 76 42 10 18 8 73 81 49 41 36 23 16 64
    6 48 2 95 14 3 21 98 8 74 61 24 36 88 92 26 47 39 17 15 9 66 29 85 63 28 72 75 4 5 13 18 62 83 79 90 30 1 45 37 78 55 19 12 77 58 46 67 33 10 64 70 50 96 71 25 86 59 60 34 97 81 53 32 23 91 40 73 57 16 89 20 31 49 68 11 27 87 94 99 54 22 7 38 51 44 80 65 84 35 56 93 43 42 76 52 69 41 82
    44 26 41 42 52 19 7 91 54 55 95 6 16 85 17 64 31 59 76 70 32 81 61 72 5 97 87 39 18 49 2 63 51 10 74 71 83 77 58 73 68 28 94 60 24 66 34 89 15 9 84 90 33 62 12 50 69 88 65 4 79 78 57 11 53 13 47 25 29 1 3 82 92 75 14 38 48 20 23 56 80 96 93 27 40 67 43 37 22 21 30 99 45 86 98 8 36 46 35
    1 27 46 75 49 91 24 53 7 31 78 13 92 74 38 57 48 14 58 70 90 22 28 33 26 11 81 39 35 41 19 99 85 18 61 20 21 60 15 80 98 40 79 88 25 4 65 66 12 62 50 8 5 6 67 72 76 17 2 56 44 43 10 9 82 77 86 93 69 37 42 3 95 97 52 71 63 83 34 68 64 47 16 36 54 29 94 89 30 23 55 51 73 87 59 96 84 45 32
    36 50 11 57 49 21 22 71 41 14 2 78 67 29 15 84 3 39 10 58 75 81 80 23 65 92 88 90 66 5 6 86 77 74 35 17 97 8 9 72 34 70 54 26 1 82 52 32 20 55 87 59 16 76 44 42 12 47 40 94 93 25 79 51 4 63 91 68 53 85 60 33 98 95 13 99 64 18 45 96 30 89 56 62 43 19 24 61 31 37 48 46 7 27 38 28 83 73 69
    30 69 97 70 7 75 84 26 27 52 48 50 1 28 21 54 45 11 65 79 44 90 36 34 73 46 94 47 33 39 16 89 53 87 13 92 42 78 24 17 63 64 95 59 66 62 19 10 88 31 23 85 49 99 25 76 6 15 55 32 4 18 3 14 81 61 91 68 2 86 29 67 58 35 82 56 83 77 5 9 43 74 8 51 71 60 72 40 20 38 22 57 37 93 41 98 80 12 96
    2 50 64 89 42 45 69 80 74 28 85 66 27 30 18 43 92 51 60 3 10 65 1 57 22 46 9 29 32 67 12 4 82 99 55 58 81 61 98 6 19 16 88 94 14 23 20 73 13 75 31 96 44 11 41 26 25 17 35 62 21 77 90 56 7 34 48 86 52 68 47 33 36 71 95 78 79 87 70 54 59 97 93 39 72 8 53 24 40 76 38 83 49 15 91 37 63 5 84
    18 53 22 63 21 6 34 14 26 19 42 73 86 54 91 49 62 7 71 75 56 2 89 76 4 85 95 46 51 20 68 92 96 12 57 72 65 59 36 5 82 60 8 28 11 58 29 81 33 1 87 99 23 25 55 39 45 83 74 69 13 70 31 9 38 44 40 66 93 78 88 24 90 64 16 80 98 41 35 15 79 43 3 48 61 94 50 27 30 32 97 10 52 37 17 77 84 67 47
    70 29 2 57 93 23 69 52 89 81 30 45 97 74 67 27 85 16 10 80 71 51 33 68 96 31 73 63 32 61 46 72 82 9 39 34 20 25 78 76 54 24 8 94 3 50 17 21 18 37 4 65 66 42 87 98 53 99 77 36 38 19 44 75 59 47 83 5 11 64 12 90 95 91 6 13 40 79 86 62 1 14 58 55 56 88 49 84 26 15 48 60 92 28 43 22 41 7 35
    76 60 24 14 96 51 64 23 30 53 10 40 36 11 84 25 4 42 46 67 44 58 19 52 85 13 26 75 73 63 66 28 8 65 79 31 37 54 57 56 86 1 81 91 7 90 70 69 16 45 29 59 50 88 61 80 77 72 12 78 35 93 21 95 68 74 18 82 17 15 41 43 6 20 39 5 97 48 83 92 47 2 22 89 27 55 62 34 71 9 94 49 3 87 33 98 38 32 99
    83 54 67 73 37 5 2 9 60 92 87 23 84 70 8 30 63 86 16 21 48 90 39 33 56 17 36 24 72 93 79 28 66 55 61 26 25 52 59 34 89 13 45 96 35 29 97 94 64 78 81 1 12 10 11 31 65 99 51 18 53 85 14 44 80 91 38 49 75 46 50 6 58 82 74 76 43 20 71 4 77 15 62 47 95 42 7 3 41 68 32 27 88 69 98 19 22 57 40
    39 78 27 52 50 25 29 76 90 30 73 72 9 2 70 34 67 83 15 82 96 1 46 7 59 77 57 64 74 88 14 61 99 97 11 20 32 92 19 86 85 66 28 42 38 49 69 18 36 12 63 71 81 55 47 35 68 13 94 89 43 48 37 65 53 10 5 17 87 80 4 6 51 45 95 84 60 62 26 75 41 33 58 31 16 21 3 23 91 98 93 44 22 54 40 79 24 56 8
    3 73 43 38 85 98 11 14 60 31 45 36 40 87 96 94 6 89 63 27 2 35 58 29 52 75 23 26 17 56 59 18 34 67 97 28 86 99 4 15 76 93 48 90 7 9 77 10 16 55 65 47 42 49 25 50 57 5 91 92 39 83 53 82 74 1 71 20 22 81 61 66 46 51 12 79 69 19 44 80 24 21 32 8 54 37 70 72 95 84 64 78 33 30 13 62 68 88 41
    73 60 9 58 53 65 43 72 14 67 39 33 21 62 93 36 56 80 23 87 45 37 59 55 83 63 34 15 90 85 50 88 78 30 19 40 25 95 71 89 32 96 77 82 24 41 52 42 92 84 35 7 18 81 61 38 5 47 12 99 86 64 28 10 74 13 29 2 46 22 97 11 16 6 98 57 54 70 3 8 20 1 17 91 69 26 44 79 75 49 76 51 4 31 27 48 94 66 68
    56 78 92 73 19 49 80 74 76 48 10 83 84 27 53 4 89 61 8 40 91 62 15 23 50 65 1 18 12 34 5 47 20 57 99 31 38 63 98 43 36 45 33 11 51 17 68 52 79 14 37 24 42 44 46 32 55 25 39 35 94 59 28 70 64 69 82 81 16 90 30 58 21 66 7 9 95 96 85 26 41 77 22 2 86 97 6 13 71 3 72 87 93 75 67 88 60 29 54
    25 65 48 23 99 52 31 10 4 14 16 56 78 7 45 1 79 80 33 86 9 53 24 38 12 63 91 90 39 75 98 85 84 67 26 51 71 97 44 15 28 68 19 66 92 70 87 47 8 89 88 76 54 61 6 32 27 74 96 2 77 49 29 35 18 72 43 50 37 21 64 13 17 11 60 20 5 3 36 59 94 95 55 82 73 93 62 30 22 42 40 34 83 41 46 81 58 57 69
    80 12 19 62 2 79 35 61 16 30 21 23 83 63 44 82 8 18 78 22 76 64 46 94 52 74 43 32 72 60 41 56 33 17 26 96 65 84 66 85 99 98 45 14 70 53 25 97 50 92 51 20 4 86 24 13 93 68 81 28 55 47 49 77 67 42 54 39 71 10 69 91 34 48 37 58 90 11 73 3 29 88 5 1 15 59 9 36 89 95 27 40 38 87 7 31 57 75 6
    73 56 24 49 10 47 79 16 32 69 76 42 92 17 27 5 11 71 1 40 18 81 94 4 74 21 50 59 51 41 60 30 2 8 66 72 38 88 14 58 75 25 82 68 64 19 96 70 39 35 61 80 33 13 84 7 83 20 55 67 23 44 53 99 45 77 65 52 28 6 9 86 26 12 93 91 85 43 98 57 95 89 15 34 87 63 22 36 97 3 29 37 54 78 90 31 48 62 46
    26 60 13 25 84 46 86 66 99 85 40 71 53 54 89 12 80 93 8 16 56 29 79 10 58 21 59 33 42 15 92 82 75 22 7 36 41 47 64 90 20 19 39 11 23 37 17 83 73 31 28 24 30 88 65 77 32 63 91 62 69 81 55 74 67 49 18 9 68 5 52 98 96 34 72 27 14 57 76 48 51 78 38 45 4 6 94 97 95 50 61 2 87 3 44 43 70 35 1
    42 77 76 32 6 92 65 34 12 36 61 14 49 89 83 57 48 45 85 11 4 5 69 44 91 29 93 41 54 66 22 78 88 33 38 28 19 21 70 51 56 37 16 10 62 64 95 75 7 15 59 1 50 40 8 9 58 73 2 25 52 71 53 82 27 18 26 87 68 20 46 67 74 81 13 17 24 97 39 84 30 23 72 35 94 47 60 99 79 3 80 98 43 96 90 86 63 31 55
    18 26 97 20 27 14 61 67 42 64 8 33 36 92 38 35 65 69 95 73 41 53 86 94 77 19 4 16 10 99 25 66 49 71 70 15 85 81 9 52 55 37 78 23 87 83 31 22 93 88 74 90 29 1 13 30 21 79 75 72 6 5 45 63 60 7 62 24 2 76 96 48 91 68 82 32 39 11 89 56 54 12 3 17 98 28 47 57 46 43 59 40 84 58 51 80 34 50 44
    51 98 57 76 25 6 35 83 52 81 68 31 2 13 73 67 72 74 99 92 30 19 56 59 11 12 34 24 41 37 95 87 93 90 78 89 28 91 23 64 7 47 39 80 45 32 69 77 48 44 3 16 43 88 36 94 46 71 40 84 60 27 86 50 9 61 1 49 97 10 29 65 54 53 85 8 58 38 96 75 20 79 5 63 4 66 55 18 42 21 70 33 22 62 17 82 14 26 15
    16 41 13 15 31 52 24 2 97 42 44 59 75 84 7 74 54 72 71 67 78 49 10 96 85 83 34 53 5 22 93 43 25 29 1 88 46 73 6 87 76 26 9 28 98 4 48 66 11 91 33 50 90 55 57 37 92 8 61 89 39 30 38 81 64 70 32 17 65 60 27 58 63 62 94 19 79 47 20 86 21 12 99 56 14 40 36 51 35 80 77 3 68 23 45 82 18 69 95
    34 94 14 76 96 93 19 36 90 8 37 56 47 12 42 18 65 57 35 62 9 91 25 48 2 45 31 87 71 1 24 13 52 92 78 66 27 11 23 75 4 40 80 83 61 43 70 77 98 10 69 7 26 72 15 44 21 74 86 53 41 3 68 97 82 59 54 64 58 79 63 5 29 51 32 49 99 22 50 30 17 39 85 84 38 46 73 60 81 6 33 28 55 95 67 20 88 16 89
    28 86 69 55 25 88 12 60 36 37 75 64 67 68 65 39 85 99 17 41 96 97 51 94 27 34 26 57 6 54 31 24 2 16 22 46 73 45 79 95 49 93 42 10 80 53 18 3 9 4 35 38 78 70 63 29 13 1 33 72 76 30 71 61 11 62 90 56 84 15 8 40 92 89 77 43 50 91 81 74 44 87 83 20 59 82 23 5 32 47 48 7 19 98 14 58 66 52 21
    57 62 23 78 37 56 83 93 16 45 94 60 8 41 49 89 72 68 95 92 26 7 87 54 9 21 19 44 34 82 53 5 31 91 66 52 85 79 25 61 65 17 55 51 80 64 35 6 29 81 1 76 74 69 36 48 84 33 3 13 42 90 97 11 43 96 38 98 10 18 27 39 40 88 73 30 46 20 71 58 86 77 75 47 63 12 4 28 99 14 22 50 32 24 15 70 67 59 2
    43 32 85 6 60 37 47 57 82 52 80 3 93 29 39 48 90 23 51 38 36 74 64 76 45 99 12 14 81 4 91 63 94 41 73 21 66 5 89 65 17 75 35 59 78 28 1 20 40 44 61 56 54 33 87 71 55 50 2 67 97 70 8 27 72 83 13 86 7 18 10 46 22 79 19 98 95 58 25 9 24 88 69 96 68 15 53 77 11 26 92 30 49 62 16 34 84 42 31
    97 79 50 41 10 34 53 91 85 82 8 12 83 94 39 63 69 14 73 88 68 30 1 17 81 38 29 32 31 2 23 93 33 58 28 22 56 90 96 20 40 78 13 46 16 6 51 71 84 98 48 60 86 45 99 49 3 89 92 64 35 54 26 62 57 47 25 9 52 87 43 61 66 76 65 80 27 5 74 70 37 7 72 19 75 95 11 21 18 15 42 24 67 44 4 36 59 77 55
    31 2 18 19 81 38 40 65 26 35 67 72 8 74 17 29 52 93 34 86 44 6 56 76 58 27 78 54 79 82 49 45 41 90 77 14 12 50 33 84 43 46 83 96 28 15 47 25 13 73 39 37 51 70 36 16 22 57 98 30 97 88 55 11 91 62 95 92 89 32 61 66 1 68 9 20 3 85 5 80 60 42 21 69 23 71 53 10 59 63 99 48 94 7 75 24 4 87 64
    51 64 26 45 44 85 67 18 86 94 56 61 14 16 43 81 6 40 39 42 69 31 80 65 83 54 36 47 58 78 3 71 73 17 84 38 88 87 4 53 34 11 93 10 20 37 59 25 99 13 12 63 96 79 72 89 21 48 15 22 1 97 49 74 55 66 23 50 90 98 76 91 7 95 35 24 41 30 28 32 52 5 19 9 29 62 46 77 75 82 8 2 57 92 27 68 60 33 70
    5 14 41 38 70 92 17 77 3 82 47 52 86 29 22 6 37 23 56 88 68 36 15 50 65 94 93 16 90 64 62 54 57 39 46 9 26 63 11 85 45 72 44 40 30 69 8 32 59 13 19 35 1 58 2 98 66 33 78 20 91 73 96 71 76 31 24 53 12 60 51 27 49 67 80 84 61 42 81 34 7 18 21 48 10 55 43 87 28 89 4 74 95 83 75 25 97 79 99
    77 85 51 33 46 7 13 84 79 31 29 5 39 83 72 21 37 40 90 42 53 73 97 89 17 35 15 66 8 12 24 23 25 55 18 92 58 80 28 36 69 10 56 4 82 68 32 19 62 14 64 52 65 70 88 48 75 74 1 54 27 20 9 57 61 91 67 44 87 16 96 49 99 34 3 78 43 59 81 2 60 86 30 71 76 93 50 26 38 98 45 47 22 63 6 94 11 41 95
    53 36 83 14 31 12 44 4 52 77 19 9 38 5 48 80 70 94 79 42 1 29 59 84 16 50 68 88 8 97 98 40 51 17 33 43 60 82 15 18 13 57 73 49 6 92 81 99 74 45 89 10 24 63 20 22 61 46 66 90 54 75 34 26 25 95 32 78 30 62 37 2 23 91 11 3 41 7 72 58 65 56 87 93 39 27 76 69 67 71 35 86 21 64 55 28 85 96 47
    67 74 57 99 35 69 40 5 76 6 43 25 29 36 92 23 3 98 58 11 42 16 53 31 47 79 94 85 20 82 89 83 33 65 37 30 28 18 26 61 34 52 66 59 54 44 13 10 48 84 19 81 72 97 14 32 78 8 46 38 70 45 1 51 60 24 41 71 96 64 63 2 86 80 87 21 49 22 39 12 77 88 50 95 27 75 17 9 55 15 73 56 93 4 68 90 91 62 7
    26 39 86 12 70 53 67 93 15 27 23 54 69 91 34 72 2 25 94 6 9 33 3 21 22 59 20 99 41 81 56 36 62 97 65 78 4 38 44 90 80 37 74 73 32 24 84 47 60 76 30 8 42 79 75 95 1 52 96 63 77 19 85 16 50 35 98 61 92 66 43 88 51 13 57 10 55 71 87 11 82 46 83 29 48 49 40 7 89 18 28 14 5 17 68 31 64 45 58
    98 10 74 49 91 46 12 18 76 9 17 16 8 52 31 37 70 1 26 64 32 15 41 29 82 48 69 34 51 87 53 44 60 92 75 84 99 66 57 43 39 93 88 4 61 58 36 78 20 35 62 96 77 33 54 45 6 22 59 28 27 42 95 71 21 5 55 89 80 63 23 19 81 85 50 86 79 97 3 67 11 73 83 2 25 40 7 30 68 47 56 65 38 14 90 24 13 72 94
    34 8 43 7 87 96 12 3 42 85 4 86 92 72 91 62 59 27 98 46 68 21 35 6 74 18 33 44 24 66 71 38 84 23 30 97 20 93 88 15 61 80 45 31 19 36 14 60 78 57 99 58 1 83 75 63 94 77 67 5 28 37 65 16 55 50 25 90 29 89 82 70 41 51 13 9 26 17 81 11 10 56 39 64 52 79 2 47 53 95 32 22 76 48 73 54 49 69 40
    88 71 28 97 6 65 22 44 46 38 45 81 83 27 98 8 34 19 95 84 37 74 79 24 64 67 90 25 40 16 49 47 78 89 23 31 17 3 12 72 54 13 63 55 76 66 15 87 91 48 73 18 58 60 50 41 7 20 21 30 35 77 59 11 5 51 94 26 33 96 69 56 1 75 2 82 92 85 86 93 70 9 29 14 68 10 52 4 32 42 99 80 61 39 36 43 62 57 53
    9 76 27 67 78 40 72 80 91 19 75 96 66 37 20 92 8 52 34 70 56 57 16 99 97 55 73 47 1 54 95 39 84 14 6 94 28 18 82 59 43 49 74 62 32 87 71 44 45 48 65 23 30 35 77 41 68 31 90 12 17 26 25 42 46 13 4 36 86 7 5 83 21 24 58 51 69 29 33 60 50 85 88 61 2 81 79 89 64 22 93 11 53 38 15 10 3 98 63
    47 24 8 5 27 96 34 84 35 21 64 46 67 22 3 20 23 39 80 33 85 44 74 89 13 50 66 78 75 1 15 31 54 62 92 70 6 36 71 58 98 68 90 16 81 52 87 82 29 95 91 79 99 51 2 49 9 40 93 83 32 11 77 7 72 57 25 12 4 30 28 17 38 94 63 65 97 76 48 18 45 69 88 86 43 61 59 53 37 42 56 19 41 60 10 73 55 26 14
    48 16 40 54 25 91 17 96 50 66 1 83 79 59 90 20 98 52 8 93 71 24 12 28 89 67 27 87 38 55 18 33 85 53 74 80 49 10 14 76 73 42 56 99 72 4 77 69 22 11 45 23 37 15 34 58 70 31 97 46 51 41 19 30 81 43 9 94 36 64 7 86 44 32 29 3 62 2 21 63 60 75 61 6 47 78 35 82 5 57 39 88 68 26 95 13 92 65 84
    57 59 55 60 33 37 32 65 40 74 19 78 2 21 73 98 45 66 14 89 4 54 51 47 77 95 53 94 48 30 29 99 83 10 71 80 81 9 50 20 36 88 26 12 16 68 22 61 11 3 31 23 28 44 58 34 39 87 92 15 56 25 91 41 13 27 85 24 64 8 97 38 18 79 52 35 86 69 93 75 63 5 46 76 84 17 7 1 43 42 82 49 62 70 67 96 6 90 72
    61 94 52 92 68 87 20 13 9 93 46 57 90 30 95 60 55 79 78 62 71 2 70 99 75 84 22 37 48 43 16 27 64 32 69 88 7 91 39 73 5 56 82 34 11 76 72 28 10 77 18 96 29 50 66 58 80 36 41 89 12 33 6 17 59 15 25 35 3 31 63 51 53 21 38 23 86 49 85 4 44 42 54 81 98 47 14 19 24 1 45 26 97 83 67 8 40 74 65
    49 68 43 9 92 79 28 37 75 31 54 90 39 86 6 18 52 71 51 14 27 77 60 22 82 61 4 44 45 56 50 63 95 85 36 57 48 2 24 94 15 8 20 46 89 16 19 72 80 99 38 98 33 81 78 12 40 7 62 5 73 66 96 65 42 67 53 69 41 70 25 26 47 23 58 13 21 29 35 83 91 97 59 32 84 11 34 10 17 1 93 76 3 87 74 88 55 30 64
    93 74 59 37 81 98 19 16 17 68 3 86 87 44 34 6 40 79 22 9 32 26 73 64 85 12 4 43 51 15 21 29 97 89 52 88 54 60 50 28 49 5 11 1 76 63 38 90 99 95 31 39 58 94 77 18 96 42 66 27 47 84 45 82 65 30 7 25 46 78 62 20 67 2 41 69 71 10 92 8 53 72 14 75 61 23 24 55 57 48 70 13 36 56 33 91 80 35 83
    26 87 47 65 54 16 49 8 32 70 43 39 78 59 41 99 4 24 33 19 42 64 50 38 98 63 10 91 35 15 29 61 53 52 17 36 71 55 77 79 90 11 85 92 69 95 86 7 68 34 84 31 12 89 57 3 37 93 75 22 28 60 48 62 80 83 1 45 56 14 40 46 44 94 21 67 51 76 96 27 73 30 74 97 23 66 20 5 88 58 81 72 18 82 25 9 2 13 6
    28 40 88 64 87 82 91 21 52 29 5 6 70 11 66 99 27 74 89 16 49 83 10 34 37 45 4 50 60 63 43 8 2 79 90 72 78 22 19 17 69 57 39 31 35 58 7 30 46 25 77 59 48 1 71 84 85 96 33 98 3 92 41 61 93 65 67 81 15 75 73 24 86 55 14 47 38 26 12 18 9 54 80 32 68 56 76 94 97 13 62 95 53 44 36 51 42 23 20
    24 29 11 98 82 70 54 77 23 3 37 57 40 17 67 72 18 78 51 84 75 4 83 21 74 6 26 7 71 94 30 63 14 46 62 88 25 8 69 20 93 5 43 87 92 42 90 89 38 55 49 95 58 1 86 34 85 32 33 97 80 28 50 22 68 96 48 15 27 81 91 73 16 79 19 60 99 45 12 9 65 36 41 13 39 76 59 10 64 2 66 53 56 44 61 35 52 31 47
    88 74 3 65 54 8 18 80 11 37 59 83 35 39 79 29 20 28 60 19 15 27 14 40 85 84 43 6 31 10 12 41 22 30 38 24 23 13 48 21 16 63 25 97 77 67 92 2 9 66 26 87 95 49 56 64 5 62 70 17 82 42 1 58 71 96 68 46 32 44 89 81 73 4 99 57 33 34 53 72 78 76 51 61 47 91 93 98 86 69 52 90 45 75 94 36 50 7 55
    83 85 88 47 70 42 50 71 48 49 52 39 56 55 17 69 98 6 32 90 29 1 89 20 78 36 10 27 91 80 64 57 40 43 59 18 96 5 82 38 33 99 34 54 61 16 73 45 2 24 62 46 93 22 21 79 51 15 76 35 4 95 81 66 23 12 14 74 11 84 65 8 44 86 60 72 67 68 30 31 53 25 92 9 7 37 94 63 97 26 13 75 87 77 19 58 28 41 3
    68 53 66 48 55 42 19 56 43 5 34 50 62 72 81 92 11 90 73 96 1 79 15 63 82 76 59 45 36 2 37 52 95 8 51 13 16 67 32 23 61 25 85 65 22 47 14 86 6 71 4 83 77 28 17 18 69 49 46 89 12 7 87 57 26 64 91 60 99 88 35 93 97 70 74 41 33 24 84 20 44 58 21 80 9 94 31 3 10 29 38 78 75 27 98 30 39 54 40
    44 54 10 63 26 76 52 69 84 33 16 82 86 34 48 95 8 43 9 56 5 27 58 24 98 96 23 28 53 90 41 51 50 60 75 38 1 6 3 72 59 46 55 94 36 45 78 37 39 22 79 77 91 11 97 40 83 4 2 92 88 12 68 93 47 62 70 57 15 65 13 35 42 30 89 14 71 21 18 80 67 74 85 87 73 99 64 25 81 17 31 19 61 32 66 20 7 29 49
    89 88 58 33 77 6 74 73 56 84 20 27 49 18 63 99 22 65 43 93 16 95 30 98 7 79 41 80 36 46 83 10 94 76 61 62 24 52 92 35 48 78 72 70 29 13 86 45 54 67 44 31 64 19 15 87 91 4 9 96 69 57 25 14 68 71 81 2 53 21 47 12 28 59 3 37 55 1 8 60 34 85 97 23 50 39 51 90 75 32 82 5 17 66 42 38 40 26 11
    27 26 31 39 69 12 82 60 17 23 55 11 73 76 25 68 58 78 44 88 19 63 61 71 6 96 38 70 30 74 35 66 64 85 28 29 50 2 84 94 90 14 41 7 80 93 89 10 54 92 77 86 1 81 36 9 18 59 72 52 98 20 48 4 5 53 8 13 83 45 40 67 99 22 46 62 16 49 15 34 43 33 47 51 65 91 79 97 56 87 57 21 95 42 75 32 37 3 24
    99 63 16 32 93 68 96 36 76 86 9 24 54 79 90 89 31 13 23 81 50 27 45 84 66 35 70 75 56 38 80 69 85 82 42 30 67 83 22 51 7 60 26 39 59 49 1 4 91 2 61 58 52 65 10 15 11 78 44 53 95 64 97 41 88 72 5 55 57 28 74 62 40 46 71 8 33 87 6 20 47 73 37 18 14 98 17 77 29 94 48 34 21 25 12 19 3 43 92
    91 77 74 29 56 84 92 87 11 38 70 34 46 62 21 72 39 43 14 82 32 9 54 59 50 68 1 96 88 25 57 10 48 85 81 69 26 4 18 49 64 86 53 7 67 66 89 99 98 20 65 44 55 37 22 33 8 94 83 5 36 3 24 2 12 63 75 6 42 23 76 27 15 28 45 93 95 71 58 61 40 19 97 31 41 16 47 51 13 17 73 35 30 78 60 90 52 79 80
    5 53 95 89 16 51 27 11 73 7 90 30 9 94 65 8 12 4 87 17 28 59 67 10 77 41 86 91 26 99 20 79 96 34 46 58 36 42 44 98 52 15 29 6 54 55 64 38 68 84 70 74 23 63 83 45 22 69 18 71 33 14 43 48 60 3 88 61 62 47 25 76 81 32 2 24 56 50 97 40 1 82 75 85 80 66 35 92 39 13 57 49 37 31 78 93 19 72 21

